12928598.787547708 4891083.276981018
12928602.620839627 4891082.237891426
12928606.454131547 4891081.198801951
12928610.287550125 4891080.160518109
12928614.122884326 4891079.134417677
12928617.958218532 4891078.108317352
12928621.793552736 4891077.08221713
12928625.628886938 4891076.056117016
12928629.46422114 4891075.030017008
12928633.299555345 4891074.003917111
12928637.134889547 4891072.977817317
12928640.972564442 4891071.96690122
12928644.811876824 4891070.966607275
12928648.651182778 4891069.966271188
12928652.490481677 4891068.9658887945
12928656.329780571 4891067.965506496
12928660.169079466 4891066.965124302
12928664.00837836 4891065.964742208
12928667.847677257 4891064.964360216
12928671.68697615 4891063.963978322
12928675.526275046 4891062.963596532
12928679.368124088 4891061.980363173
12928683.213868212 4891061.023322178
12928687.059612337 4891060.066281272
12928690.90535646 4891059.109240467
12928694.751100585 4891058.152199749
12928698.59684471 4891057.195159123
12928702.442588832 4891056.238118593
12928706.289716331 4891055.290803375
12928710.140985288 4891054.372602964
12928713.992254244 4891053.45440264
12928717.8435232 4891052.536202395
12928721.694792153 4891051.618002247
12928725.54606111 4891050.699802177
12928729.397330066 4891049.781602191
12928733.248599023 4891048.863402291
12928737.100843588 4891047.952351674
12928740.956885276 4891047.0691261
12928744.812926965 4891046.1859006
12928748.668968651 4891045.302675184
12928752.52501034 4891044.419449843
12928756.381052028 4891043.536224587
12928760.237093713 4891042.652999403
12928764.096176649 4891041.793102281
12928767.957846135 4891040.953045461
12928771.819515625 4891040.112988719
12928775.681185115 4891039.272932041
12928779.542854603 4891038.4328754395
12928783.40452409 4891037.592818906
12928787.26619358 4891036.752762444
12928791.127863068 4891035.912706061
12928794.991968097 4891035.092422262
12928798.859724768 4891034.301783824
12928802.72748144 4891033.511145447
12928806.59523811 4891032.720507127
12928810.462994782 4891031.929868875
12928814.330751453 4891031.13923068
12928818.198508125 4891030.348592558
12928822.066264799 4891029.557954493
12928825.934021467 4891028.767316494
12928829.801778141 4891027.976678555
12928833.672064118 4891027.207915114
12928837.54539612 4891026.4654949065
12928841.418728119 4891025.723074756
12928845.292060116 4891024.980654652
12928849.165392116 4891024.238234613
12928853.038724115 4891023.495814628
12928856.912056115 4891022.753394697
12928860.785388114 4891022.0109748235
12928864.6618015 4891021.297157999
12928868.54099408 4891020.609139111
12928872.42018666 4891019.92112027
12928876.299379243 4891019.233101478
12928880.178571822 4891018.545082733
12928884.057764404 4891017.857064039
12928887.936956985 4891017.169045392
12928891.816149566 4891016.481026791
12928895.695342146 4891015.793008238
12928899.574534725 4891015.104989734
12928903.455431387 4891014.433752635
12928907.3372869 4891013.77195818
12928911.219142418 4891013.1101637725
12928915.100997936 4891012.448369413
12928918.982853452 4891011.78657509
12928922.867112359 4891011.149693021
12928926.752837656 4891010.528010816
12928930.638562951 4891009.906328652
12928934.524288248 4891009.284646526
12928938.410013549 4891008.662964439
12928942.298675017 4891008.07363606
12928946.18756916 4891007.486871537
12928950.076463308 4891006.9001070475
12928953.965357449 4891006.313342599
12928957.854251593 4891005.726578185
12928961.74333891 4891005.142083446
12928965.635572633 4891004.5945564015
12928969.527806353 4891004.047029393
12928973.420040073 4891003.4995024055
12928977.312273793 4891002.951975456
12928981.204507513 4891002.404448538
12928985.096741233 4891001.856921645
12928988.988974955 4891001.309394784
12928992.881208675 4891000.761867955
12928996.773442395 4891000.214341158
12929000.665676115 4890999.666814383
12929004.557909835 4890999.119287645
12929008.452101044 4890998.596444602
12929012.34729494 4890998.086245294
12929016.242488835 4890997.576046005
12929020.137682728 4890997.065846751
12929024.032876622 4890996.555647522
12929027.928070515 4890996.0454483135
12929031.82326441 4890995.535249134
12929035.718458306 4890995.025049984
12929039.614231108 4890994.522872943
12929043.513539331 4890994.069687143
12929047.412847549 4890993.616501374
12929051.312155772 4890993.16331562
12929055.211463992 4890992.710129884
12929059.11077221 4890992.256944174
12929063.010080433 4890991.803758485
12929066.909388654 4890991.35057281
12929070.808696873 4890990.897387161
12929074.70917401 4890990.461884368
12929078.610018788 4890990.031943132
12929082.510863569 4890989.602001908
12929086.41170835 4890989.172060707
12929090.312553128 4890988.7421195265
12929094.213397905 4890988.31217836
12929098.114997843 4890987.89477823
12929102.019150734 4890987.519775446
12929105.923303623 4890987.144772679
12929109.827456512 4890986.769769922
12929113.731609402 4890986.394767183
12929117.635762291 4890986.019764452
12929121.539915184 4890985.644761737
12929125.445395384 4890985.294579959
12929129.351402871 4890984.954258509
12929133.257410357 4890984.613937061
12929137.163563447 4890984.276531253
12929141.070190016 4890983.948606278
12929144.976816585 4890983.620681321
12929148.883443154 4890983.292756373
12929152.79006972 4890982.964831436
12929156.696696293 4890982.636906506
12929160.603322858 4890982.308981593
12929164.509949427 4890981.981056686
12929168.417995516 4890981.683761013
12929172.326268625 4890981.391363766
12929176.234541735 4890981.098966518
12929180.142814843 4890980.806569285
12929184.05108795 4890980.514172058
12929187.959661094 4890980.229155487
12929191.869578676 4890979.977211185
12929195.77949626 4890979.725266884
12929199.689413844 4890979.473322595
12929203.599331427 4890979.2213783115
12929207.50924901 4890978.969434034
12929211.419166595 4890978.717489763
12929215.329476833 4890978.476825632
12929219.240703164 4890978.262478697
12929223.151929498 4890978.048131762
12929227.063155828 4890977.833784839
12929230.974382162 4890977.619437914
12929234.885608492 4890977.405091001
12929238.796834826 4890977.190744085
12929242.708061157 4890976.976397181
12929246.619575989 4890976.772213243
12929250.532173544 4890976.606170701
12929254.4447711 4890976.440128166
12929258.357368656 4890976.274085635
12929262.269966211 4890976.10804311
12929266.182563765 4890975.942000581
12929270.09516132 4890975.775958052
12929274.007758876 4890975.609915535
12929277.920356432 4890975.443873013
12929281.832953988 4890975.277830498
12929285.74562285 4890975.114796408
12929289.658562189 4890974.963174572
12929293.571501527 4890974.811552739
12929297.48444087 4890974.659930903
12929301.397380209 4890974.50830907
12929305.310544133 4890974.368899323
12929309.224526487 4890974.273992961
12929313.138508841 4890974.179086606
12929317.052491195 4890974.084180248
12929320.966473548 4890973.989273891
12929324.880455904 4890973.894367536
12929328.794438256 4890973.79946118
12929332.70842061 4890973.704554829
12929336.622402964 4890973.609648477
12929340.536404215 4890973.516220773
12929344.450622572 4890973.439781158
12929348.364840927 4890973.36334154
12929352.279059283 4890973.286901928
12929356.193277637 4890973.210462312
12929360.107495992 4890973.1340227
12929364.021714348 4890973.05758309
12929367.935932705 4890972.981143475
12929371.85015106 4890972.904703861
12929375.764369413 4890972.828264253
12929379.67858777 4890972.75182464
12929383.592848422 4890972.679640179
12929387.50726159 4890972.622798762
12929391.421674754 4890972.565957343
12929395.336087918 4890972.509115924
12929399.250501085 4890972.452274509
12929403.16491425 4890972.395433094
12929407.079327416 4890972.3385916725
12929410.993798727 4890972.290635834
12929414.908381615 4890972.259730253
12929418.822964504 4890972.2288246695
12929422.737547392 4890972.197919085
12929426.65213028 4890972.167013504
12929430.56671317 4890972.13610792
12929434.481296057 4890972.105202337
12929438.39590436 4890972.080958323
12929442.310527876 4890972.060699464
12929446.225151386 4890972.040440602
12929450.1397749 4890972.020181744
12929454.05439841 4890971.999922888
12929457.969021922 4890971.979664027
12929461.883645434 4890971.959405167
12929465.798268946 4890971.939146305
12929469.712892458 4890971.918887451
12929473.627515968 4890971.898628593
12929477.542139547 4890971.878391449
12929481.45676323 4890971.858189922
12929485.371386915 4890971.837988394
12929489.286021002 4890971.823528844
12929493.20067387 4890971.819434693
12929497.115326742 4890971.815340543
12929501.02997961 4890971.811246394
12929504.944632478 4890971.807152243
12929508.859285347 4890971.803058097
12929512.773938216 4890971.798963946
12929516.688591085 4890971.794869793
12929520.603243954 4890971.7907756455
12929524.517897334 4890971.788354817
12929528.432551453 4890971.788354817
12929532.34720557 4890971.788354817
12929536.261859689 4890971.788354817
12929540.176513808 4890971.788354817
12929544.091167927 4890971.788354817
12929548.005822046 4890971.788354817
12929551.920476167 4890971.788354817
12929555.835130284 4890971.788354817
12929559.749784403 4890971.788354817
12929563.66443852 4890971.788354817
12929567.57909264 4890971.788354817
12929571.493746758 4890971.788354817
12929575.408400876 4890971.788354817
12929579.323054966 4890971.788996104
12929583.237709051 4890971.789661881
12929587.152363136 4890971.790327661
12929591.067017222 4890971.790993433
12929594.981671307 4890971.79165921
12929598.896325393 4890971.792324988
12929602.81097948 4890971.7929907665
12929606.725633565 4890971.793656545
12929610.64028765 4890971.7943223175
12929614.554941736 4890971.794988097
12929618.469595822 4890971.795653869
12929622.384249907 4890971.796319646
12929626.298903992 4890971.796985421
12929630.213558078 4890971.797651194
12929634.128212163 4890971.798316975
12929638.04286625 4890971.798982751
12929641.957520336 4890971.799648527
12929645.872174421 4890971.8003143035
12929649.786828507 4890971.800980081
12929653.701482596 4890971.801645857
12929657.616136681 4890971.802311629
12929661.530790767 4890971.802977409
12929665.445444852 4890971.803643187
12929669.360098938 4890971.804308958
12929673.274753023 4890971.804974735
12929677.189407108 4890971.805640511
12929681.104061194 4890971.806306288
12929685.01871528 4890971.806972064
12929688.933369366 4890971.8076378405
12929692.848023452 4890971.808303617
12929696.762677537 4890971.808969393
12929700.677331623 4890971.80963517
12929704.591985708 4890971.81030095
12929708.506639795 4890971.810966718
12929712.42129388 4890971.811632499
12929716.335947966 4890971.812298272
12929720.250602052 4890971.812964047
12929724.165256137 4890971.813629827
12929728.079910222 4890971.8142956
12929731.994564308 4890971.8149613775
12929735.909218393 4890971.815627155
12929739.823872479 4890971.816292933
12929743.738526566 4890971.816958711
12929747.653180651 4890971.817624483
12929751.567834737 4890971.818290263
12929755.482488822 4890971.818956032
12929759.397142908 4890971.819621812
12929763.311796993 4890971.820287589
12929767.226451078 4890971.820953361
12929771.141105164 4890971.821619141
12929775.05575925 4890971.822284917
12929778.970413338 4890971.822950694
12929782.885067424 4890971.823616471
12929786.79972151 4890971.824282247
12929790.714375595 4890971.824948023
12929794.62901892 4890971.836648463
12929798.54366155 4890971.849060083
12929802.45830418 4890971.861471698
12929806.37294681 4890971.873883312
12929810.287589442 4890971.8862949265
12929814.202232072 4890971.89870654
12929818.116874702 4890971.91111816
12929822.031517334 4890971.92352977
12929825.946159964 4890971.935941389
12929829.860802595 4890971.948353001
12929833.775445225 4890971.9607646195
12929837.690087857 4890971.973176229
12929841.604731232 4890971.982338139
12929845.519378845 4890971.97299787
12929849.43402646 4890971.963657594
12929853.34867407 4890971.954317319
12929857.263321683 4890971.944977049
12929861.177969294 4890971.9356367765
12929865.092616908 4890971.926296506
12929869.007264521 4890971.91695623
12929872.921912136 4890971.907615963
12929876.836559746 4890971.898275686
12929880.75120736 4890971.888935416
12929884.665854974 4890971.879595146
12929888.580502586 4890971.870254873
12929892.49515069 4890971.861621847
12929896.40980481 4890971.861621847
12929900.32445893 4890971.861621847
12929904.239113048 4890971.861621847
12929908.153767167 4890971.861621847
12929912.068418598 4890971.857576282
12929915.983066797 4890971.848666471
12929919.897714993 4890971.839756665
12929923.812363192 4890971.830846854
12929927.727012102 4890971.827449046
12929931.64166237 4890971.834634379
12929935.556312637 4890971.841819716
12929939.470962908 4890971.849005042
12929943.385613177 4890971.85619038
12929947.300263444 4890971.863375713
12929951.214913713 4890971.8705610465
12929955.12956398 4890971.87774638
12929959.04421425 4890971.884931713
12929962.95886452 4890971.89211705
12929966.873514788 4890971.899302376
12929970.788165055 4890971.906487714
12929974.702815324 4890971.913673047
12929978.617465591 4890971.920858379
12929982.532115862 4890971.928043713
12929986.44676613 4890971.935229047
12929990.361416398 4890971.942414381
12929994.276068006 4890971.947100048
12929998.19071789 4890971.952637224
12930002.105364164 4890971.962893757
12930006.020010438 4890971.973150285
12930009.93465671 4890971.983406818
12930013.849302987 4890971.99366335
12930017.763949258 4890972.003919883
12930021.678595532 4890972.014176411
12930025.593244916 4890972.020367084
12930029.507899035 4890972.020367084
12930033.422553152 4890972.020367084
12930037.337207275 4890972.020367084
12930041.251861392 4890972.020367084
12930045.166515512 4890972.020367084
12930049.08116963 4890972.020367084
12930052.995823748 4890972.020367084
12930056.910477865 4890972.020367084
12930060.825131986 4890972.020367084
12930064.739786103 4890972.020367084
12930068.654440226 4890972.020367084
12930072.569094343 4890972.020367084
12930076.483748462 4890972.020367084
12930080.39840258 4890972.020367084
12930084.3130567 4890972.020367084
12930088.227710817 4890972.020367084
12930092.142364936 4890972.020367084
12930096.057019053 4890972.020367084
12930099.971673174 4890972.020367084
12930103.886327293 4890972.020367084
12930107.800981414 4890972.020367084
12930111.71563553 4890972.020367084
12930115.63028965 4890972.020367084
12930119.544943767 4890972.020367084
12930123.459597887 4890972.020367084
12930127.374252005 4890972.020367084
12930131.288906123 4890972.020367084
12930135.203560244 4890972.020367084
12930139.118214363 4890972.020367084
12930143.03286848 4890972.020367084
12930146.947508479 4890972.007865668
12930150.862145482 4890971.99271746
12930154.776782488 4890971.977569243
12930158.691419495 4890971.962421031
12930162.606056502 4890971.947272819
12930166.520693509 4890971.9321246045
12930170.435330516 4890971.916976391
12930174.349967523 4890971.901828183
12930178.264617605 4890971.898255363
12930182.179221632 4890971.875196274
12930186.093812482 4890971.846068851
12930190.008403331 4890971.816941436
12930193.92299418 4890971.787814015
12930197.83758503 4890971.758686596
12930201.752175879 4890971.729559177
12930205.66676673 4890971.700431754
12930209.581357578 4890971.671304335
12930213.495948426 4890971.642176913
12930217.410539275 4890971.613049499
12930221.325130124 4890971.583922076
12930225.239562845 4890971.530119761
12930229.153976345 4890971.473317732
12930233.068389844 4890971.416515708
12930236.982667979 4890971.346923448
12930240.896781977 4890971.261822197
12930244.810895976 4890971.176720946
12930248.72500997 4890971.0916196965
12930252.639123967 4890971.006518451
12930256.553237965 4890970.921417204
12930260.467351962 4890970.83631596
12930264.38146596 4890970.751214708
12930268.295418393 4890970.654225044
12930272.209369276 4890970.557121217
12930276.122551417 4890970.4167878255
12930280.035716608 4890970.2755013555
12930283.948881797 4890970.134214891
12930287.86204699 4890969.99292842
12930291.775212182 4890969.851641961
12930295.688377373 4890969.710355503
12930299.601542566 4890969.569069038
12930303.514534334 4890969.419787589
12930307.427522153 4890969.270324
12930311.340509973 4890969.1208604
12930315.25349779 4890968.971396814
12930319.16648561 4890968.821933227
12930323.078472978 4890968.632888276
12930326.990454335 4890968.443605506
12930330.902065383 4890968.242512153
12930334.812745076 4890968.011714206
12930338.723424772 4890967.780916262
12930342.63410446 4890967.550118322
12930346.544784157 4890967.319320389
12930350.455463849 4890967.088522467
12930354.366143541 4890966.857724541
12930358.276439706 4890966.616069933
12930362.186479442 4890966.367880361
12930366.094863463 4890966.078033813
12930370.00324748 4890965.788187264
12930373.911631502 4890965.4983407315
12930377.820015524 4890965.208494206
12930381.72825268 4890964.915421854
12930385.635283317 4890964.595848905
12930389.542313952 4890964.276275965
12930393.44934459 4890963.956703033
12930397.354757309 4890963.605051129
12930401.259987868 4890963.249787454
12930405.165218428 4890962.894523791
12930409.070448987 4890962.539260145
12930412.974203104 4890962.157233152
12930416.877927681 4890961.774670655
12930420.781652257 4890961.392108166
12930424.685376832 4890961.0095457
12930428.58910141 4890960.626983249
12930432.492825987 4890960.244420808
12930436.396550562 4890959.861858389
12930440.297233198 4890959.429860373
12930444.196968034 4890958.983162654
12930448.095332885 4890958.516284944
12930451.993697736 4890958.049407254
12930455.892062588 4890957.582529588
12930459.790427435 4890957.115651935
12930463.688792286 4890956.648774313
12930467.585705116 4890956.161659289
12930471.482337715 4890955.670638607
12930475.378970316 4890955.17961795
12930479.275490666 4890954.68713753
12930483.168750819 4890954.152258083
12930487.06201097 4890953.617378664
12930490.95527112 4890953.082499267
12930494.84853127 4890952.547619905
12930498.740633694 4890951.998619828
12930502.631978087 4890951.440374086
12930506.523322482 4890950.882128379
12930510.414666874 4890950.3238827
12930514.306011267 4890949.765637057
12930518.19735566 4890949.207391437
12930522.088700054 4890948.6491458565
12930525.980044447 4890948.0909003
12930529.869032571 4890947.505419237
12930533.757138893 4890946.909822603
12930537.64141301 4890946.272801632
12930541.525687128 4890945.6357807005
12930545.409961248 4890944.998759809
12930549.294235367 4890944.3617389565
12930553.17796684 4890943.719148935
12930557.060095899 4890943.060113082
12930560.942224953 4890942.401077274
12930564.823500732 4890941.733706938
12930568.70127014 4890941.0320875235
12930572.579039553 4890940.330468152
12930576.456808964 4890939.628848827
12930580.334578374 4890938.927229563
12930584.212347785 4890938.225610343
12930588.090117196 4890937.523991171
12930591.967886606 4890936.822372048
12930595.845656019 4890936.120752982
12930599.720223062 4890935.390152389
12930603.5910127 4890934.625366188
12930607.46180234 4890933.860580046
12930611.331282191 4890933.084669352
12930615.198446253 4890932.28908971
12930619.065610314 4890931.493510131
12930622.932774372 4890930.69793062
12930626.799938433 4890929.90235117
12930630.664595116 4890929.086507258
12930634.525986152 4890928.244270631
12930638.387377188 4890927.40203407
12930642.248768227 4890926.559797582
12930646.110159261 4890925.717561163
12930649.971550297 4890924.87532482
12930653.832941333 4890924.033088544
12930657.692348843 4890923.175520116
12930661.550384011 4890922.3073438825
12930665.40841918 4890921.439167722
12930669.262921752 4890920.544857824
12930673.114401773 4890919.628187474
12930676.965881793 4890918.711517204
12930680.817361813 4890917.794847025
12930684.668841833 4890916.878176922
12930688.51697219 4890915.937906568
12930692.363078976 4890914.98337906
12930696.209185762 4890914.028851647
12930700.055292545 4890913.0743243275
12930703.901399331 4890912.1197971
12930707.74475686 4890911.146584696
12930711.586696733 4890910.163737305
12930715.428636607 4890909.18089002
12930719.270576477 4890908.198042827
12930723.111504713 4890907.208577612
12930726.946691193 4890906.181549878
12930730.78187767 4890905.15452225
12930734.615029585 4890904.114750159
12930738.44361353 4890903.046364286
12930742.272197478 4890901.97797853
12930746.10078142 4890900.909592888
12930749.929365365 4890899.841207364
12930753.757949313 4890898.772821957
12930757.586533258 4890897.704436662
12930761.415117202 4890896.6360514825
12930765.242361212 4890895.559488111
12930769.069081489 4890894.479728268
12930772.89257975 4890893.380923382
12930776.709935732 4890892.245811976
12930780.527291711 4890891.110700696
12930784.34464769 4890889.97558955
12930788.162003674 4890888.840478532
12930791.979359657 4890887.705367644
12930795.795629883 4890886.564031646
12930799.611267328 4890885.419067669
12930803.417915445 4890884.223979017
12930807.224368025 4890883.027800189
12930811.030820603 4890881.831621501
12930814.837273182 4890880.635442963
12930818.64372576 4890879.439264566
12930822.448525243 4890878.23415422
12930826.251352377 4890877.018386943
12930830.05417951 4890875.802619809
12930833.857006645 4890874.586852827
12930837.653217964 4890873.336530046
12930841.444814075 4890872.062101097
12930845.236410186 4890870.787672312
12930849.024714475 4890869.4966565175
12930852.810990684 4890868.195421563
12930856.597266886 4890866.894186787
12930860.38354309 4890865.592952179
12930864.169819297 4890864.291717741
12930867.956095502 4890862.990483476
12930871.739726568 4890861.6762046665
12930875.520812789 4890860.349375938
12930879.301899014 4890859.022547384
12930883.079519508 4890857.679097866
12930886.851499371 4890856.308596886
12930890.623479236 4890854.938096096
12930894.3954591 4890853.567595497
12930898.164524762 4890852.183484779
12930901.931988835 4890850.791874497
12930905.699657423 4890849.401212122
12930909.467326015 4890848.010549944
12930913.234994605 4890846.619887966
12930917.002663197 4890845.229226179
12930920.76978911 4890843.836098771
12930924.525481744 4890842.391020755
12930928.276277747 4890840.924405505
12930932.024731146 4890839.4474867275
12930935.77318455 4890837.970568176
12930939.521637954 4890836.493649837
12930943.270051064 4890835.016557106
12930947.016637145 4890833.531546519
12930950.763223227 4890832.046536153
12930954.509809311 4890830.561526014
12930958.246416505 4890829.034305309
12930961.979223765 4890827.491011082
12930965.712031025 4890825.947717099
12930969.444838284 4890824.404423351
12930973.177645544 4890822.861129852
12930976.904849578 4890821.294912958
12930980.62906873 4890819.716484721
12930984.348446982 4890818.118704826
12930988.064927677 4890816.509341974
12930991.781408368 4890814.899979387
12930995.497889062 4890813.290617058
12930999.214369757 4890811.681254995
12931002.930850454 4890810.071893191
12931006.645781787 4890808.456431956
12931010.358871875 4890806.833722178
12931014.071961965 4890805.2110126605
12931017.785052054 4890803.588303407
12931021.494544651 4890801.951704435
12931025.1963283 4890800.285341301
12931028.898111947 4890798.618978449
12931032.599895597 4890796.95261587
12931036.301190082 4890795.284413841
12931039.993802436 4890793.583558616
12931043.68641479 4890791.882703689
12931047.379027145 4890790.181849057
12931051.068996606 4890788.471212521
12931054.757874914 4890786.756537555
12931058.446753215 4890785.0418628855
12931062.135631522 4890783.327188512
12931065.824509826 4890781.612514442
12931069.502942638 4890779.8600005545
12931073.175753595 4890778.087335195
12931076.834692458 4890776.266107519
12931080.493631314 4890774.444880177
12931084.148160627 4890772.608579339
12931087.798016619 4890770.756406002
12931091.447502041 4890768.902978896
12931095.096987462 4890767.049552142
12931098.746472886 4890765.196125734
12931102.396676263 4890763.345122845
12931106.046955623 4890761.4943767525
12931109.697234986 4890759.643631001
12931113.346361296 4890757.789028169
12931116.987322213 4890755.907109023
12931120.628283136 4890754.025190237
12931124.269244056 4890752.1432718085
12931127.908390496 4890750.255409861
12931131.537956847 4890748.336165875
12931135.167523202 4890746.416922261
12931138.797089556 4890744.497679012
12931142.426655913 4890742.57843614
12931146.053091094 4890740.649193295
12931149.668140925 4890738.683588262
12931153.283190757 4890736.717983625
12931156.898240587 4890734.7523793755
12931160.513290416 4890732.786775516
12931164.127829425 4890730.819568301
12931167.739391886 4890728.843016472
12931171.350954346 4890726.86646504
12931174.962516809 4890724.889914001
12931178.563487893 4890722.880571964
12931182.16340221 4890720.867958539
12931185.763316529 4890718.855345521
12931189.36104668 4890716.836151112
12931192.942340083 4890714.7674263045
12931196.523633486 4890712.698701931
12931200.104926888 4890710.629977994
12931203.68372323 4890708.553900624
12931207.257115083 4890706.461907439
12931210.830506938 4890704.369914705
12931214.40389879 4890702.277922405
12931217.970428795 4890700.166074407
12931221.530675562 4890698.036045047
12931225.090922331 4890695.906016147
12931228.6511691 4890693.775987706
12931232.211415868 4890691.645959724
12931235.771662638 4890689.5159322
12931239.330881052 4890687.382997374
12931242.875774752 4890685.20955861
12931246.420668451 4890683.03612032
12931249.956986558 4890680.8391271215
12931253.480043624 4890678.605709077
12931257.00310069 4890676.372291535
12931260.526157755 4890674.138874498
12931264.046523629 4890671.898217626
12931267.564015577 4890669.6498292945
12931271.081507524 4890667.40144148
12931274.59899947 4890665.153054177
12931278.116491418 4890662.904667379
12931281.633983366 4890660.6562811
12931285.151475312 4890658.407895323
12931288.66896726 4890656.159510066
12931292.182258956 4890653.89991497
12931295.694492973 4890651.637497483
12931299.20672699 4890649.375080506
12931302.71781562 4890647.109677075
12931306.203018121 4890644.77676726
12931309.68822062 4890642.443857996
12931313.173423119 4890640.110949282
12931316.655065741 4890637.769003313
12931320.12899091 4890635.407464858
12931323.602916079 4890633.045926967
12931327.076841248 4890630.684389635
12931330.543468878 4890628.304621825
12931334.001667304 4890625.903880119
12931337.459865727 4890623.503138998
12931340.91806415 4890621.102398459
12931344.376262572 4890618.701658509
12931347.834460994 4890616.300919134
12931351.29265942 4890613.9001803445
12931354.734378157 4890611.4596320605
12931358.159979707 4890608.980149983
12931361.585581254 4890606.500668533
12931365.011182802 4890604.021187709
12931368.436784353 4890601.541707501
12931371.862385899 4890599.062227918
12931375.287987446 4890596.58274895
12931378.713290941 4890594.102573914
12931382.119126873 4890591.576894449
12931385.524962807 4890589.051215639
12931388.93079874 4890586.525537467
12931392.336634675 4890583.999859943
12931395.742470609 4890581.474183068
12931399.144531583 4890578.939897494
12931402.529359521 4890576.366310194
12931405.914187461 4890573.792723564
12931409.2990154 4890571.2191376
12931412.68384334 4890568.645552309
12931416.068671279 4890566.071967685
12931419.432158899 4890563.451192932
12931422.785891099 4890560.808814118
12931426.142971259 4890558.173723103
12931429.500051413 4890555.538632792
12931432.857131574 4890552.903543183
12931436.214211732 4890550.268454275
12931439.571291886 4890547.633366072
12931442.914031548 4890544.967419273
12931446.246263057 4890542.278860731
12931449.578494566 4890539.590302918
12931452.910726072 4890536.901745836
12931456.24295758 4890534.213189486
12931459.57518909 4890531.524633862
12931462.89108949 4890528.801800735
12931466.20255509 4890526.069659915
12931469.514020689 4890523.337519858
12931472.825486286 4890520.605380545
12931476.132969566 4890517.865039315
12931479.429820877 4890515.10279941
12931482.72667219 4890512.340560268
12931486.023523498 4890509.578321906
12931489.301453516 4890506.777834983
12931492.576850552 4890503.97222845
12931495.852247594 4890501.166622712
12931499.127644632 4890498.361017768
12931502.402419548 4890495.554185362
12931505.652798446 4890492.699188528
12931508.903177343 4890489.844192515
12931512.15355624 4890486.989197329
12931515.403935142 4890484.13420297
12931518.65431404 4890481.2792094285
12931521.904692937 4890478.424216717
12931525.138460785 4890475.537219784
12931528.364642162 4890472.635606593
12931531.590823533 4890469.733994261
12931534.817004908 4890466.832382772
12931538.115156244 4890464.078641279
12931541.233095653 4890460.981005906
12931544.351035062 4890457.883371506
12931547.468974473 4890454.785738069
12931550.586913882 4890451.68810561
12931553.704853294 4890448.590474116
12931556.807367621 4890445.466463834
12931559.907161903 4890442.337802756
12931563.006956188 4890439.20914267
12931566.105819104 4890436.078909647
12931569.196253834 4890432.934434799
12931572.286688568 4890429.789960954
12931575.228086948 4890426.420373515
12931578.046692392 4890422.865312543
12931580.865297839 4890419.310252851
12931583.683903286 4890415.755194429
12931586.502508733 4890412.200137296
12931589.32111418 4890408.645081434
12931592.139719624 4890405.090026855
12931595.017685445 4890401.61873616
12931597.928620853 4890398.193468911
12931600.83955626 4890394.76820284
12931603.75049167 4890391.342937961
12931606.61677711 4890387.854033198
12931609.472748648 4890384.350428926
12931612.328720188 4890380.8468259005
12931615.16191872 4890377.312068662
12931617.963390281 4890373.733907472
12931620.764861843 4890370.15574757
12931623.566333406 4890366.577588967
12931626.33465364 4890362.95564032
12931629.095067885 4890359.323249572
12931631.855482135 4890355.690860158
12931634.608094247 4890352.048505
12931637.316524586 4890348.349709888
12931640.024954922 4890344.650916161
12931642.733385257 4890340.952123811
12931645.441815596 4890337.253332845
12931648.114953447 4890333.511011651
12931650.772293687 4890329.749297282
12931653.429633927 4890325.987584351
12931656.069979016 4890322.205752339
12931658.664886799 4890318.370128712
12931661.25979458 4890314.534506578
12931663.854702365 4890310.69888593
12931666.449610146 4890306.863266767
12931669.044517927 4890303.027649099
12931671.609147549 4890299.157454625
12931674.162022617 4890295.273837733
12931676.677211648 4890291.34859548
12931679.174136361 4890287.403180576
12931681.657234738 4890283.443185488
12931684.07275951 4890279.41192641
12931686.48828428 4890275.380668976
12931688.836059114 4890271.2814493235
12931691.183500322 4890267.181896683
12931693.470353624 4890263.024432062
12931695.740621774 4890258.8511160705
12931698.010600787 4890254.677542002
12931700.171934277 4890250.406331188
12931702.333267769 4890246.135122216
12931704.478323659 4890241.850129872
12931706.570506522 4890237.520362158
12931708.657460757 4890233.186372877
12931710.67742115 4890228.798270866
12931712.662316399 4890224.3832590245
12931714.605419982 4890219.9361253185
12931716.549069097 4890215.48940153
12931718.418356888 4890210.988939482
12931720.25925224 4890206.467960531
12931722.100147594 4890201.946983649
12931723.941042949 4890197.426008831
12931725.708567953 4890192.855191945
12931727.474830627 4890188.283519605
12931729.241093298 4890183.711849388
12931730.940016309 4890179.096839272
12931732.626218976 4890174.47370425
12931734.298773056 4890169.842080349
12931735.971327133 4890165.210458612
12931737.635437807 4890160.573665538
12931739.301050173 4890155.937797477
12931740.957184486 4890151.296413007
12931742.566966293 4890146.626865987
12931744.17856389 4890141.958417283
12931745.789964696 4890137.289831018
12931747.401365507 4890132.62124696
12931749.012766317 4890127.952665109
12931750.63780579 4890123.292226359
12931752.275559513 4890118.639378915
12931753.913313238 4890113.986533656
12931755.551066963 4890109.333690592
12931757.188820688 4890104.680849719
12931758.860248784 4890100.048661688
12931760.54378634 4890095.423892229
12931762.226262957 4890090.798463618
12931763.932771921 4890086.188246463
12931765.658963813 4890081.590488142
12931767.385155704 4890076.9927319605
12931769.125922756 4890072.404491926
12931770.894439077 4890067.834367476
12931772.662955396 4890063.264245139
12931774.431471717 4890058.694124912
12931776.259425225 4890054.164232614
12931778.087415386 4890049.634367195
12931779.915405545 4890045.104503852
12931781.803412778 4890040.61706511
12931783.696176453 4890036.132990438
12931785.588940125 4890031.648917805
12931787.518254614 4890027.191744646
12931789.463042967 4890022.745960578
12931791.407831322 4890018.300178514
12931793.426905539 4890013.911514281
12931795.448070757 4890009.524459684
12931797.469235972 4890005.13740704
12931799.513804218 4890000.769033246
12931801.569100523 4889996.409222957
12931803.624396827 4889992.04941459
12931805.756017944 4889987.752880342
12931807.890298974 4889983.458552985
12931810.035443973 4889979.173617783
12931812.216164857 4889974.919434499
12931814.396885742 4889970.665253039
12931816.577606628 4889966.411073414
12931818.819090387 4889962.211343082
12931821.061681002 4889958.012606346
12931823.304271616 4889953.813871392
12931825.582588654 4889949.648344924
12931827.873669023 4889945.494683357
12931830.16474939 4889941.341023534
12931832.482831683 4889937.213485694
12931834.845559094 4889933.129136887
12931837.2082865 4889929.044789768
12931839.57101391 4889924.960444334
12931841.96074513 4889920.903312326
12931844.37476347 4889916.870656107
12931846.798110077 4889912.847746949
12931849.268718649 4889908.874214898
12931851.739327218 4889904.900684438
12931854.209935786 4889900.927155583
12931856.680544358 4889896.953628321
12931859.177878343 4889893.009236428
12931861.71816327 4889889.111667546
12931864.258448195 4889885.214100202
12931866.79873312 4889881.316534399
12931869.357827213 4889877.440424878
12931871.96178196 4889873.615487356
12931874.565736704 4889869.790551312
12931877.169691449 4889865.965616751
12931879.773646196 4889862.14068367
12931882.410554131 4889858.355253278
12931885.094606988 4889854.626337268
12931887.778659841 4889850.897422653
12931890.462712698 4889847.168509452
12931893.146765552 4889843.439597651
12931895.833637137 4889839.714221924
12931898.566423135 4889836.046423911
12931901.299209135 4889832.378627259
12931904.031995129 4889828.710831964
12931906.816010777 4889825.110454228
12931909.634307506 4889821.555190336
12931912.452604236 4889817.999927724
12931915.270900965 4889814.444666384
12931918.089197693 4889810.889406327
12931920.92248142 4889807.354746624
12931923.774513246 4889803.8458567485
12931926.628117817 4889800.339158511
12931929.48198367 4889796.832825429
12931932.387226863 4889793.3995250985
12931935.293299457 4889789.967404936
12931938.199372055 4889786.53528597
12931941.105444653 4889783.10316819
12931944.060773036 4889779.743945426
12931947.019687358 4889776.390030641
12931949.978601681 4889773.036116997
12931952.937516004 4889769.682204487
12931955.908385754 4889766.346754346
12931958.92219712 4889763.077614526
12931961.936008485 4889759.8084757915
12931964.949819848 4889756.539338141
12931967.990759296 4889753.313725949
12931971.043980116 4889750.10781908
12931974.097200938 4889746.901913251
12931977.150421755 4889743.696008464
12931980.203642575 4889740.49010471
12931983.300608357 4889737.357036929
12931986.402789624 4889734.232653864
12931989.50497089 4889731.108271791
12931992.607152155 4889727.983890693
12931995.70933342 4889724.859510591
12931998.845890561 4889721.79486022
12932001.997460721 4889718.756296201
12932005.14903088 4889715.717733111
12932008.300601037 4889712.679170956
12932011.473647859 4889709.679631021
12932014.674853189 4889706.731253627
12932017.87605852 4889703.782877114
12932021.077263853 4889700.834501479
12932024.308819506 4889697.943584418
12932027.547919154 4889695.066950104
12932030.787018802 4889692.190316634
12932034.02611845 4889689.313683991
12932037.2652181 4889686.437052196
12932040.534618203 4889683.620134439
12932043.817589702 4889680.829962677
12932047.1005612 4889678.039791698
12932050.3835327 4889675.249621508
12932053.666504197 4889672.459452101
12932056.983521676 4889669.739260935
12932060.304735493 4889667.027695588
12932063.625949308 4889664.316130978
12932066.947163126 4889661.604567118
12932070.286914187 4889658.932523568
12932073.638165412 4889656.284997939
12932076.989416642 4889653.637473027
12932080.36151763 4889651.035823373
12932083.739309955 4889648.446696712
12932087.117102277 4889645.857570728
12932090.501734553 4889643.284019954
12932093.911933549 4889640.768685082
12932097.322132543 4889638.253350845
12932100.732331539 4889635.738017252
12932104.142530534 4889633.2226843005
12932107.560925433 4889630.726607966
12932110.99063239 4889628.257109533
12932114.420339344 4889625.78761171
12932117.873190759 4889623.374187301
12932121.332017578 4889620.975240277
12932124.791094374 4889618.576920576
12932128.273006203 4889616.235854139
12932131.754918031 4889613.894788257
12932135.23682986 4889611.553722928
12932138.718741689 4889609.212658154
12932142.202054003 4889606.875213219
12932145.704972267 4889604.58843667
12932149.218566328 4889602.329914197
12932152.733898057 4889600.075990993
12932156.249229787 4889597.822068303
12932159.773685988 4889595.59312156
12932163.321676632 4889593.428593559
12932166.869667273 4889591.26406604
12932170.418744016 4889589.102617894
12932173.97925511 4889586.973584575
12932177.539766204 4889584.844551718
12932181.100277293 4889582.715519323
12932184.660788387 4889580.586487381
12932188.23952084 4889578.510679734
12932191.823921017 4889576.451427707
12932195.408321198 4889574.392176109
12932199.012115536 4889572.391808718
12932202.617534097 4889570.396373129
12932206.222952656 4889568.400937944
12932209.836458562 4889566.430905532
12932213.458173703 4889564.486658762
12932217.079888847 4889562.542412376
12932220.701603988 4889560.598166376
12932224.343122607 4889558.718691861
12932227.990271417 4889556.857632342
12932231.63742023 4889554.99657317
12932235.292868093 4889553.163641697
12932238.949530412 4889551.3348266315
12932242.61912118 4889549.551119965
12932246.293036787 4889547.782503213
12932249.966952393 4889546.013886776
12932253.640867999 4889544.245270655
12932257.314783605 4889542.476654854
12932261.000915786 4889540.752165048
12932264.68805455 4889539.031311261
12932268.378397748 4889537.322432717
12932272.080538593 4889535.65764212
12932275.782679437 4889533.9928518105
12932279.48482028 4889532.328061781
12932283.20016071 4889530.714639188
12932286.918883856 4889529.114380938
12932290.637606999 4889527.514122961
12932294.357951978 4889525.920379325
12932298.083416115 4889524.34719699
12932301.816900598 4889522.807437455
12932305.560917797 4889521.311570278
12932309.304934997 4889519.8157033315
12932313.048952192 4889518.319836607
12932316.7945435 4889516.83076179
12932320.542843066 4889515.353372315
12932324.293210518 4889513.885228447
12932328.058781516 4889512.485058873
12932331.824352514 4889511.084889498
12932335.594550297 4889509.706239328
12932339.365661634 4889508.331838254
12932343.136772972 4889506.957437363
12932346.907884307 4889505.58303667
12932350.686942847 4889504.246915889
12932354.47115527 4889502.935620244
12932358.260218369 4889501.648663321
12932362.0518783 4889500.374736344
12932365.843538232 4889499.100809526
12932369.635198165 4889497.82688287
12932373.437189674 4889496.607266753
12932377.242791783 4889495.406630746
12932381.048393894 4889494.205994881
12932384.854174871 4889493.006352565
12932388.669116715 4889491.857587487
12932392.484058557 4889490.708822546
12932396.299000401 4889489.560057733
12932400.113942247 4889488.411293055
12932403.940641144 4889487.331739677
12932407.76826205 4889486.257614056
12932411.596723719 4889485.188632136
12932415.425240869 4889484.119989754
12932419.25375802 4889483.051347483
12932423.083736986 4889481.99191923
12932426.920964923 4889480.978181665
12932430.762657205 4889479.994626866
12932434.611844953 4889479.061747645
12932438.461032704 4889478.128868513
12932442.312644195 4889477.213485403
12932446.167162355 4889476.319084293
12932450.021680512 4889475.424683263
12932453.879830994 4889474.557618658
12932457.738853306 4889473.697115397
12932461.59787562 4889472.836612213
12932465.456897931 4889471.976109101
12932469.317798525 4889471.130358617
12932473.1815906 4889470.307318712
12932477.05191075 4889469.539801931
12932480.926089693 4889468.805105248
12932484.800923826 4889468.076377077
12932488.676502371 4889467.354430038
12932492.552080913 4889466.632483048
12932496.427659456 4889465.910536113
12932500.30438141 4889465.199365169
12932504.183673957 4889464.512420426
12932508.065199897 4889463.848364687
12932511.951950103 4889463.237849868
12932515.838700306 4889462.62733509
12932519.72545051 4889462.016820356
12932523.612200717 4889461.406305654
12932527.50289583 4889460.8412408205
12932531.395282838 4889460.2956685815
12932535.287669847 4889459.750096364
12932539.181785127 4889459.226905428
12932543.078902038 4889458.742585852
12932546.97601895 4889458.2582663
12932550.873135861 4889457.773946771
12932554.771164179 4889457.30256452
12932558.670271195 4889456.8464942705
12932562.569378212 4889456.390424039
12932566.471476065 4889455.982432412
12932570.375622334 4889455.6073696995
12932574.28122922 4889455.259771607
12932578.18744596 4889454.923640851
12932582.093662696 4889454.587510113
12932585.999879435 4889454.251379382
12932589.906416096 4889453.922169902
12932593.815117765 4889453.639798135
12932597.723819433 4889453.357426373
12932601.633024642 4889453.087614214
12932605.542850368 4889452.833279386
12932609.452676091 4889452.578944564
12932613.362501817 4889452.324609743
12932617.274257572 4889452.131602139
12932621.186826412 4889451.964430487
12932625.099395255 4889451.797258839
12932629.012210898 4889451.642193747
12932632.926026631 4889451.536186158
12932636.839842368 4889451.430178572
12932640.753658101 4889451.324170985
12932644.66799578 4889451.261473351
12932648.582419917 4889451.205949678
12932652.496844055 4889451.150425999
12932656.411268195 4889451.094902327
12932660.325798128 4889451.064921023
12932664.240452247 4889451.064921023
12932668.155106368 4889451.064921023
12932672.069760485 4889451.064921023
12932675.984142613 4889451.121100932
12932679.898482535 4889451.185998916
12932683.812619405 4889451.267067728
12932687.726475837 4889451.3704706365
12932691.640332267 4889451.473873547
12932695.554188699 4889451.577276457
12932699.467747357 4889451.694509144
12932703.379844632 4889451.879614866
12932707.291941902 4889452.064720596
12932711.204039173 4889452.249826325
12932715.115405615 4889452.458583434
12932719.026153374 4889452.687362491
12932722.93690113 4889452.916141557
12932726.847648889 4889453.144920625
12932730.755878039 4889453.437607802
12932734.663865926 4889453.736416798
12932738.571853815 4889454.035225798
12932742.479841704 4889454.33403481
12932746.385938963 4889454.672410205
12932750.291934986 4889455.012904233
12932754.197931007 4889455.3533982765
12932758.101961613 4889455.729297792
12932762.004560553 4889456.13098757
12932765.907159496 4889456.532677367
12932769.807445638 4889456.970563785
12932773.70683879 4889457.422425961
12932777.606231945 4889457.874288155
12932781.505625097 4889458.326150369
12932785.402933216 4889458.806396615
12932789.296709826 4889459.33471811
12932793.190486433 4889459.863039631
12932797.084263043 4889460.391361187
12932800.973180305 4889460.977763401
12932804.862084052 4889461.564327122
12932808.750987802 4889462.150890878
12932812.639774999 4889462.738714193
12932816.523274604 4889463.383675393
12932820.406774212 4889464.028636642
12932824.29027382 4889464.673597928
12932828.173773427 4889465.318559259
12932832.051249046 4889466.022226454
12932835.927219715 4889466.7405599365
12932839.803190384 4889467.458893478
12932843.674840972 4889468.215653064
12932847.544698682 4889468.988359909
12932851.414556392 4889469.7610668205
12932855.284414101 4889470.533773785
12932859.15335905 4889471.313965769
12932863.014819873 4889472.155530241
12932866.876280695 4889472.997094785
12932870.737741519 4889473.8386594
12932874.595073052 4889474.711461889
12932878.448212706 4889475.615975733
12932882.301352361 4889476.520489661
12932886.154492019 4889477.425003672
12932890.005858185 4889478.342040638
12932893.850836549 4889479.304182984
12932897.695814915 4889480.266325432
12932901.53928248 4889481.238489816
12932905.375465332 4889482.258977293
12932909.211648183 4889483.279464882
12932913.047831034 4889484.2999525685
12932916.881860176 4889485.333814939
12932920.706567934 4889486.425563435
12932924.531275693 4889487.517312052
12932928.355983451 4889488.6090607885
12932932.176235305 4889489.726920128
12932935.992547587 4889490.867864509
12932939.808859864 4889492.008809019
12932943.625172146 4889493.149753663
12932947.440238254 4889494.297615217
12932951.244150985 4889495.507382791
12932955.048063716 4889496.717150512
12932958.84756324 4889497.950343312
12932962.645335574 4889499.192704055
12932966.438290369 4889500.459808856
12932970.227408292 4889501.746620808
12932974.01652622 4889503.0334329195
12932977.80146725 4889504.340648139
12932981.574781481 4889505.704657117
12932985.348095717 4889507.06866628
12932989.121409949 4889508.432675628
12932992.894724183 4889509.796685169
12932996.658074273 4889511.206761456
12933000.417995853 4889512.632688743
12933004.177917436 4889514.0586162405
12933007.937839014 4889515.484543941
12933011.681904906 4889516.979927918
12933015.423501097 4889518.486130676
12933019.165097285 4889519.992333673
12933022.906693472 4889521.498536895
12933026.640080754 4889523.0392152555
12933030.372359896 4889524.584413896
12933034.090906302 4889526.185374465
12933037.809452705 4889527.786335294
12933041.52799911 4889529.3872963805
12933045.243556093 4889530.999890421
12933048.945823837 4889532.664196969
12933052.648091575 4889534.328503804
12933056.35035932 4889535.992810918
12933060.046548001 4889537.679729083
12933063.729672445 4889539.41523934
12933067.412796889 4889541.150749906
12933071.095921334 4889542.886260777
12933074.779045777 4889544.621771949
12933078.462170225 4889546.357283424
12933082.132521521 4889548.138047147
12933085.79350705 4889549.951991671
12933089.454492582 4889551.765936525
12933093.109249163 4889553.601006612
12933096.75258247 4889555.474818014
12933100.389882566 4889557.368437848
12933104.01941681 4889559.287554686
12933107.648951054 4889561.206671901
12933111.278485296 4889563.125789485
12933114.9075578 4889565.046379407
12933118.520805502 4889567.017417271
12933122.134053204 4889568.988455514
12933125.745919542 4889570.963741719
12933129.336604765 4889573.004158253
12933132.927289983 4889575.044575211
12933136.517975206 4889577.084992579
12933140.108660426 4889579.125410373
12933143.685024958 4889581.207791458
12933147.242845492 4889583.344511117
12933150.800666027 4889585.481231243
12933154.358486563 4889587.617951829
12933157.916307094 4889589.754672875
12933161.466772063 4889591.9119012505
12933164.996166538 4889594.127873365
12933168.525561012 4889596.343845977
12933172.054955488 4889598.559819083
12933175.58434996 4889600.775792689
12933179.097584672 4889603.034749163
12933182.593050864 4889605.340967579
12933186.088517051 4889607.647186533
12933189.58398324 4889609.953406021
12933193.079449432 4889612.259626048
12933196.561216617 4889614.600579524
12933200.02281538 4889616.992669238
12933203.484414145 4889619.384759533
12933206.94601291 4889621.776850403
12933210.407611676 4889624.16894186
12933213.869210439 4889626.561033891
12933217.29413731 4889629.041479942
12933220.712131256 4889631.5386301
12933224.130125197 4889634.035780885
12933227.5457456 4889636.538428693
12933230.943990897 4889639.081312547
12933234.342236198 4889641.624197053
12933237.740481498 4889644.16708221
12933241.121865569 4889646.747718359
12933244.482797472 4889649.3741452275
12933247.843729375 4889652.000572795
12933251.204661276 4889654.627001062
12933254.56559318 4889657.2534300275
12933257.923346186 4889659.886698676
12933261.251353156 4889662.583962896
12933264.579360122 4889665.281227851
12933267.907367092 4889667.97849355
12933271.229721403 4889670.687616214
12933274.544298925 4889673.413051135
12933277.85887645 4889676.13848681
12933281.16466417 4889678.88205947
12933284.461819807 4889681.643443702
12933287.758975442 4889684.404828709
12933291.05613108 4889687.166214486
12933294.33875054 4889689.957037253
12933297.617412535 4889692.755874796
12933300.896074533 4889695.554713133
12933304.17473653 4889698.353552262
12933307.453398528 4889701.15239218
12933310.732060526 4889703.951232897
12933314.010722524 4889706.750074404
12933317.289384518 4889709.548916698
12933320.568046518 4889712.347759787
12933323.846708512 4889715.146603669
12933327.12537051 4889717.945448344
12933330.404032506 4889720.74429381
12933333.682694504 4889723.543140069
12933336.967162997 4889726.33027271
12933340.257085487 4889729.10640288
12933343.547007974 4889731.882533829
12933346.836930463 4889734.658665559
12933350.126852952 4889737.4347980665
12933353.416775445 4889740.210931357
12933356.72629027 4889742.946760599
12933360.042343799 4889745.66913935
12933363.358397331 4889748.39151885
12933366.674450861 4889751.113899102
12933369.990504391 4889753.836280102
12933373.306557924 4889756.558661854
12933376.622611454 4889759.281044347
12933379.949182399 4889761.981258947
12933383.284784365 4889764.662438653
12933386.620386332 4889767.343619089
12933389.96729796 4889770.000363082
12933393.328522004 4889772.62618246
12933396.689746046 4889775.252002537
12933400.050970089 4889777.877823306
12933403.432385644 4889780.45882832
12933406.81552221 4889783.036014099
12933410.198658776 4889785.613200551
12933413.581795342 4889788.190387675
12933416.982403588 4889790.727818305
12933420.38628107 4889793.257810363
12933423.790158553 4889795.787803067
12933427.208978128 4889798.282877128
12933430.636278749 4889800.758131839
12933434.06357937 4889803.233387171
12933437.490879988 4889805.708643121
12933440.921402216 4889808.176211741
12933444.359030819 4889810.626822513
12933447.796659421 4889813.077433897
12933451.234515384 4889815.527490416
12933454.69843004 4889817.913881459
12933458.162344696 4889820.300273082
12933461.626259353 4889822.686665284
12933465.09017401 4889825.073058061
12933468.569997035 4889827.419285623
12933472.057125883 4889829.747067839
12933475.544254731 4889832.074850599
12933479.031383578 4889834.402633906
12933482.536212502 4889836.684437827
12933486.041267345 4889838.965655397
12933489.54632219 4889841.246873488
12933493.051377032 4889843.528092114
12933496.556431873 4889845.809311261
12933500.087304603 4889848.0208466435
12933503.61135892 4889850.251381206
12933507.135413239 4889852.481916269
12933510.671768207 4889854.678744771
12933514.212717885 4889856.862983026
12933517.753667567 4889859.047221763
12933521.300024245 4889861.216215039
12933524.860746698 4889863.344702044
12933528.421469154 4889865.473189513
12933531.982191607 4889867.601677437
12933535.542914059 4889869.730165818
12933539.121183597 4889871.807628287
12933542.700081293 4889873.883264502
12933546.278978994 4889875.95890116
12933549.857876692 4889878.034538249
12933553.442111302 4889880.09415872
12933557.039866487 4889882.113201833
12933560.637621671 4889884.132245364
12933564.235376855 4889886.151289303
12933567.833132042 4889888.170333654
12933571.43486159 4889890.177026081
12933575.052770112 4889892.133434583
12933578.670678634 4889894.089843472
12933582.288587157 4889896.046252757
12933585.90649568 4889898.002662417
12933589.543567399 4889899.897242384
12933593.180816868 4889901.791249192
12933596.818066338 4889903.685256362
12933600.464138614 4889905.549905785
12933604.112980604 4889907.405339255
12933607.761822598 4889909.260773076
12933611.410664588 4889911.116207248
12933615.06672882 4889912.946908035
12933618.731361678 4889914.748264516
12933622.395994538 4889916.549621323
12933626.060627399 4889918.350978461
12933629.725260258 4889920.152335926
12933633.40168104 4889921.912073737
12933637.078296065 4889923.671126036
12933640.754911091 4889925.430178648
12933644.4377105 4889927.166773122
12933648.126711061 4889928.880848547
12933651.815711623 4889930.594924269
12933655.506155634 4889932.303570232
12933659.211698195 4889933.955417829
12933662.91724076 4889935.607265702
12933666.622783322 4889937.259113854
12933670.328325884 4889938.910962275
12933674.033868445 4889940.562810975
12933677.74159941 4889942.206061802
12933681.46402975 4889943.791559647
12933685.186460087 4889945.3770577395
12933688.908890428 4889946.962556085
12933692.631320765 4889948.548054693
12933696.361346792 4889950.102400733
12933700.097650623 4889951.630999356
12933703.833954453 4889953.159598206
12933707.570258284 4889954.688197305
12933711.30656211 4889956.2167966375
12933715.04593499 4889957.732234337
12933718.797915548 4889959.193603211
12933722.549896104 4889960.654972295
12933726.301876664 4889962.116341596
12933730.061319584 4889963.544457005
12933733.821406458 4889964.969703018
12933737.58149333 4889966.394949231
12933741.341580203 4889967.820195655
12933745.10692611 4889969.221166504
12933748.879200475 4889970.590155705
12933752.651474841 4889971.959145093
12933756.423749207 4889973.328134675
12933760.197286945 4889974.691054198
12933763.979090372 4889976.014259006
12933767.760893798 4889977.3374639945
12933771.542697225 4889978.660669163
12933775.324500654 4889979.983874505
12933779.112929953 4889981.274206848
12933782.901493216 4889982.563874726
12933786.69005648 4889983.853542779
12933790.489833543 4889985.084964259
12933794.293128006 4889986.298115798
12933798.096422473 4889987.511267488
12933801.899716936 4889988.724419321
12933805.703011401 4889989.937571307
12933809.511023927 4889991.124752513
12933813.324638907 4889992.281094717
12933817.138253888 4889993.437437049
12933820.951868868 4889994.593779521
12933824.765483849 4889995.750122127
12933828.579098828 4889996.906464867
12933832.398158865 4889998.031084849
12933836.22335587 4889999.1199509725
12933840.048552876 4890000.208817225
12933843.873749878 4890001.297683594
12933847.70383363 4890002.3564938065
12933851.536462393 4890003.399650871
12933855.369091155 4890004.442808044
12933859.202221582 4890005.482727604
12933863.04266851 4890006.475427095
12933866.883115435 4890007.468126683
12933870.72356236 4890008.460826373
12933874.564009288 4890009.453526162
12933878.404456213 4890010.446226047
12933882.24490314 4890011.438926036
12933886.087709237 4890012.415199138
12933889.941538213 4890013.314719598
12933893.79536719 4890014.214240138
12933897.649196168 4890015.113760763
12933901.503025144 4890016.013281466
12933905.356816843 4890016.913075171
12933909.210131703 4890017.81635969
12933913.063446565 4890018.719644291
12933916.925134093 4890019.559304734
12933920.787386712 4890020.3946710965
12933924.64963933 4890021.230037535
12933928.51189195 4890022.065404047
12933932.37414457 4890022.900770622
12933936.24350556 4890023.67671969
12933940.116067484 4890024.425912753
12933943.98862941 4890025.175105868
12933947.861191336 4890025.924299048
12933951.733753262 4890026.673492282
12933955.606315188 4890027.422685572
12933959.480593015 4890028.15650952
12933963.35508816 4890028.888386977
12933967.229583306 4890029.620264497
12933971.10622945 4890030.331991282
12933974.985678768 4890031.017457675
12933978.86512809 4890031.702924112
12933982.74457741 4890032.388390599
12933986.62402673 4890033.073857133
12933990.50397394 4890033.754352958
12933994.387374954 4890034.400367081
12933998.270775972 4890035.046381248
12934002.15417699 4890035.692395459
12934006.037578007 4890036.338409711
12934009.920979025 4890036.984424003
12934013.804380042 4890037.630438338
12934017.687781062 4890038.276452718
12934021.572772672 4890038.905639961
12934025.45941863 4890039.517325625
12934029.346064592 4890040.129011315
12934033.232710551 4890040.740697054
12934037.119356513 4890041.352382821
12934041.006002475 4890041.964068634
12934044.892648432 4890042.575754481
12934048.779294392 4890043.187440367
12934052.665940352 4890043.7991262935
12934056.552586311 4890044.410812251
12934060.439232273 4890045.022498251
12934064.325878233 4890045.634184286
12934068.212524194 4890046.245870362
12934072.099170152 4890046.8575564725
12934075.985816114 4890047.469242625
12934079.872462073 4890048.080928815
12934083.759108033 4890048.692615038
12934087.645791462 4890049.303893163
12934091.532560868 4890049.914234809
12934095.419330273 4890050.524576496
12934099.306099677 4890051.134918218
12934103.192869084 4890051.745259976
12934107.079638489 4890052.355601773
12934110.966407893 4890052.965943607
12934114.853177298 4890053.576285482
12934118.739946704 4890054.186627392
12934122.62671611 4890054.796969343
12934126.513485514 4890055.407311324
12934130.40025492 4890056.017653346
12934134.287024327 4890056.627995414
12934138.17379373 4890057.238337508
12934142.060563136 4890057.848679647
12934145.94733254 4890058.459021821
12934149.834101947 4890059.069364028
12934153.72087135 4890059.679706284
12934157.60770883 4890060.28930514
12934161.494640764 4890060.897872492
12934165.381572697 4890061.506439881
12934169.26850463 4890062.115007307
12934173.155436564 4890062.7235747725
12934177.042368498 4890063.332142273
12934180.92930043 4890063.940709815
12934184.816232363 4890064.549277385
12934188.703164296 4890065.157845
12934192.59009623 4890065.766412651
12934196.477028163 4890066.37498034
12934200.363960097 4890066.983548066
12934204.25089203 4890067.592115831
12934208.137823964 4890068.200683636
12934212.024382882 4890068.813315113
12934215.910878977 4890069.426631048
12934219.797375072 4890070.039947027
12934223.683871167 4890070.653263041
12934227.570367262 4890071.266579093
12934231.456863355 4890071.879895189
12934235.34335945 4890072.493211321
12934239.229855543 4890073.106527483
12934243.116351638 4890073.719843696
12934247.002847733 4890074.333159934
12934250.889343826 4890074.946476215
12934254.775839923 4890075.559792538
12934258.662336016 4890076.173108891
12934262.549073717 4890076.783793604
12934266.435988516 4890077.392549369
12934270.322903313 4890078.0013051685
12934274.209818108 4890078.610061002
12934278.096732905 4890079.218816869
12934281.983647702 4890079.827572784
12934285.870562501 4890080.436328726
12934289.757477297 4890081.045084717
12934293.644392094 4890081.653840737
12934297.531306889 4890082.262596799
12934301.418221688 4890082.871352894
12934305.305136485 4890083.480109032
12934309.19205128 4890084.088865206
12934313.07896608 4890084.697621417
12934316.965880876 4890085.306377662
12934320.852795675 4890085.915133942
12934324.73971047 4890086.523890269
12934328.626625268 4890087.1326466305
12934332.513540067 4890087.741403027
12934336.400454862 4890088.350159459
12934340.28736966 4890088.958915934
12934344.174284456 4890089.567672442
12934348.061199252 4890090.17642899
12934351.94811405 4890090.785185577
12934355.835028848 4890091.393942201
12934359.721884761 4890092.003341799
12934363.608654168 4890092.6136860885
12934367.495423574 4890093.224030403
12934371.382240577 4890093.833855466
12934375.269060386 4890094.443649961
12934379.155880194 4890095.0534444945
12934383.042700002 4890095.663239065
12934386.929519812 4890096.273033673
12934390.816339623 4890096.882828315
12934394.703159431 4890097.492622999
12934398.589979239 4890098.10241772
12934402.476799048 4890098.712212474
12934406.363623505 4890099.321956521
12934410.25045816 4890099.93158929
12934414.137292817 4890100.541222092
12934418.02412747 4890101.150854935
12934421.910962125 4890101.760487814
12934425.797796782 4890102.370120737
12934429.684631437 4890102.97975369
12934433.57146609 4890103.589386684
12934437.458300747 4890104.199019712
12934441.3451354 4890104.808652781
12934445.231970055 4890105.418285885
12934449.118804712 4890106.02791903
12934453.005878896 4890106.634930059
12934456.893006831 4890107.241352686
12934460.780134767 4890107.847775353
12934464.667262705 4890108.45419805
12934468.554390643 4890109.0606207885
12934472.441518579 4890109.667043564
12934476.328646515 4890110.2734663775
12934480.21577445 4890110.879889228
12934484.102902388 4890111.486312114
12934487.990030326 4890112.092735038
12934491.877158264 4890112.699158
12934495.7642862 4890113.305580999
12934499.651414135 4890113.912004034
12934503.538542071 4890114.518427107
12934507.42567001 4890115.124850217
12934511.312797947 4890115.731273365
12934515.199925883 4890116.3376965495
12934519.087053819 4890116.944119771
12934522.974181755 4890117.55054303
12934526.861309692 4890118.156966325
12934530.74843763 4890118.763389658
12934534.635565568 4890119.369813026
12934538.522693504 4890119.9762364365
12934542.409821441 4890120.582659883
12934546.296575014 4890121.193170576
12934550.183113411 4890121.80603054
12934554.06965181 4890122.418890541
12934557.956190208 4890123.031750585
12934561.842728604 4890123.644610663
12934565.729267001 4890124.257470778
12934569.616249133 4890124.865484331
12934573.503423335 4890125.471399999
12934577.390597539 4890126.077315701
12934581.277771745 4890126.683231444
12934585.164945949 4890127.289147224
12934589.052120157 4890127.895063042
12934592.939294359 4890128.500978895
12934596.826468566 4890129.106894784
12934600.713642769 4890129.712810717
12934604.595095105 4890130.376642816
12934608.472217897 4890131.084298079
12934612.349340694 4890131.791953396
12934616.215102188 4890132.595458722
12934620.073863769 4890133.458019111
12934623.93262535 4890134.320579577
12934627.796928613 4890135.1331699295
12934631.68785146 4890135.696379142
12934635.578774313 4890136.259588382
12934639.46969716 4890136.822797653
12934643.360620009 4890137.386006962
12934647.251542857 4890137.949216298
12934651.142367123 4890138.5135865165
12934655.032848747 4890139.08199149
12934658.92333037 4890139.650396496
12934662.813811993 4890140.218801541
12934666.704293616 4890140.7872066125
12934670.594775243 4890141.355611722
12934674.485256866 4890141.924016862
12934678.375738489 4890142.492422032
12934682.266220111 4890143.0608272385
12934686.156701734 4890143.629232476
12934690.04718336 4890144.197637744
12934693.934057996 4890144.80220526
12934697.817606268 4890145.446708987
12934701.701154545 4890146.091212752
12934705.584702818 4890146.735716559
12934709.46825109 4890147.3802204095
12934713.351799367 4890148.024724301
12934717.23534764 4890148.669228233
12934721.118895914 4890149.3137322115
12934725.002444187 4890149.958236229
12934728.88599246 4890150.602740288
12934732.769540736 4890151.247244389
12934736.650799775 4890151.914931836
12934740.531981517 4890152.583402147
12934744.413163254 4890153.251872506
12934748.294344995 4890153.920342898
12934752.175526736 4890154.58881335
12934756.055791948 4890155.266329203
12934759.935132101 4890155.9528268
12934763.813889498 4890156.6449746275
12934767.692646898 4890157.337122507
12934771.571404295 4890158.029270428
12934775.447829962 4890158.743394758
12934779.32396496 4890159.4602585975
12934783.200099966 4890160.1771224905
12934787.076234968 4890160.893986442
12934790.952369967 4890161.61085044
12934794.826770676 4890162.343414491
12934798.699364688 4890163.092333988
12934802.566799771 4890163.884533404
12934806.429720746 4890164.714603109
12934810.29264172 4890165.544672886
12934814.146387001 4890166.418476769
12934818.040870892 4890166.937832696
12934821.93535478 4890167.457188645
12934825.82983867 4890167.976544624
12934829.72432256 4890168.495900627
12934833.61880645 4890169.015256661
12934837.513290342 4890169.534612724
12934841.40777423 4890170.053968811
12934845.30225812 4890170.57332492
12934849.19674201 4890171.092681066
12934853.0912259 4890171.612037237
12934856.985709788 4890172.131393431
12934860.880193679 4890172.650749659
12934864.774677567 4890173.170105909
12934868.669161458 4890173.689462184
12934872.563402755 4890174.211916934
12934876.457453169 4890174.736809761
12934880.35150358 4890175.261702617
12934884.245553995 4890175.786595499
12934888.139604406 4890176.311488411
12934892.03365482 4890176.836381346
12934895.927705232 4890177.361274317
12934899.821755646 4890177.88616731
12934903.715885676 4890178.410045969
12934907.610164842 4890178.932024737
12934911.504444005 4890179.454003531
12934915.398723168 4890179.975982353
12934919.293002333 4890180.497961207
12934923.187281495 4890181.019940088
12934927.08156066 4890181.541918989
12934930.975839823 4890182.063897925
12934934.870118987 4890182.585876889
12934938.76439815 4890183.107855877
12934942.658677315 4890183.629834892
12934946.552956479 4890184.151813935
12934950.447235642 4890184.673793005
12934954.341514805 4890185.195772102
12934958.235793969 4890185.717751236
12934962.130073132 4890186.239730388
12934966.024352295 4890186.76170957
12934969.91863146 4890187.283688776
12934973.812910624 4890187.805668016
12934977.70785469 4890188.316736267
12934981.601651682 4890188.84483943
12934985.495448675 4890189.372942625
12934989.389245667 4890189.901045842
12934993.283042658 4890190.429149092
12934997.176839653 4890190.95725237
12935001.070636643 4890191.485355672
12935004.964433638 4890192.013459007
12935008.85823063 4890192.541562369
12935012.752027623 4890193.069665761
12935016.644218469 4890193.617665185
12935020.537551917 4890194.151461229
12935024.431636985 4890194.675914624
12935028.325722056 4890195.200368052
12935032.219807127 4890195.724821503
12935036.113892198 4890196.249274986
12935040.007977268 4890196.773728494
12935043.902062336 4890197.298182032
12935047.796147408 4890197.822635595
12935051.690232478 4890198.347089184
12935055.584441217 4890198.869964511
12935059.478827246 4890199.390577277
12935063.37321327 4890199.911190068
12935067.2675993 4890200.431802886
12935071.161985327 4890200.952415738
12935075.056371352 4890201.4730286095
12935078.950757379 4890201.99364151
12935082.845143406 4890202.514254441
12935086.739529433 4890203.034867397
12935090.633915458 4890203.555480378
12935094.528301485 4890204.076093392
12935098.422687512 4890204.5967064295
12935102.317073539 4890205.117319498
12935106.211459566 4890205.63793259
12935110.105845591 4890206.158545709
12935114.000231618 4890206.679158853
12935117.894617645 4890207.199772031
12935121.789003672 4890207.720385234
12935125.683389701 4890208.2409984665
12935129.577775728 4890208.761611726
12935133.472161753 4890209.282225007
12935137.36654778 4890209.802838323
12935141.260933807 4890210.323451665
12935145.155319834 4890210.844065027
12935149.049705861 4890211.3646784285
12935152.944091886 4890211.8852918465
12935156.838477913 4890212.405905294
12935160.73286394 4890212.926518772
12935164.627249967 4890213.447132276
12935168.521635992 4890213.967745808
12935172.41602202 4890214.48835937
12935176.310408046 4890215.008972956
12935180.204794075 4890215.529586569
12935184.0991801 4890216.050200214
12935187.993606173 4890216.570299567
12935191.888200566 4890217.088237197
12935195.782824295 4890217.605796746
12935199.677487863 4890218.122842852
12935203.572151436 4890218.639888984
12935207.466815006 4890219.1569351405
12935211.361478578 4890219.673981328
12935215.256142147 4890220.191027537
12935219.15060948 4890220.710585043
12935223.044635301 4890221.235792657
12935226.938661125 4890221.761000303
12935230.832686946 4890222.286207971
12935234.726712765 4890222.811415668
12935238.620738588 4890223.336623395
12935242.51476441 4890223.861831148
12935246.408790229 4890224.387038931
12935250.302816052 4890224.912246741
12935254.196841873 4890225.437454584
12935258.09097875 4890225.961248876
12935261.985208955 4890226.483855277
12935265.879439158 4890227.006461699
12935269.773669362 4890227.529068152
12935273.66789957 4890228.051674633
12935277.562129773 4890228.574281137
12935281.456359977 4890229.096887672
12935285.350590184 4890229.619494236
12935289.244820388 4890230.142100828
12935293.139050592 4890230.664707447
12935297.033280797 4890231.187314093
12935300.927511001 4890231.709920763
12935304.821741207 4890232.232527465
12935308.715971412 4890232.755134193
12935312.610201616 4890233.27774095
12935316.504431823 4890233.800347734
12935320.398662027 4890234.322954547
12935324.29289223 4890234.845561383
12935328.187122438 4890235.368168252
12935332.081352642 4890235.89077515
12935335.975582846 4890236.413382064
12935339.869813051 4890236.935989018
12935343.764043255 4890237.458595992
12935347.658273458 4890237.981202997
12935351.552503666 4890238.5038100295
12935355.44673387 4890239.0264170915
12935359.340964073 4890239.54902418
12935363.23519428 4890240.071631296
12935367.129424484 4890240.594238435
12935371.023654688 4890241.116845602
12935374.917884894 4890241.6394528095
12935378.812115097 4890242.162060027
12935382.706345303 4890242.684667283
12935386.600575509 4890243.207274563
12935390.494805712 4890243.729881872
12935394.389035916 4890244.252489209
12935398.283266123 4890244.775096573
12935402.177496327 4890245.297703965
12935406.07172653 4890245.820311384
12935409.965940287 4890246.343128605
12935413.860114077 4890246.866455448
12935417.754287869 4890247.389782317
12935421.64846166 4890247.913109217
12935425.542635452 4890248.436436139
12935429.436809244 4890248.959763095
12935433.330983032 4890249.483090074
12935437.225156823 4890250.00641709
12935441.119330615 4890250.529744123
12935445.013504406 4890251.05307119
12935448.907678196 4890251.576398284
12935452.801851988 4890252.099725401
12935456.69602578 4890252.6230525505
12935460.590199571 4890253.146379732
12935464.484373363 4890253.669706931
12935468.378547153 4890254.193034159
12935472.272720944 4890254.71636142
12935476.166894736 4890255.239688705
12935480.061068527 4890255.763016019
12935483.955242319 4890256.286343361
12935487.849416107 4890256.809670733
12935491.743589899 4890257.332998127
12935495.63776369 4890257.856325557
12935499.531937482 4890258.379653006
12935503.426111273 4890258.902980485
12935507.320285063 4890259.426307995
12935511.214458855 4890259.949635535
12935515.108632647 4890260.472963095
12935519.002806438 4890260.996290684
12935522.89698023 4890261.519618308
12935526.79115402 4890262.04294595
12935530.685327811 4890262.566273626
12935534.579498455 4890263.089641425
12935538.473655391 4890263.613183882
12935542.367812328 4890264.136726368
12935546.261969265 4890264.660268881
12935550.156126203 4890265.18381142
12935554.050283138 4890265.707353989
12935557.944440076 4890266.230896581
12935561.838597015 4890266.754439206
12935565.73275395 4890267.277981862
12935569.626910886 4890267.8015245395
12935573.521067824 4890268.325067249
12935577.415224759 4890268.8486099765
12935581.309381697 4890269.372152745
12935585.203538632 4890269.895695532
12935589.09769557 4890270.41923835
12935592.991852505 4890270.942781196
12935596.886009444 4890271.466324069
12935600.780166382 4890271.989866968
12935604.674323319 4890272.513409896
12935608.568480253 4890273.036952854
12935612.462637192 4890273.5604958385
12935616.356794126 4890274.084038848
12935620.250951063 4890274.607581888
12935624.145108001 4890275.131124959
12935628.039264938 4890275.654668051
12935631.933421874 4890276.178211174
12935635.827578813 4890276.701754327
12935639.721735748 4890277.225297506
12935643.615892686 4890277.748840712
12935647.51004962 4890278.272383943
12935651.404206559 4890278.795927204
12935655.298363496 4890279.319470495
12935659.19252043 4890279.843013811
12935663.086677369 4890280.366557152
12935666.980968101 4890280.88838911
12935670.875465918 4890281.407572154
12935674.769963736 4890281.926755225
12935678.664461555 4890282.445938325
12935682.55872959 4890282.967893231
12935686.45145263 4890283.508606295
12935690.345720768 4890284.030731422
12935694.23998891 4890284.552856575
12935698.134257052 4890285.074981755
12935702.02852519 4890285.597106963
12935705.922793332 4890286.1192321945
12935709.817061475 4890286.64135746
12935713.711329613 4890287.1634827545
12935717.605588362 4890287.685727996
12935721.499813618 4890288.208400799
12935725.394038873 4890288.731073636
12935729.28826413 4890289.253746493
12935733.182489384 4890289.776419382
12935737.07671464 4890290.299092298
12935740.970939899 4890290.821765241
12935744.865165154 4890291.344438214
12935748.75939041 4890291.867111216
12935752.653615665 4890292.389784239
12935756.547840921 4890292.912457294
12935760.442066176 4890293.435130377
12935764.336291432 4890293.957803485
12935768.230516689 4890294.480476623
12935772.124741944 4890295.003149788
12935776.018967202 4890295.525822978
12935779.913192458 4890296.048496198
12935783.807417713 4890296.571169449
12935787.70164297 4890297.093842725
12935791.595868224 4890297.616516024
12935795.49009348 4890298.139189358
12935799.384318735 4890298.661862714
12935803.278548712 4890299.184475845
12935807.172839034 4890299.706318382
12935811.067129357 4890300.228160951
12935814.961419683 4890300.750003548
12935818.85571001 4890301.271846169
12935822.750000332 4890301.793688818
12935826.644290656 4890302.315531496
12935830.53858098 4890302.837374198
12935834.432871303 4890303.359216933
12935838.327161627 4890303.881059691
12935842.221451953 4890304.4029024765
12935846.115742275 4890304.924745292
12935850.010032598 4890305.446588134
12935853.904322924 4890305.96843101
12935857.798613247 4890306.490273902
12935861.69290357 4890307.012116825
12935865.587193895 4890307.533959783
12935869.48148422 4890308.055802762
12935873.375774542 4890308.5776457675
12935877.270064868 4890309.099488801
12935881.16435519 4890309.621331866
12935885.058645517 4890310.143174955
12935888.95293584 4890310.665018078
12935892.847226162 4890311.186861221
12935896.741516488 4890311.708704393
12935900.635806812 4890312.230547596
12935904.530097134 4890312.752390821
12935908.42438746 4890313.274234079
12935912.318677783 4890313.796077361
12935916.212968105 4890314.31792067
12935920.107132804 4890314.84136544
12935924.001218451 4890315.365817893
12935927.8953041 4890315.890270376
12935931.789389748 4890316.414722877
12935935.683475394 4890316.939175419
12935939.577561041 4890317.46362798
12935943.47164669 4890317.988080573
12935947.365732338 4890318.512533192
12935951.259817988 4890319.036985836
12935955.153903635 4890319.561438512
12935959.047989283 4890320.085891217
12935962.942074932 4890320.610343949
12935966.83616058 4890321.13479671
12935970.73024623 4890321.659249489
12935974.624331875 4890322.183702305
12935978.518417522 4890322.708155149
12935982.412503172 4890323.232608017
12935986.30658882 4890323.757060915
12935990.200674467 4890324.281513839
12935994.094760116 4890324.805966794
12935997.988845764 4890325.330419776
12936001.882931413 4890325.854872786
12936005.77701706 4890326.379325825
12936009.671102706 4890326.903778885
12936013.565188356 4890327.428231977
12936017.459274003 4890327.952685098
12936021.35335965 4890328.477138241
12936025.2474453 4890329.00159142
12936029.141530948 4890329.526044624
12936033.035616597 4890330.050497858
12936036.929702245 4890330.574951113
12936040.823787894 4890331.099404402
12936044.718071252 4890331.621336972
12936048.612375716 4890332.143000501
12936052.506680176 4890332.664664057
12936056.40098464 4890333.186327642
12936060.295289103 4890333.7079912545
12936064.189593565 4890334.229654892
12936068.083898028 4890334.75131856
12936071.978202492 4890335.272982254
12936075.872506956 4890335.794645975
12936079.76681142 4890336.316309725
12936083.66111588 4890336.8379735015
12936087.555420343 4890337.359637304
12936091.449724806 4890337.881301137
12936095.344029268 4890338.402964996
12936099.238333734 4890338.924628884
12936103.132638196 4890339.446292801
12936107.02694266 4890339.96795674
12936110.921247123 4890340.489620709
12936114.815551583 4890341.011284706
12936118.709856046 4890341.5329487305
12936122.60416051 4890342.054612783
12936126.498464972 4890342.576276862
12936130.392769437 4890343.097940968
12936134.287073899 4890343.619605103
12936138.181378363 4890344.141269266
12936142.075682826 4890344.662933456
12936145.969987286 4890345.184597672
12936149.86429175 4890345.706261916
12936153.758264499 4890346.232023409
12936157.649643969 4890346.78981606
12936161.54102344 4890347.3476087395
