12972451.713837562 4887222.37126368
12972445.759254705 4887222.738046668
12972439.804671844 4887223.104829677
12972433.850088986 4887223.471612689
12972427.89568536 4887223.843338326
12972421.941302901 4887224.2156476
12972415.986920439 4887224.587956883
12972410.032538095 4887224.960269356
12972404.078156905 4887225.332613459
12972398.123775715 4887225.704957575
12972392.169404525 4887226.077574875
12972386.215071803 4887226.451243099
12972380.260705153 4887226.823983849
12972374.306305597 4887227.195825025
12972368.351906043 4887227.5676662065
12972362.397506483 4887227.939507408
12972356.443106929 4887228.311348623
12972350.488707373 4887228.683189849
12972344.534307819 4887229.055031092
12972338.579908263 4887229.426872345
12972332.625508705 4887229.798713617
12972326.67110915 4887230.170554898
12972320.716709593 4887230.542396194
12972314.76231004 4887230.914237503
12972308.807910481 4887231.286078835
12972302.853510927 4887231.657920169
12972296.899111371 4887232.029761529
12972290.944711816 4887232.401602892
12972284.990312258 4887232.7734442735
12972279.035902621 4887233.14500923
12972273.081490938 4887233.516518131
12972267.127079254 4887233.888027042
12972261.172667572 4887234.259535974
12972255.218255889 4887234.631044914
12972249.263844203 4887235.002553869
12972243.309432523 4887235.374062837
12972237.355020838 4887235.745571821
12972231.400609154 4887236.117080816
12972225.44619747 4887236.488589824
12972219.491785789 4887236.860098849
12972213.537374105 4887237.231607894
12972207.58296242 4887237.603116944
12972201.628550738 4887237.974626009
12972195.674139054 4887238.346135091
12972189.71972737 4887238.717644183
12972183.76531569 4887239.0891532935
12972177.810904006 4887239.460662413
12972171.85649232 4887239.832171547
12972165.902080638 4887240.2036807025
12972159.947668955 4887240.575189866
12972153.993257271 4887240.946699045
12972148.03884559 4887241.318208239
12972142.084433906 4887241.689717442
12972136.130363164 4887242.070347203
12972130.176655125 4887242.4606794985
12972124.222947083 4887242.851011806
12972118.269239044 4887243.241344133
12972112.315531002 4887243.631676471
12972106.361822963 4887244.022008826
12972100.408114921 4887244.412341199
12972094.454406882 4887244.802673583
12972088.500698842 4887245.193005983
12972082.5469908 4887245.583338402
12972076.593730282 4887245.984743894
12972070.641753366 4887246.41790946
12972064.68977645 4887246.851075042
12972058.737799533 4887247.284240639
12972052.785822613 4887247.717406258
12972046.833845697 4887248.1505718995
12972040.881868782 4887248.583737551
12972034.929891864 4887249.016903229
12972028.977914948 4887249.450068927
12972023.025938028 4887249.8832346415
12972017.07510159 4887250.342403616
12972011.12431373 4887250.802680322
12972005.173525872 4887251.2629570495
12971999.222738015 4887251.723233799
12971993.271950155 4887252.183510571
12971987.321162298 4887252.643787364
12971981.371513117 4887253.128041427
12971975.422937317 4887253.634897677
12971969.474361515 4887254.141753955
12971963.525785714 4887254.6486102585
12971957.57720991 4887255.155466588
12971951.628634108 4887255.662322947
12971945.680058308 4887256.16917933
12971939.731944833 4887256.685097313
12971933.78464572 4887257.216976631
12971927.83734661 4887257.748855979
12971921.890047498 4887258.280735352
12971915.942748385 4887258.81261476
12971909.995449271 4887259.344494194
12971904.048150158 4887259.876373658
12971898.1026432 4887260.441293438
12971892.157525899 4887261.013397054
12971886.2124086 4887261.585500698
12971880.2672913 4887262.15760438
12971874.322174003 4887262.72970809
12971868.377555313 4887263.31045699
12971862.434126513 4887263.911836953
12971856.490697715 4887264.513216946
12971850.547268916 4887265.114596981
12971844.603840118 4887265.715977053
12971838.66041132 4887266.317357155
12971832.716982523 4887266.9187373025
12971826.773553723 4887267.52011748
12971820.830783868 4887268.132292096
12971814.889727682 4887268.772539041
12971808.948671497 4887269.412786033
12971803.00761531 4887270.053033064
12971797.066559125 4887270.693280139
12971791.125502938 4887271.333527251
12971785.184446754 4887271.973774405
12971779.245574808 4887272.647799512
12971773.306733588 4887273.322299817
12971767.367892366 4887273.996800171
12971761.429051144 4887274.671300567
12971755.490209924 4887275.345801006
12971749.551368706 4887276.020301498
12971743.614034101 4887276.716957853
12971737.67744094 4887277.424517687
12971731.740847781 4887278.132077569
12971725.804254621 4887278.839637501
12971719.865742411 4887279.5162301725
12971713.930202365 4887280.238752751
12971707.994662318 4887280.961275377
12971702.059122274 4887281.68379806
12971696.123582225 4887282.406320795
12971690.188042177 4887283.128843577
12971684.252502132 4887283.851366415
12971678.316962086 4887284.57388931
12971672.383533465 4887285.325425015
12971666.450410757 4887286.081164364
12971660.517288057 4887286.836903768
12971654.585283939 4887287.60739828
12971648.654271752 4887288.390977181
12971642.723259563 4887289.1745561445
12971636.792247375 4887289.958135167
12971630.861235186 4887290.741714253
12971624.930223 4887291.5252934005
12971618.99921081 4887292.308872611
12971613.068198623 4887293.092451885
12971607.138439083 4887293.891867444
12971601.210453738 4887294.713712729
12971595.28246839 4887295.535558081
12971589.354483046 4887296.357403497
12971583.426497698 4887297.17924899
12971577.499275884 4887298.010465444
12971571.572063548 4887298.841798293
12971565.644851215 4887299.673131219
12971559.71763888 4887300.504464212
12971553.792667968 4887301.362662762
12971547.867930144 4887302.22365512
12971541.94319232 4887303.084647553
12971536.018454494 4887303.945640067
12971530.09371667 4887304.806632653
12971524.168978844 4887305.667625314
12971518.246086072 4887306.549946555
12971512.324111355 4887307.442880448
12971506.40213664 4887308.335814426
12971500.480161926 4887309.228748476
12971494.55818721 4887310.121682615
12971488.636212494 4887311.014616827
12971482.71423778 4887311.907551126
12971476.792263063 4887312.800485502
12971470.870288348 4887313.693419959
12971464.951086987 4887314.61693436
12971459.033807416 4887315.5616390575
12971453.116527844 4887316.506343845
12971447.199248271 4887317.451048723
12971441.283610752 4887318.413192751
12971435.367975518 4887319.375361134
12971429.452340282 4887320.337529616
12971423.536705049 4887321.299698192
12971417.621069813 4887322.26186686
12971411.70543458 4887323.224035616
12971405.789799344 4887324.186204475
12971399.87416411 4887325.148373417
12971393.960926732 4887326.135133232
12971388.04985126 4887327.144112344
12971382.137821209 4887328.143486068
12971376.225791154 4887329.1428599
12971370.313761102 4887330.142233829
12971364.401731052 4887331.141607855
12971358.489701 4887332.140981988
12971352.580475003 4887333.168289403
12971346.67166933 4887334.199784066
12971340.762863657 4887335.231278838
12971334.854057984 4887336.262773715
12971328.945252312 4887337.2942687
12971323.03644664 4887338.325763797
12971317.13125687 4887339.392049048
12971311.226445265 4887340.461972852
12971305.321633657 4887341.531896771
12971299.41682205 4887342.601820803
12971293.512010442 4887343.671744951
12971287.608644512 4887344.755210976
12971281.705707243 4887345.842692425
12971275.802769974 4887346.930173993
12971269.899832705 4887348.017655681
12971263.996895434 4887349.10513748
12971258.09395817 4887350.192619407
12971252.191371655 4887351.283317796
12971246.291483661 4887352.398760914
12971240.39159567 4887353.514204153
12971234.491707677 4887354.629647519
12971228.591819681 4887355.745091006
12971222.694200354 4887356.880823467
12971216.79729914 4887358.02297816
12971210.900397921 4887359.165132992
12971205.003496705 4887360.307287952
12971199.106595485 4887361.449443049
12971193.210643211 4887362.599853111
12971187.317794474 4887363.777260921
12971181.424945738 4887364.954668871
12971175.532097 4887366.132076962
12971169.639248263 4887367.309485189
12971163.746249367 4887368.485594449
12971157.85480208 4887369.674945526
12971151.963354792 4887370.864296743
12971146.071907502 4887372.053648106
12971140.180460216 4887373.242999617
12971134.290012097 4887374.440651205
12971128.404315453 4887375.677772623
12971122.518618805 4887376.914894199
12971116.63292216 4887378.152015929
12971110.747225516 4887379.389137814
12971104.861528866 4887380.62625985
12971098.975832222 4887381.863382048
12971093.090135574 4887383.1005043965
12971087.206079997 4887384.350904478
12971081.322286544 4887385.603425534
12971075.438493093 4887386.8559467625
12971069.55469964 4887388.10846814
12971063.670906192 4887389.360989676
12971057.786976537 4887390.612411505
12971051.90519786 4887391.88053762
12971046.029227903 4887393.194414324
12971040.153257946 4887394.508291206
12971034.277287986 4887395.822168259
12971028.401318029 4887397.136045489
12971022.5251511 4887398.44841295
12971016.648670213 4887399.758373805
12971010.774960391 4887401.089415056
12971004.901577171 4887402.422941049
12970999.028193949 4887403.7564672185
12970993.154810729 4887405.08999357
12970987.282474957 4887406.431369172
12970981.411145888 4887407.7802887
12970975.53981682 4887409.129208412
12970969.668487754 4887410.478128302
12970963.797158685 4887411.827048381
12970957.925829617 4887413.175968644
12970952.05450055 4887414.52488909
12970946.18317148 4887415.873809718
12970940.314041238 4887417.23879346
12970934.449776512 4887418.639321159
12970928.585511787 4887420.03984906
12970922.72124706 4887421.440377154
12970916.856982337 4887422.840905444
12970910.99271761 4887424.241433935
12970905.1285155 4887425.642407373
12970899.267650826 4887427.06708689
12970893.406786155 4887428.491766615
12970887.545921482 4887429.916446546
12970881.685056811 4887431.34112668
12970875.82419214 4887432.76580702
12970869.963327466 4887434.190487567
12970864.102462795 4887435.6151683135
12970858.243873747 4887437.055625025
12970852.389207939 4887438.5232798075
12970846.534542128 4887439.99093481
12970840.67987632 4887441.458590027
12970834.825210514 4887442.926245467
12970828.970544703 4887444.393901113
12970823.115878897 4887445.861556984
12970817.264109448 4887447.348797639
12970811.413503997 4887448.84390921
12970805.562898543 4887450.339021007
12970799.712293092 4887451.834133029
12970793.861687642 4887453.329245278
12970788.01108219 4887454.824357752
12970782.16304507 4887456.336490947
12970776.31704813 4887457.862144758
12970770.471051192 4887459.387798801
12970764.625054251 4887460.913453087
12970758.779057313 4887462.439107605
12970752.933060374 4887463.964762358
12970747.088745138 4887465.501404597
12970741.244449347 4887467.0381741
12970735.400153555 4887468.574943844
12970729.555857765 4887470.111713824
12970723.711561974 4887471.648484047
12970717.86726618 4887473.185254504
12970712.031449188 4887474.776105727
12970706.196614772 4887476.37322441
12970700.361780355 4887477.970343355
12970694.526945937 4887479.567462555
12970688.692111522 4887481.164582016
12970682.857277106 4887482.761701732
12970677.022442691 4887484.358821706
12970671.187608276 4887485.955941941
12970665.35277386 4887487.553062426
12970659.517939443 4887489.15018318
12970653.686956167 4887490.770988342
12970647.860432604 4887492.419220555
12970642.033909038 4887494.067453046
12970636.207385473 4887495.715685814
12970630.380861908 4887497.3639188595
12970624.554338342 4887499.012152176
12970618.727814775 4887500.660385768
12970612.901291212 4887502.308619633
12970607.074767645 4887503.956853773
12970601.254028244 4887505.63958673
12970595.435102532 4887507.333137396
12970589.61617682 4887509.026688349
12970583.797251107 4887510.720239596
12970577.978325397 4887512.413791133
12970572.159399685 4887514.107342959
12970566.340473972 4887515.800895077
12970560.521548264 4887517.494447483
12970554.702622551 4887519.188000176
12970548.885499952 4887520.892029901
12970543.07328915 4887522.624599255
12970537.261078352 4887524.357168912
12970531.448867552 4887526.089738872
12970525.636656754 4887527.822309132
12970519.824445955 4887529.5548797
12970514.012235153 4887531.287450571
12970508.201964637 4887533.031111947
12970502.392360557 4887534.778582816
12970496.582756475 4887536.526053989
12970490.774560565 4887538.281466561
12970484.970258953 4887540.058840467
12970479.166199695 4887541.837568539
12970473.363603173 4887543.624440887
12970467.561456833 4887545.413819439
12970461.759310495 4887547.203198315
12970455.957575012 4887548.994840788
12970450.160016084 4887550.809490742
12970444.362457154 4887552.62414103
12970438.564898223 4887554.438791646
12970432.771496812 4887556.276012855
12970426.978517938 4887558.1155282585
12970421.18553906 4887559.955044009
12970415.392560186 4887561.7945600925
12970409.59958131 4887563.634076523
12970403.806602435 4887565.473593299
12970398.013623558 4887567.313110413
12970392.220644683 4887569.152627866
12970386.42766581 4887570.992145668
12970380.634686934 4887572.831663804
12970374.8423615 4887574.674650624
12970369.059500875 4887576.567874919
12970363.276640251 4887578.461099578
12970357.493779626 4887580.3543246025
12970351.710918998 4887582.247549982
12970345.928058373 4887584.14077573
12970340.14519775 4887586.03400184
12970334.362337124 4887587.927228312
12970328.5794765 4887589.820455146
12970322.803720187 4887591.750364494
12970317.029477172 4887593.688087905
12970311.255234156 4887595.625811701
12970305.480991142 4887597.563535872
12970299.706748126 4887599.501260421
12970293.93250511 4887601.438985353
12970288.158262094 4887603.376710667
12970282.38401908 4887605.314436353
12970276.61321236 4887607.269472917
12970270.847944919 4887609.252414231
12970265.082677478 4887611.2353559425
12970259.317410037 4887613.218298052
12970253.552142596 4887615.2012405535
12970247.786875155 4887617.184183463
12970242.021607714 4887619.167126766
12970236.256340273 4887621.1500704605
12970230.491072832 4887623.133014559
12970224.72580539 4887625.11595905
12970218.963502202 4887627.113503125
12970213.206049347 4887629.134935874
12970207.448596494 4887631.156369039
12970201.69205274 4887633.1822152175
12970195.937975224 4887635.220032393
12970190.18389771 4887637.2578500025
12970184.429820193 4887639.2956680255
12970178.675742678 4887641.333486464
12970172.921665162 4887643.371305332
12970167.167587645 4887645.409124614
12970161.413510129 4887647.446944315
12970155.663674016 4887649.505120625
12970149.915108148 4887651.569393808
12970144.16654228 4887653.633667427
12970138.417976417 4887655.697941474
12970132.66941055 4887657.762215953
12970126.920844682 4887659.826490857
12970121.172278818 4887661.890766193
12970115.42371295 4887663.955041962
12970109.675147086 4887666.019318164
12970103.926581219 4887668.083594791
12970098.178124592 4887670.148392235
12970092.430007322 4887672.21480673
12970086.681890054 4887674.281221645
12970080.933772786 4887676.347637
12970075.185655518 4887678.414052782
12970069.437538248 4887680.480469003
12970063.689420981 4887682.546885651
12970057.941303711 4887684.613302731
12970052.192738652 4887686.677585891
12970046.443723887 4887688.739726017
12970040.694709124 4887690.801866572
12970034.945694359 4887692.864007559
12970029.196679594 4887694.926148973
12970023.44766483 4887696.988290822
12970017.698650066 4887699.050433099
12970011.950127311 4887701.114922046
12970006.201619994 4887703.179485045
12970000.453112677 4887705.244048475
12969994.70460536 4887707.3086123355
12969988.95609804 4887709.373176629
12969983.207590723 4887711.437741349
12969977.45900966 4887713.501954983
12969971.71030972 4887715.565602354
12969965.961609777 4887717.629250155
12969960.212909834 4887719.692898385
12969954.46420989 4887721.756547048
12969948.715509947 4887723.82019614
12969942.966810007 4887725.883845663
12969937.218110064 4887727.947495616
12969931.46941012 4887730.011146001
12969925.720710177 4887732.074796814
12969919.972010236 4887734.138448063
12969914.223310294 4887736.202099738
12969908.47461035 4887738.265751844
12969902.725910407 4887740.329404381
12969896.977210464 4887742.393057347
12969891.227744104 4887744.453052955
12969885.478270663 4887746.513015183
12969879.728797218 4887748.572977835
12969873.979323776 4887750.632940926
12969868.229850331 4887752.692904436
12969862.48037689 4887754.752868375
12969856.730903449 4887756.812832747
12969850.981430003 4887758.872797548
12969845.231956562 4887760.932762774
12969839.482483117 4887762.992728434
12969833.733009676 4887765.052694522
12969827.98353623 4887767.112661035
12969822.234121848 4887769.172909916
12969816.48522773 4887771.235642857
12969810.736333614 4887773.298376224
12969804.987439496 4887775.361110016
12969799.23854538 4887777.423844248
12969793.489651265 4887779.486578906
12969787.740757147 4887781.549313996
12969781.991863031 4887783.612049514
12969776.242968915 4887785.674785461
12969770.494074797 4887787.7375218365
12969764.745180681 4887789.8002586495
12969758.996286564 4887791.862995887
12969753.247881945 4887793.92806427
12969747.500493243 4887795.997970279
12969741.753104538 4887798.067876723
12969736.00571583 4887800.137783605
12969730.258327127 4887802.207690919
12969724.510938423 4887804.277598664
12969718.763549717 4887806.347506841
12969713.01457697 4887808.409871905
12969707.265551295 4887810.471985334
12969701.516525615 4887812.534099188
12969695.76749994 4887814.596213479
12969690.01847426 4887816.658328192
12969684.269448582 4887818.720443338
12969678.519939804 4887820.78024901
12969672.769314392 4887822.8347159885
12969667.01868898 4887824.8891834
12969661.268063571 4887826.9436512375
12969655.517438157 4887828.998119502
12969649.76681275 4887831.052588194
12969644.016187334 4887833.107057308
12969638.265561925 4887835.161526853
12969632.51493651 4887837.2159968205
12969626.7643111 4887839.27046722
12969621.014335357 4887841.328045468
12969615.265030313 4887843.388832188
12969609.515725268 4887845.449619338
12969603.766420227 4887847.510406912
12969598.017115183 4887849.571194921
12969592.26781014 4887851.631983355
12969586.518505096 4887853.692772221
12969580.769200055 4887855.75356151
12969575.01989501 4887857.814351238
12969569.270589968 4887859.875141391
12969563.521284925 4887861.93593197
12969557.77197988 4887863.996722983
12969552.022674838 4887866.057514425
12969546.273369795 4887868.118306294
12969540.524064753 4887870.179098591
12969534.774759708 4887872.239891321
12969529.025454665 4887874.300684483
12969523.276149623 4887876.361478067
12969517.526844582 4887878.422272087
12969511.777539536 4887880.48306653
12969506.028234493 4887882.543861404
12969500.278929451 4887884.604656716
12969494.529624406 4887886.665452444
12969488.780319365 4887888.726248609
12969483.031014321 4887890.7870452
12969477.281709276 4887892.847842225
12969471.532404235 4887894.908639679
12969465.783099193 4887896.969437556
12969460.033794148 4887899.03023587
12969454.284489105 4887901.091034603
12969448.535184063 4887903.151833776
12969442.785453295 4887905.210593982
12969437.033613525 4887907.259251582
12969431.281773755 4887909.3079096
12969425.529933982 4887911.356568041
12969419.778094212 4887913.4052269105
12969414.026254442 4887915.453886207
12969408.274414672 4887917.502545917
12969402.52119657 4887919.544558806
12969396.766567694 4887921.579768382
12969391.011938816 4887923.61497838
12969385.25730994 4887925.650188796
12969379.502681065 4887927.685399632
12969373.745496068 4887929.70815238
12969367.985402714 4887931.716730236
12969362.22530936 4887933.725308489
12969356.465216009 4887935.733887166
12969350.705122657 4887937.7424662355
12969344.945029302 4887939.75104572
12969339.180723574 4887941.738814127
12969333.415721305 4887943.723141625
12969327.650719035 4887945.707469519
12969321.885716766 4887947.69179781
12969316.120714497 4887949.6761265015
12969310.353332572 4887951.648578757
12969304.585629832 4887953.6194302235
12969298.817927092 4887955.590282074
12969293.050224353 4887957.561134329
12969287.282521613 4887959.531986966
12969281.50980566 4887961.477255694
12969275.740072232 4887963.437908751
12969269.970338805 4887965.398562191
12969264.20060538 4887967.359216023
12969258.430871952 4887969.319870243
12969252.661138527 4887971.280524849
12969246.890474878 4887973.236447845
12969241.113650981 4887975.161034305
12969235.336827088 4887977.085621145
12969229.560003191 4887979.010208354
12969223.783179296 4887980.934795938
12969218.006355403 4887982.859383896
12969212.22690744 4887984.770400787
12969206.445467485 4887986.67111563
12969200.664027533 4887988.571830832
12969194.882587578 4887990.472546406
12969189.101147626 4887992.373262346
12969183.319707671 4887994.2739786515
12969177.538267719 4887996.17469532
12969171.756827764 4887998.075412355
12969165.975387812 4887999.976129749
12969160.19394786 4888001.876847514
12969154.409372369 4888003.761097567
12969148.622016078 4888005.630742973
12969142.834659785 4888007.500388735
12969137.04730349 4888009.370034845
12969131.2599472 4888011.239681307
12969125.472590905 4888013.109328127
12969119.685234614 4888014.978975299
12969113.89787832 4888016.848622827
12969108.109955663 4888018.71525137
12969102.318548301 4888020.563303005
12969096.527140936 4888022.411354974
12969090.735733572 4888024.259407297
12969084.94432621 4888026.107459962
12969079.152918845 4888027.955512971
12969073.361511482 4888029.803566324
12969067.570104117 4888031.651620027
12969061.777487114 4888033.493101303
12969055.97785121 4888035.296444609
12969050.178215308 4888037.099788251
12969044.378579404 4888038.903132221
12969038.578943502 4888040.706476517
12969032.779307598 4888042.509821146
12969026.979671696 4888044.313166101
12969021.178734139 4888046.10930768
12969015.375827067 4888047.894549783
12969009.572919995 4888049.679792211
12969003.77233066 4888051.477873542
12968997.972137041 4888053.278147164
12968992.171943419 4888055.078421116
12968986.371749798 4888056.8786953995
12968980.56804995 4888058.659465595
12968974.762572188 4888060.430345961
12968968.957094429 4888062.201226644
12968963.151616668 4888063.972107643
12968957.346138906 4888065.742988961
12968951.540173247 4888067.511111641
12968945.73015144 4888069.256298195
12968939.920129633 4888071.0014850525
12968934.110107824 4888072.746672219
12968928.30008602 4888074.491859699
12968922.490064211 4888076.237047481
12968916.680042405 4888077.982235571
12968910.870020598 4888079.727423968
12968905.05999879 4888081.47261268
12968899.249976985 4888083.217801695
12968893.435580794 4888084.937825798
12968887.620118318 4888086.65171601
12968881.804655846 4888088.365606523
12968875.98919337 4888090.079497329
12968870.173730895 4888091.793388438
12968864.357401345 4888093.502209044
12968858.53811753 4888095.193752973
12968852.718833717 4888096.885297198
12968846.899549903 4888098.576841709
12968841.080266088 4888100.268386513
12968835.260982275 4888101.959931604
12968829.441698462 4888103.651476982
12968823.622414647 4888105.34302265
12968817.801248511 4888107.02341558
12968811.978618992 4888108.695138072
12968806.155989472 4888110.36686084
12968800.333359955 4888112.038583894
12968794.510730434 4888113.710307228
12968788.688100915 4888115.382030846
12968782.865081973 4888117.051412878
12968777.037889982 4888118.69569987
12968771.210697995 4888120.33998714
12968765.383506007 4888121.984274681
12968759.556314018 4888123.6285625
12968753.72912203 4888125.272850587
12968747.901930042 4888126.917138949
12968742.074738055 4888128.561427587
12968736.247546064 4888130.205716494
12968730.418289142 4888131.837395981
12968724.587694306 4888133.460905648
12968718.757099466 4888135.084415584
12968712.92650463 4888136.707925785
12968707.095909791 4888138.331436254
12968701.265314955 4888139.954946986
12968695.43472012 4888141.57845799
12968689.601872474 4888143.188033313
12968683.768144999 4888144.792166233
12968677.93271843 4888146.385659018
12968672.096064974 4888147.971468765
12968666.259411516 4888149.557278765
12968660.422758054 4888151.143089025
12968654.586104598 4888152.728899533
12968648.749451136 4888154.314710298
12968642.912797678 4888155.900521314
12968637.076144218 4888157.486332587
12968631.23801857 4888159.0627666805
12968625.396147633 4888160.615344516
12968619.554276697 4888162.167922596
12968613.71194643 4888163.717533412
12968607.868581705 4888165.260459586
12968602.025198568 4888166.803266634
12968596.18181543 4888168.346073926
12968590.338432295 4888169.888881458
12968584.495049158 4888171.431689222
12968578.651666021 4888172.974497236
12968572.80669551 4888174.506932035
12968566.959720474 4888176.026267572
12968561.112745438 4888177.545603356
12968555.265770402 4888179.064939365
12968549.418795366 4888180.584275606
12968543.57182033 4888182.103612085
12968537.724845296 4888183.622948794
12968531.877870258 4888185.142285735
12968526.030220447 4888186.657138322
12968520.179367686 4888188.150704239
12968514.328514926 4888189.644270385
12968508.477662163 4888191.137836754
12968502.626809401 4888192.6314033475
12968496.775956642 4888194.124970168
12968490.925103879 4888195.618537209
12968485.074251119 4888197.112104479
12968479.222046124 4888198.596519817
12968473.367259635 4888200.06346337
12968467.512473145 4888201.530407134
12968461.65768666 4888202.997351115
12968455.80290017 4888204.464295319
12968449.948113685 4888205.931239744
12968444.093327196 4888207.398184376
12968438.234996187 4888208.840685959
12968432.376388412 4888210.281279177
12968426.517780641 4888211.7218726035
12968420.659172868 4888213.162466245
12968414.800565097 4888214.603060096
12968408.941957323 4888216.043654151
12968403.082173688 4888217.476002066
12968397.220644519 4888218.896108716
12968391.359115351 4888220.316215576
12968385.497586181 4888221.7363226395
12968379.636057014 4888223.156429904
12968373.774527846 4888224.576537371
12968367.912998676 4888225.996645046
12968362.051348554 4888227.415890686
12968356.186403075 4888228.81164541
12968350.3214576 4888230.207400321
12968344.456512125 4888231.603155438
12968338.59156665 4888232.998910749
12968332.726621175 4888234.394666249
12968326.860124068 4888235.7791518085
12968320.991561601 4888237.148635949
12968315.122999135 4888238.518120274
12968309.254436668 4888239.887604797
12968303.385874202 4888241.257089502
12968297.517311735 4888242.626574398
12968291.648262741 4888243.992466077
12968285.77724293 4888245.343801797
12968279.906223122 4888246.695137693
12968274.035203312 4888248.046473777
12968268.1641835 4888249.397810043
12968262.293163689 4888250.749146496
12968256.42214388 4888252.100483139
12968250.551124066 4888253.451819962
12968244.680104258 4888254.803156969
12968238.809084447 4888256.154494162
12968232.935279088 4888257.484902593
12968227.060709389 4888258.8095684
12968221.18613969 4888260.134234383
12968215.31156999 4888261.458900539
12968209.437000291 4888262.7835668735
12968203.559549564 4888264.086124891
12968197.681373855 4888265.383119697
12968191.80319815 4888266.680114672
12968185.925018355 4888267.97707812
12968180.046765309 4888269.273473308
12968174.168512264 4888270.569868659
12968168.290259218 4888271.866264188
12968162.412006173 4888273.162659878
12968156.533753127 4888274.459055741
12968150.655500084 4888275.75545178
12968144.775730047 4888277.039961144
12968138.894435462 4888278.312524597
12968133.013140878 4888279.585088216
12968127.13184629 4888280.857651994
12968121.250551706 4888282.130215938
12968115.369257119 4888283.402780047
12968109.487962535 4888284.675344319
12968103.607143031 4888285.9516562335
12968097.72677099 4888287.231497905
12968091.846398944 4888288.511339741
12968085.966026902 4888289.791181745
12968080.08565486 4888291.071023917
12968074.205282815 4888292.3508662535
12968068.324910773 4888293.630708749
12968062.44453873 4888294.910551416
12968056.56416669 4888296.190394249
12968050.683794644 4888297.470237242
12968044.803422602 4888298.7500804085
12968038.92305056 4888300.029923739
12968033.042678514 4888301.309767231
12968027.162306473 4888302.589610891
12968021.28193443 4888303.869454715
12968015.401562389 4888305.149298709
12968009.521190343 4888306.429142861
12968003.640818302 4888307.708987186
12967997.76044626 4888308.988831672
12967991.880074214 4888310.268676328
12967985.999702172 4888311.548521143
12967980.119275965 4888312.827939988
12967974.23880698 4888314.107022452
12967968.358337997 4888315.386105079
12967962.47786901 4888316.665187868
12967956.597400025 4888317.944270829
12967950.716931041 4888319.223353956
12967944.836462054 4888320.502437244
12967938.95599307 4888321.781520697
12967933.075524084 4888323.060604321
12967927.195055097 4888324.339688108
12967921.314586112 4888325.618772056
12967915.43475882 4888326.902841067
12967909.558474265 4888328.214431488
12967903.682189709 4888329.526022085
12967897.805905152 4888330.837612864
12967891.929620594 4888332.149203804
12967886.053336037 4888333.460794927
12967880.17705148 4888334.772386223
12967874.328157118 4888336.274851388
12967868.486273648 4888337.827362142
12967862.651985914 4888339.428034911
12967856.817698173 4888341.028707938
12967850.983410435 4888342.629381225
12967845.149122696 4888344.230054775
12967839.314834958 4888345.830728577
12967833.48054722 4888347.431402645
12967827.647765497 4888349.0414433535
12967821.815068025 4888350.652008325
12967815.982370557 4888352.26257356
12967810.149673088 4888353.873139055
12967804.295963189 4888355.343963066
12967798.43200907 4888356.746847889
12967792.568054952 4888358.149732909
12967786.704100834 4888359.55261813
12967780.840146711 4888360.955503547
12967774.976192594 4888362.358389165
12967769.112238476 4888363.761274976
12967763.249700118 4888365.174223738
12967757.388303567 4888366.595288288
12967751.526907016 4888368.016353045
12967745.665510464 4888369.437418005
12967739.804113915 4888370.858483168
12967733.942717364 4888372.279548533
12967728.081320813 4888373.70061411
12967722.23459963 4888375.218270301
12967716.402374173 4888376.831762941
12967710.572877822 4888378.461528729
12967704.760131879 4888380.19117256
12967698.947385933 4888381.920816693
12967693.134639991 4888383.650461134
12967687.321894048 4888385.380105873
12967681.509161888 4888387.109829205
12967675.704005565 4888388.882571208
12967669.898849241 4888390.655313536
12967664.093692917 4888392.428056175
12967658.288536591 4888394.200799137
12967652.483380267 4888395.973542413
12967646.67809576 4888397.745567072
12967640.872626776 4888399.516557395
12967635.067157794 4888401.28754804
12967629.261688808 4888403.058538998
12967623.456219824 4888404.829530275
12967617.660206407 4888406.652633299
12967611.865816005 4888408.484681386
12967606.07992461 4888410.360500843
12967600.316398669 4888412.352190362
12967594.569588797 4888414.424515203
12967588.812568324 4888416.448196782
12967583.068380821 4888418.533054082
12967577.324681742 4888420.619639832
12967571.578748962 4888422.695526116
12967565.846365364 4888424.835570187
12967560.113357862 4888426.972590497
12967554.390762862 4888429.156993091
12967548.668494305 4888431.342841568
12967542.957625708 4888433.578473606
12967537.240062796 4888435.785154251
12967531.572686978 4888438.2028184235
12967525.90940542 4888440.637558598
12967520.25091857 4888443.090818255
12967514.622613134 4888445.66065007
12967508.994307695 4888448.230482545
12967503.368350508 4888450.808866764
12967497.777028203 4888453.513373331
12967492.1857059 4888456.217880628
12967486.62611612 4888459.031480041
12967481.075272046 4888461.875146619
12967475.554330705 4888464.816766725
12967470.047899818 4888467.803947382
12967464.564868607 4888470.864556922
12967459.081837395 4888473.92516741
12967453.638965959 4888477.1052162275
12967448.213370694 4888480.336194775
12967442.806737347 4888483.621241484
12967437.45632491 4888487.060038891
12967432.108806785 4888490.506752692
12967426.785764288 4888494.016393314
12967421.508638628 4888497.644085135
12967416.243942002 4888501.301882545
12967411.032035707 4888505.087544384
12967405.820129411 4888508.873207676
12967400.669096947 4888512.797763593
12967395.553879425 4888516.802600112
12967390.466709733 4888520.868055407
12967385.432647472 4888525.045452152
12967380.441785378 4888529.30990003
12967375.492739644 4888533.657500348
12967370.566527814 4888538.049495707
12967365.685683597 4888542.526074891
12967360.853845503 4888547.094021535
12967356.022007413 4888551.661970279
12967351.285643952 4888556.39756106
12967346.580316067 4888561.186042923
12967341.911083154 4888566.034252672
12967337.332595222 4888571.029006604
12967332.754107289 4888576.023763056
12967328.257207533 4888581.143494661
12967323.797386764 4888586.318755783
12967319.401044417 4888591.585464076
12967315.07525533 4888596.951618941
12967310.80915752 4888602.398982352
12967306.592608923 4888607.912230065
12967302.418038819 4888613.479841939
12967298.366001058 4888619.200499894
12967294.313963296 4888624.92116116
12967290.366770435 4888630.765073921
12967286.484744959 4888636.683964174
12967282.656240853 4888642.662035883
12967278.87268331 4888648.689264517
12967275.089125765 4888654.716496818
12967271.329279374 4888660.769069611
12967267.571432743 4888666.823782959
12967263.81358611 4888672.87850002
12967260.084804723 4888678.9638498705
12967256.364280684 4888685.057905105
12967252.681834824 4888691.191330923
12967249.010928972 4888697.336691101
12967245.364110164 4888703.506205271
12967241.783656096 4888709.742262002
12967238.203202026 4888715.978322665
12967234.628191873 4888722.219658633
12967231.116518153 4888728.522327573
12967227.62455132 4888734.843486502
12967224.189733598 4888741.218258015
12967220.790303204 4888747.6254229145
12967217.480050487 4888754.111569483
12967214.197318878 4888760.622090446
12967211.019475754 4888767.221026813
12967207.845840499 4888773.82351441
12967204.762628969 4888780.497753713
12967201.755001137 4888787.231969927
12967198.770757994 4888793.983615831
12967195.889142584 4888800.811373528
12967193.093531068 4888807.700221994
12967190.297919549 4888814.589075263
12967187.650822885 4888821.577046575
12967185.03523156 4888828.585874925
12967182.460383058 4888835.620519457
12967180.00082388 4888842.72536144
12967177.588269217 4888849.857784816
12967175.219664603 4888857.014886688
12967172.969572661 4888864.237530674
12967170.8131961 4888871.509128326
12967168.682255467 4888878.793479607
12967166.574002976 4888886.089207394
12967164.595206533 4888893.446534855
12967162.688119952 4888900.836350758
12967160.89369558 4888908.274014978
12967159.129853362 4888915.724590713
12967157.547295213 4888923.2442771485
12967155.976821778 4888930.768575971
12967154.475607282 4888938.316567243
12967153.036673017 4888945.885702249
12967151.715549784 4888953.491603578
12967150.495369969 4888961.126263178
12967149.280597823 4888968.762468983
12967148.258148827 4888976.445609988
12967147.294937246 4888984.142924743
12967146.393090568 4888991.852908492
12967145.508491788 4888999.566443822
12967144.673604732 4889007.289468969
12967143.875928603 4889015.019143025
12967143.155287258 4889022.761806661
12967142.49619531 4889030.512002308
12967142.193009607 4889038.301836005
12967141.889823902 4889046.091675832
12967141.631296704 4889053.883963149
12967141.459534885 4889061.680568664
12967141.328992758 4889069.478651205
12967141.2228221 4889077.277307122
12967141.246707924 4889085.0766759645
12967141.370805483 4889092.874394622
12967141.58963999 4889100.669114751
12967141.878111966 4889108.459849646
12967142.194689354 4889116.24869951
12967142.599546997 4889124.030685857
12967143.075501233 4889131.805221448
12967143.633565545 4889139.570951442
12967144.211837035 4889147.334179246
12967144.874457799 4889155.085562499
12967145.576292224 4889162.8312939685
12967146.335427398 4889170.567821165
12967147.09456257 4889178.304354417
12967147.921939876 4889186.028709224
12967148.855223987 4889193.731167205
12967149.890354943 4889201.412727852
12967150.925485898 4889209.094294468
12967151.960616853 4889216.775867047
12967152.99574781 4889224.457445594
12967154.038262272 4889232.1372991605
12967155.105717368 4889239.811311743
12967156.173172463 4889247.485330285
12967157.240627559 4889255.159354777
12967158.308082655 4889262.833385224
12967159.375537751 4889270.507421631
12967160.386434605 4889278.194097007
12967161.378347464 4889285.885480087
12967162.370260324 4889293.576869152
12967163.362173183 4889301.268264189
12967164.354086043 4889308.959665219
12967165.345998902 4889316.6510722255
12967166.337911762 4889324.342485209
12967167.329824623 4889332.03390418
12967168.321737483 4889339.725329132
12967169.31365034 4889347.416760066
12967170.305563204 4889355.108196984
12967171.29747606 4889362.799639878
12967172.289388921 4889370.491088757
12967173.281301782 4889378.182543614
12967174.273214642 4889385.874004462
12967175.2651275 4889393.565471286
12967176.257040361 4889401.256944093
12967177.248953221 4889408.948422883
12967178.240625061 4889416.639960783
12967179.229336062 4889424.3321573585
12967180.188681554 4889432.030707593
12967181.142065238 4889439.730541416
12967182.041833747 4889447.441426896
12967182.94160226 4889455.152318387
12967183.841370769 4889462.863215899
12967184.735196257 4889470.575276251
12967185.589686599 4889478.294999404
12967186.438458499 4889486.015765196
12967187.219982695 4889493.748727399
12967188.001506893 4889501.481695646
12967188.739872206 4889509.221918385
12967189.476119094 4889516.962502969
12967190.212365983 4889524.703093613
12967190.964470536 4889532.441014535
12967191.753001839 4889540.172794975
12967192.612187115 4889547.89112523
12967193.564182607 4889555.591143366
12967194.552428057 4889563.2835504515
12967195.540673507 4889570.975963523
12967196.587958911 4889578.654930209
12967197.644315362 4889586.331840799
12967198.70067181 4889594.008757349
12967199.75702826 4889601.685679857
12967200.81338471 4889609.362608326
12967201.869741159 4889617.039542753
12967202.926097607 4889624.71648314
12967203.982454056 4889632.393429493
12967205.038810505 4889640.070381799
12967206.095166953 4889647.747340065
12967207.151523404 4889655.424304292
12967208.207879853 4889663.101274477
12967209.264236301 4889670.778250623
12967210.32059275 4889678.455232726
12967211.376949199 4889686.132220792
12967212.433305651 4889693.809214816
12967213.4896621 4889701.486214801
12967214.546018548 4889709.163220749
12967215.602374999 4889716.840232653
12967216.658731444 4889724.517250512
12967217.715087896 4889732.194274341
12967218.771444345 4889739.871304122
12967219.827800794 4889747.548339864
12967220.884157244 4889755.225381569
12967221.940513693 4889762.902429231
12967222.996870141 4889770.579482857
12967224.05322659 4889778.256542436
12967225.109583039 4889785.933607979
12967226.165939488 4889793.610679488
12967227.222295938 4889801.287756946
12967228.278652387 4889808.964840367
12967229.335008835 4889816.641929751
12967230.391365284 4889824.319025092
12967231.447720544 4889831.996126676
12967232.503977131 4889839.673257471
12967233.56023372 4889847.350394223
12967234.616490306 4889855.027536929
12967235.672746895 4889862.7046856
12967236.729003482 4889870.381840231
12967237.78526007 4889878.059000822
12967238.841516659 4889885.7361673685
12967239.897773247 4889893.41333988
12967240.954029836 4889901.0905183535
12967242.010286424 4889908.767702784
12967243.06654301 4889916.444893176
12967244.122799598 4889924.122089529
12967245.179056186 4889931.799291842
12967246.235312775 4889939.476500111
12967247.291569363 4889947.153714344
12967248.347825948 4889954.830934537
12967249.404082539 4889962.508160687
12967250.460339125 4889970.185392801
12967251.516595714 4889977.862630876
12967252.572852302 4889985.53987491
12967253.629108889 4889993.217124905
12967254.685365478 4890000.89438086
12967255.741622066 4890008.571642776
12967256.797878653 4890016.248910649
12967257.854135241 4890023.926184486
12967258.910391828 4890031.603464284
12967259.966648417 4890039.28075004
12967261.022905005 4890046.958041754
12967262.079161592 4890054.635339433
12967263.135418182 4890062.312643071
12967264.19167477 4890069.989952671
12967265.247931356 4890077.6672682315
12967266.304187944 4890085.344589753
12967267.360444533 4890093.021917232
12967268.417038465 4890100.699171174
12967269.4738081 4890108.376389676
12967270.53057774 4890116.053614139
12967271.587347377 4890123.730844554
12967272.644117014 4890131.408080934
12967273.70088665 4890139.085323274
12967274.757656287 4890146.762571577
12967275.814425925 4890154.439825837
12967276.871195562 4890162.117086055
12967277.927965198 4890169.79435224
12967278.984734835 4890177.471624387
12967280.041504472 4890185.148902488
12967281.09827411 4890192.826186552
12967282.155043747 4890200.503476577
12967283.211813383 4890208.180772566
12967284.26858302 4890215.858074511
12967285.325352658 4890223.535382417
12967286.382122295 4890231.212696281
12967287.438891932 4890238.8900161125
12967288.495661568 4890246.567341898
12967289.552431207 4890254.244673648
12967290.609200843 4890261.922011359
12967291.665970478 4890269.599355032
12967292.722740117 4890277.276704664
12967293.779504577 4890284.954061479
12967294.836223872 4890292.631434898
12967295.892943168 4890300.308814278
12967296.949662464 4890307.986199616
12967298.006381758 4890315.663590921
12967299.063101053 4890323.340988183
12967300.119820349 4890331.018391409
12967301.176539646 4890338.695800592
12967302.233258942 4890346.373215736
12967303.289978236 4890354.050636841
12967304.346697532 4890361.728063915
12967305.403416827 4890369.405496942
12967306.460136125 4890377.08293593
12967307.51685542 4890384.760380882
12967308.573574714 4890392.437831793
12967309.63029401 4890400.115288665
12967310.687013306 4890407.792751497
12967311.743732601 4890415.470220293
12967312.800451895 4890423.1476950515
12967313.85717119 4890430.825175766
12967314.913890487 4890438.502662444
12967315.970609782 4890446.1801550845
12967317.027329076 4890453.857653683
12967318.084048372 4890461.535158249
12967319.14076767 4890469.212668769
12967320.196098862 4890476.890512073
12967321.25046991 4890484.568587393
12967322.304840956 4890492.246668676
12967323.359212002 4890499.92475592
12967324.413583051 4890507.602849128
12967325.467954097 4890515.280948299
12967326.522325145 4890522.959053432
12967327.57669619 4890530.637164527
12967328.631067237 4890538.31528158
12967329.68557957 4890545.9933713665
12967330.740452679 4890553.671382249
12967331.795325788 4890561.349399094
12967332.850198897 4890569.0274218945
12967333.905072004 4890576.705450662
12967334.959945112 4890584.383485393
12967336.014818221 4890592.0615260815
12967337.06969133 4890599.739572733
12967338.124564439 4890607.41762535
12967339.185110163 4890615.094345199
12967340.246131895 4890622.770958672
12967341.307153622 4890630.447578101
12967342.36817535 4890638.1242034985
12967343.42919708 4890645.800834848
12967344.490218807 4890653.477472165
12967345.549058188 4890661.154630288
12967346.603222419 4890668.832897328
12967347.657386644 4890676.51117033
12967348.711550875 4890684.1894493
12967349.765715102 4890691.867734228
12967350.81987933 4890699.546025119
12967351.874043558 4890707.2243219735
12967352.928207787 4890714.90262479
12967353.982372016 4890722.580933568
12967355.036536243 4890730.259248309
12967356.113278389 4890737.931687104
12967357.1698636 4890745.609443846
12967358.226448808 4890753.287206553
12967359.28303402 4890760.964975218
12967360.33961923 4890768.64274984
12967361.39620444 4890776.320530436
12967362.452789651 4890783.998316984
12967363.509374863 4890791.6761095
12967364.56596007 4890799.353907972
12967365.622545281 4890807.031712407
12967366.679130493 4890814.709522804
12967367.735715702 4890822.387339166
12967368.792300913 4890830.065161486
12967369.848886125 4890837.74298977
12967370.905471332 4890845.420824021
12967371.962056544 4890853.098664228
12967373.018641753 4890860.776510402
12967374.075226964 4890868.454362533
12967375.131812176 4890876.132220628
12967376.188397383 4890883.810084683
12967377.244982595 4890891.4879547
12967378.301567806 4890899.165830684
12967379.358153015 4890906.843712624
12967380.414738227 4890914.521600528
12967381.471323438 4890922.199494397
12967382.527908646 4890929.877394228
12967383.584493857 4890937.555300014
12967384.641079068 4890945.233211774
12967385.69766428 4890952.911129488
12967386.754249487 4890960.589053167
12967387.810834698 4890968.266982807
12967388.86741991 4890975.944918407
12967389.92400512 4890983.622859974
12967390.980590327 4890991.3008075
12967392.037175542 4890998.978760992
12967393.09376075 4891006.656720441
12967394.150345959 4891014.334685862
12967395.20693117 4891022.0126572335
12967396.277028548 4891029.687425814
12967397.332679166 4891037.36562417
12967398.38561177 4891045.044472792
12967399.43854438 4891052.723327386
12967400.491476983 4891060.402187937
12967401.54440959 4891068.081054455
12967402.597342197 4891075.759926931
12967403.650274804 4891083.438805377
12967404.70320741 4891091.117689791
12967405.756140014 4891098.79658016
12967406.809072625 4891106.475476497
12967407.862005232 4891114.154378795
12967408.914937835 4891121.833287063
12967409.967870444 4891129.512201284
12967411.02080305 4891137.19112148
12967412.077952283 4891144.869053179
12967413.139440484 4891152.545967532
12967414.200928688 4891160.222887848
12967415.262416892 4891167.899814123
12967416.323905094 4891175.576746358
12967417.3853933 4891183.253684556
12967418.446881501 4891190.930628715
12967419.508369705 4891198.607578834
12967420.569857907 4891206.284534912
12967421.631346112 4891213.961496954
12967422.692834316 4891221.6384649575
12967423.754322518 4891229.315438917
12967424.80652079 4891236.994605048
12967425.854997592 4891244.674652913
12967426.903474394 4891252.35470675
12967427.951951198 4891260.034766548
12967429.001119034 4891267.714670021
12967430.05851726 4891275.392646463
12967431.115915487 4891283.070628867
12967432.173313716 4891290.748617233
12967433.230711944 4891298.426611565
12967434.28811017 4891306.104611858
12967435.345508398 4891313.782618113
12967436.402906626 4891321.46063033
12967437.460304854 4891329.138648509
12967438.517703082 4891336.816672652
12967439.575101309 4891344.494702757
12967440.630873252 4891352.173122079
12967441.686297208 4891359.851629371
12967442.741721159 4891367.530142626
12967443.797145111 4891375.208661849
12967444.852569066 4891382.88718703
12967445.90799302 4891390.56571818
12967446.963416973 4891398.244255294
12967448.018840928 4891405.922798365
12967449.074264882 4891413.601347405
12967450.129688835 4891421.279902404
12967451.18511279 4891428.958463372
12967452.240536742 4891436.637030304
12967453.296033842 4891444.31558597
12967454.351599153 4891451.994131544
12967455.407164462 4891459.67268308
12967456.462729769 4891467.351240587
12967457.51829508 4891475.029804047
12967458.573860386 4891482.708373474
12967459.629425695 4891490.386948865
12967460.684991004 4891498.065530223
12967461.74055631 4891505.744117546
12967462.796121622 4891513.422710828
12967463.85279917 4891521.1010476155
12967464.912729742 4891528.778622736
12967465.972660316 4891536.45620382
12967467.032590892 4891544.133790865
12967468.092521466 4891551.811383869
12967469.15245204 4891559.488982839
12967470.212382613 4891567.166587768
12967471.272313187 4891574.844198659
12967472.332243763 4891582.521815516
12967473.392174337 4891590.199438337
12967474.45210491 4891597.877067115
12967475.512035487 4891605.554701857
12967476.57196606 4891613.232342565
12967477.631949665 4891620.909976692
12967478.692097776 4891628.587577872
12967479.746754482 4891636.266480135
12967480.800956884 4891643.9454955105
12967481.855159285 4891651.624516847
12967482.909361687 4891659.303544147
12967483.963564089 4891666.982577415
12967485.017766489 4891674.661616649
12967486.071968889 4891682.34066185
12967487.126171293 4891690.0197130125
12967488.180373693 4891697.698770135
12967489.234576093 4891705.377833222
12967490.288778495 4891713.056902279
12967491.342980895 4891720.7359773
12967492.397183297 4891728.415058281
12967493.4513857 4891736.094145233
12967494.5055881 4891743.773238146
12967495.5597905 4891751.452337027
12967496.613992903 4891759.131441867
12967497.668195304 4891766.810552672
12967498.723790478 4891774.489341652
12967499.779666385 4891782.168070519
12967500.840003269 4891789.845750991
12967501.9028419 4891797.522846138
12967502.96568053 4891805.199947242
12967504.028519161 4891812.87705431
12967505.091357794 4891820.554167339
12967506.154196424 4891828.231286327
12967507.217035053 4891835.908411286
12967508.297401918 4891843.5812042225
12967509.44963509 4891851.236217294
12967510.532816358 4891858.908075409
12967511.582729809 4891866.588270217
12967512.63264326 4891874.268470991
12967513.682556711 4891881.948677733
12967514.732470166 4891889.628890434
12967515.782383617 4891897.309109112
12967516.832297068 4891904.989333749
12967517.882210523 4891912.66956436
12967518.921177216 4891920.3522866955
12967519.973099789 4891928.032058279
12967521.025022363 4891935.711835829
12967522.076944934 4891943.391619341
12967523.128867509 4891951.071408819
12967524.180790083 4891958.751204266
12967525.233937623 4891966.4307179535
12967526.287945535 4891974.110035519
12967527.341953447 4891981.78935905
12967528.395961355 4891989.468688548
12967529.449969271 4891997.148024009
12967530.503977181 4892004.827365436
12967531.554887269 4892012.50743916
12967532.603170194 4892020.1881348295
12967533.65145312 4892027.868836468
12967534.699736051 4892035.549544071
12967535.74801898 4892043.230257648
12967536.796301909 4892050.910977185
12967537.846255166 4892058.591311154
12967538.899768382 4892066.270816594
12967539.953281602 4892073.950328004
12967541.006794816 4892081.629845378
12967542.060308035 4892089.309368721
12967543.117990153 4892096.98791449
12967544.179401089 4892104.665586514
12967545.240812026 4892112.343264498
12967546.302222962 4892120.020948448
12967547.3636339 4892127.69863836
12967548.425044836 4892135.37633424
12967549.486455774 4892143.054036075
12967550.54786671 4892150.731743877
12967551.6089145 4892158.409543458
12967552.665778428 4892166.088337685
12967553.722642353 4892173.767137877
12967554.779506281 4892181.445944037
12967555.83637021 4892189.124756163
12967556.893234136 4892196.8035742445
12967557.950098064 4892204.482398298
12967559.00696199 4892212.161228319
12967560.063825916 4892219.840064302
12967561.120689845 4892227.518906242
12967562.177553773 4892235.197754155
12967563.235151278 4892242.876434948
12967564.293377606 4892250.554973338
12967565.351603933 4892258.2335176915
12967566.409830257 4892265.912068009
12967567.468937445 4892273.590416098
12967568.529348793 4892281.2684619045
12967569.589760136 4892288.946513679
12967570.649457805 4892296.624739653
12967571.703002084 4892304.304422478
12967572.75956932 4892311.983399982
12967573.816136556 4892319.662383448
12967574.87270379 4892327.341372885
12967575.929271026 4892335.020368286
12967576.98583826 4892342.699369652
12967578.042405497 4892350.37837698
12967579.09897273 4892358.057390273
12967580.155539965 4892365.736409531
12967581.2121072 4892373.4154347535
12967582.268674435 4892381.094465944
12967583.325241672 4892388.773503098
12967584.381808907 4892396.452546221
12967585.43837614 4892404.131595309
12967586.494943375 4892411.810650356
12967587.55151061 4892419.48971137
12967588.608077845 4892427.16877835
12967589.664645081 4892434.847851298
12967590.721212316 4892442.526930209
12967591.77777955 4892450.206015084
12967592.834346784 4892457.885105928
12967593.89112519 4892465.5641529355
12967594.948593298 4892473.243043252
12967596.00606141 4892480.921939542
12967597.063529521 4892488.600841792
12967598.120997634 4892496.279750007
12967599.178465743 4892503.958664184
12967600.235933851 4892511.637584334
12967601.371117104 4892519.297118717
12967602.425257098 4892526.976834716
12967603.47939709 4892534.656556681
12967604.533537082 4892542.336284614
12967605.587677078 4892550.016018516
12967606.641817072 4892557.695758385
12967607.695957066 4892565.375504215
12967608.75009706 4892573.055256015
12967609.804237053 4892580.735013775
12967610.858377047 4892588.414777509
12967611.912517041 4892596.094547206
12967612.963866727 4892603.774942214
12967614.02665076 4892611.452680915
12967615.09278621 4892619.1296309745
12967616.158921655 4892626.806586994
12967617.2250571 4892634.483548977
12967618.291192548 4892642.160516926
12967619.357327994 4892649.837490834
12967620.42346344 4892657.514470704
12967621.486176057 4892665.192268159
12967622.545249688 4892672.870934456
12967623.60432332 4892680.549606718
12967624.663396953 4892688.228284948
12967625.722470583 4892695.90696914
12967626.781544216 4892703.585659294
12967627.840617847 4892711.26435542
12967628.89969148 4892718.943057509
12967629.958765112 4892726.621765557
12967631.017838743 4892734.300479573
12967632.076912377 4892741.979199558
12967633.135986008 4892749.657925506
12967634.195059638 4892757.336657417
12967635.25413327 4892765.015395297
12967636.313206904 4892772.694139138
12967637.372280534 4892780.372888939
12967638.431354165 4892788.051644715
12967639.504225114 4892795.727061742
12967640.616227258 4892803.392998641
12967641.728229403 4892811.058941483
12967642.735195223 4892818.7478495855
12967643.738008576 4892826.439566059
12967644.740821932 4892834.131288514
12967645.752728507 4892841.820934089
12967646.8049892 4892849.50134223
12967647.857249893 4892857.181756332
12967648.909510583 4892864.862176398
12967649.961771276 4892872.542602441
12967651.014031969 4892880.223034447
12967652.066292662 4892887.903472419
12967653.118553352 4892895.583916362
12967654.170814045 4892903.264366274
12967655.223074736 4892910.94482215
12967656.27533543 4892918.625283997
12967657.32759612 4892926.305751809
12967658.379856814 4892933.986225588
12967659.432117505 4892941.666705339
12967660.484378198 4892949.3471910525
12967661.53663889 4892957.027682744
12967662.589308431 4892964.708084253
12967663.645082098 4892972.387761802
12967664.700855762 4892980.067445315
12967665.756629428 4892987.7471347945
12967666.812403096 4892995.4268302405
12967667.86817676 4893003.106531654
12967668.923950426 4893010.786239032
12967669.979724092 4893018.465952378
12967671.034068536 4893026.146008007
12967672.087724762 4893033.826231543
12967673.141380986 4893041.506461054
12967674.195037212 4893049.186696525
12967675.248693436 4893056.866937971
12967676.30234966 4893064.547185379
12967677.356005883 4893072.227438757
12967678.409662109 4893079.907698101
12967679.463318331 4893087.587963415
12967680.516974557 4893095.268234699
12967681.570630783 4893102.948511943
12967682.613644991 4893110.6312539885
12967683.632348048 4893118.319619074
12967684.651051106 4893126.007990146
12967685.66975416 4893133.696367198
12967686.688457217 4893141.38475023
12967687.734581742 4893149.066801513
12967688.788870756 4893156.746971766
12967689.843159763 4893164.427147991
12967690.897448773 4893172.1073301835
12967691.951737782 4893179.787518339
12967693.00602679 4893187.4677124685
12967694.060315799 4893195.147912559
12967695.11460481 4893202.8281186195
