12993137.457444964 4865967.744479706
12993129.338655131 4865964.797731399
12993121.219865296 4865961.850983969
12993113.101075461 4865958.904237416
12993104.982285626 4865955.957491741
12993096.863495793 4865953.010746934
12993088.744705955 4865950.064003006
12993080.625916122 4865947.117259955
12993072.507126287 4865944.170517774
12993064.387096036 4865941.229922279
12993056.268421978 4865938.282638322
12993048.14974792 4865935.33535524
12993040.028345617 4865932.400918826
12993031.906136375 4865929.470282708
12993023.783927131 4865926.539647453
12993015.669278111 4865923.575868913
12993007.548915949 4865920.636525866
12992999.428553786 4865917.697183702
12992991.308191625 4865914.757842395
12992983.187829463 4865911.818501971
12992975.0674673 4865908.879162408
12992966.947105138 4865905.939823725
12992958.826742975 4865903.00048591
12992950.706380812 4865900.061148961
12992942.58601865 4865897.121812886
12992934.466642786 4865894.177839397
12992926.347524123 4865891.232657232
12992918.228405463 4865888.287475944
12992910.109286798 4865885.342295528
12992901.990168137 4865882.397115988
12992893.871049475 4865879.451937318
12992885.751930814 4865876.506759523
12992877.632812154 4865873.561582606
12992869.51369349 4865870.616406562
12992861.394574828 4865867.671231386
12992853.275456166 4865864.726057091
12992845.156337501 4865861.780883669
12992837.037218843 4865858.835711118
12992828.91762445 4865855.892778208
12992820.796457969 4865852.957244372
12992812.675291488 4865850.021711401
12992804.554125007 4865847.086179301
12992796.432958527 4865844.150648072
12992788.311792046 4865841.215117705
12992780.190625561 4865838.279588212
12992772.06945908 4865835.344059587
12992763.9482926 4865832.408531827
12992755.82712612 4865829.473004939
12992747.705959639 4865826.537478918
12992739.584793154 4865823.60195376
12992731.462336184 4865820.672532766
12992723.337470712 4865817.754503468
12992715.21260524 4865814.836475033
12992707.08773977 4865811.918447457
12992698.962874299 4865809.000420736
12992690.838008825 4865806.0823948765
12992682.713143354 4865803.164369875
12992674.58827788 4865800.246345728
12992666.460194297 4865797.343658266
12992658.330359727 4865794.449315884
12992650.200525159 4865791.554974344
12992642.070690595 4865788.660633643
12992633.940856028 4865785.766293794
12992625.80120168 4865782.919389068
12992617.66117874 4865780.074265654
12992609.5211558 4865777.229143056
12992601.38113286 4865774.384021271
12992593.241109917 4865771.538900312
12992585.101086976 4865768.693780158
12992576.954003 4865765.883313377
12992568.806860195 4865763.07313609
12992560.659717388 4865760.262959608
12992552.512574583 4865757.452783916
12992544.365431774 4865754.642609022
12992536.210426645 4865751.871623182
12992528.053952765 4865749.107958809
12992519.897478886 4865746.344295206
12992511.741005007 4865743.58063238
12992503.584531127 4865740.816970313
12992495.427908596 4865738.054065956
12992487.258862885 4865735.354420768
12992479.089817178 4865732.6547763115
12992470.920771467 4865729.955132596
12992462.75172576 4865727.255489605
12992454.582680048 4865724.555847355
12992446.404738685 4865721.902794228
12992438.220697511 4865719.281687784
12992430.036656335 4865716.660582033
12992421.850962201 4865714.048342445
12992413.659548433 4865711.46678016
12992405.468134668 4865708.885218541
12992397.27671708 4865706.303678297
12992389.083109258 4865703.734010033
12992380.889501434 4865701.164342434
12992372.6928926 4865698.611176962
12992364.488782814 4865696.099257111
12992356.284673031 4865693.587337892
12992348.080563249 4865691.07541931
12992339.86791625 4865688.6116453605
12992331.652723545 4865686.162228053
12992323.437530842 4865683.712811354
12992315.222338133 4865681.263395257
12992307.004716577 4865678.828053737
12992298.77850112 4865676.442510055
12992290.55228566 4865674.056966947
12992282.326070206 4865671.671424416
12992274.099854747 4865669.285882455
12992265.87363929 4865666.9003410665
12992257.641574554 4865664.549532828
12992249.407364467 4865662.211464116
12992241.168719262 4865659.900369192
12992232.924764425 4865657.621566673
12992224.680809585 4865655.342764684
12992216.436274894 4865653.067582842
12992208.183594247 4865650.843251323
12992199.930913601 4865648.618920305
12992191.678232957 4865646.394589786
12992183.42555231 4865644.170259767
12992175.171542808 4865641.954548658
12992166.907125888 4865639.805752804
12992158.642708972 4865637.656957412
12992150.378292052 4865635.508162485
12992142.113875132 4865633.35936802
12992133.849458212 4865631.210574026
12992125.578542534 4865629.105084313
12992117.3038942 4865627.024467224
12992109.029245865 4865624.943850576
12992100.754597528 4865622.863234354
12992092.478979543 4865620.789290388
12992084.195517942 4865618.769315857
12992075.912056344 4865616.749341736
12992067.628594743 4865614.729368026
12992059.345133143 4865612.709394728
12992051.061671544 4865610.689421841
12992042.769291546 4865608.733065427
12992034.474651279 4865606.792832181
12992026.18001101 4865604.852599317
12992017.884479603 4865602.918883805
12992009.587839395 4865600.99327735
12992001.291199187 4865599.067671277
12991992.993071593 4865597.15313933
12991984.689460913 4865595.279429935
12991976.38585023 4865593.405720902
12991968.076223072 4865591.579074981
12991959.756469138 4865589.831644148
12991951.350606851 4865589.071445381
12991942.942866538 4865588.332778249
12991934.55365829 4865587.362633169
12991926.214133132 4865585.783940903
12991917.874607973 4865584.205248893
12991909.535082817 4865582.626557128
12991901.197469968 4865581.031121001
12991892.860841624 4865579.437427547
12991884.519356295 4865577.87648241
12991876.177870965 4865576.3155375235
12991867.835721526 4865574.760788888
12991859.4863555 4865573.273369667
12991851.136989476 4865571.785950669
12991842.78343344 4865570.339336266
12991834.428718034 4865568.904012596
12991826.074002625 4865567.468689135
12991817.71928722 4865566.03336588
12991809.364672763 4865564.597052697
12991800.998405386 4865563.301152328
12991792.615928242 4865562.17491915
12991784.233451098 4865561.048686098
12991775.850973956 4865559.922453175
12991767.468283001 4865558.799012367
12991759.080891132 4865557.736957249
12991750.69448569 4865556.661796894
12991742.309132632 4865555.572655098
12991733.923779573 4865554.483513426
12991725.538426517 4865553.394371868
12991717.153073456 4865552.305230435
12991708.767720398 4865551.216089121
12991700.38063776 4865550.151956772
12991691.990720762 4865549.1244494105
12991683.600803763 4865548.096942156
12991675.209757082 4865547.085736955
12991666.814777005 4865546.131292944
12991658.419928929 4865545.176222395
12991650.026115939 4865544.210329172
12991641.628054263 4865543.303288167
12991633.228278637 4865542.423872625
12991624.827063441 4865541.568271725
12991616.424613232 4865540.733344954
12991608.021878304 4865539.905094364
12991599.617959483 4865539.096022049
12991591.213325853 4865538.300517649
12991582.81137935 4865537.457083529
12991574.408772934 4865536.624864203
12991566.003241004 4865535.844638058
12991557.596999643 4865535.078587297
12991549.1923134 4865534.282986576
12991540.787501447 4865533.4895860385
12991532.383125234 4865532.688530524
12991523.981026022 4865531.847695209
12991515.57425703 4865531.090892153
12991507.172353512 4865530.247483321
12991498.767658599 4865529.453379208
12991490.36219307 4865528.673966961
12991481.958294876 4865527.865342305
12991473.552617567 4865527.088766802
12991465.14990043 4865526.259953501
12991456.744840592 4865525.4713136405
12991448.340791557 4865524.666088653
12991439.93510832 4865523.888647104
12991431.532734107 4865523.072697403
12991423.127458509 4865522.288956285
12991414.721966714 4865521.507990891
12991406.316551981 4865520.725529099
12991397.91154675 4865519.941408133
12991389.506291283 4865519.156525542
12991381.100775337 4865518.3765052
12991372.696033636 4865517.583714204
12991364.28995063 4865516.8142659925
12991355.886838442 4865515.991449117
12991347.482826162 4865515.183726842
12991339.078813879 4865514.376004639
12991330.674801596 4865513.568282501
12991322.271674043 4865512.745238563
12991313.871973118 4865511.86499392
12991305.476219082 4865510.930663222
12991297.079463268 4865510.003230578
12991288.684035065 4865509.055569695
12991280.289012495 4865508.101766431
12991271.893989926 4865507.14796326
12991263.5047846 4865506.129916319
12991255.139014311 4865504.808868868
12991246.773244023 4865503.48782159
12991238.407473736 4865502.166774486
12991230.041703446 4865500.845727564
12991221.675933156 4865499.524680816
12991213.309832484 4865498.20823441
12991204.917706285 4865497.213485957
12991196.523372794 4865496.250073606
12991188.127018841 4865495.316453982
12991179.721619645 4865494.553855411
12991171.304179056 4865494.036984264
12991162.882970985 4865493.650381458
12991154.45958528 4865493.34106052
12991146.034100246 4865493.181501504
12991137.60849549 4865493.328613136
12991129.185370438 4865493.650876185
12991120.766565574 4865494.110404321
12991112.350909423 4865494.674942772
12991103.962368507 4865495.713926032
12991095.60328163 4865497.102628701
12991087.286345344 4865498.857783987
12991079.022606531 4865501.010988572
12991070.783668758 4865503.309379569
12991062.611712784 4865505.9927557865
12991054.494445957 4865508.944272433
12991046.42988673 4865512.130701819
12991038.43397696 4865515.602968489
12991030.550120594 4865519.486818549
12991022.710691608 4865523.518850608
12991014.965161579 4865527.848041251
12991007.292489273 4865532.395517261
12990999.684803907 4865537.124341241
12990992.16641745 4865542.09162644
12990984.689662155 4865547.164658499
12990977.289618662 4865552.426661088
12990969.889575172 4865557.688666464
12990962.57950033 4865563.160268806
12990955.277841387 4865568.651480151
12990947.976182444 4865574.142694531
12990940.674523503 4865579.633911949
12990933.372864556 4865585.125132411
12990926.042704081 4865590.551183231
12990918.648976726 4865595.826014029
12990911.165263101 4865600.881968132
12990903.638024349 4865605.825739162
12990895.99403542 4865610.451412388
12990888.269654933 4865614.845842867
12990880.409465976 4865618.805887425
12990872.461493436 4865622.460918884
12990864.380925003 4865625.574942395
12990856.196818119 4865628.195199039
12990847.939655375 4865630.370962047
12990839.602039281 4865631.949418772
12990831.230773244 4865633.167690466
12990822.816093996 4865633.70182965
12990814.390140602 4865633.708644792
12990805.971548438 4865633.2527429005
12990797.586837912 4865632.164481087
12990789.247307107 4865630.601382526
12990780.97983764 4865628.480077636
12990772.824067015 4865625.718716018
12990764.781986944 4865622.448676134
12990756.853537466 4865618.722094106
12990749.134211276 4865614.316528754
12990741.606923793 4865609.372301394
12990734.292568045 4865603.91426084
12990727.309086792 4865597.759628741
12990720.596772954 4865591.119193468
12990714.284433564 4865583.83838424
12990708.409630952 4865575.960785463
12990703.017139772 4865567.515997141
12990698.133495731 4865558.558056126
12990693.955065528 4865549.011870246
12990690.395372948 4865539.051738788
12990687.694383783 4865528.633087889
12990685.781413343 4865517.928099945
12990684.726065477 4865507.01893493
12990684.713347163 4865496.031501619
12990685.450786177 4865485.080516306
12990687.127701841 4865474.3142481325
12990689.58322707 4865463.804878781
12990692.954874577 4865453.729905976
12990696.882370623 4865444.008820008
12990701.579990035 4865434.881488094
12990706.777188834 4865426.229003423
12990712.59989541 4865418.282075712
12990718.769457486 4865410.794529538
12990725.413298862 4865404.029938351
12990732.350950524 4865397.799427405
12990739.618728794 4865392.237663306
12990747.092475237 4865387.163256547
12990754.810917126 4865382.763069869
12990762.649585342 4865378.7327233255
12990770.644793766 4865375.26656693
12990778.711673016 4865372.086677474
12990786.875362407 4865369.360562633
12990795.073108792 4865366.813572183
12990803.30006812 4865364.435157028
12990811.546206202 4865362.170068928
12990819.79483614 4865359.920346311
12990828.043466084 4865357.670624206
12990836.29209602 4865355.420902614
12990844.52706152 4865353.0878766645
12990852.75823019 4865350.731704013
12990860.947253587 4865348.140857828
12990869.119818123 4865345.460079144
12990877.25882167 4865342.610116162
12990885.360739587 4865339.588996059
12990893.423614891 4865336.3938717805
12990901.425856352 4865332.947268143
12990909.363571482 4865329.254557013
12990917.206218569 4865325.231558865
12990925.010653576 4865321.084053916
12990932.74280888 4865316.712177227
12990940.377454951 4865312.057332611
12990947.928546477 4865307.1792767225
12990955.40187286 4865302.097178125
12990962.78331975 4865296.792988124
12990970.0179103 4865291.155606793
12990977.165677853 4865285.330070252
12990984.224912731 4865279.324107783
12990991.207773134 4865273.167287868
12990998.126292285 4865266.8875779025
12991005.044811431 4865260.607871911
12991011.930698657 4865254.267372731
12991018.815091947 4865247.924094219
12991025.699485233 4865241.580819757
12991032.583878519 4865235.237549357
12991039.536332244 4865229.022658523
12991046.54530702 4865222.917169932
12991053.609580625 4865216.920350761
12991060.783634257 4865211.151180121
12991068.041176349 4865205.563309374
12991075.40344587 4865200.212841779
12991082.850611152 4865195.066937957
12991090.35674182 4865190.069534365
12991097.94137193 4865185.27642368
12991105.602361083 4865180.698496075
12991113.330018014 4865176.313133818
12991121.109811664 4865172.087031274
12991128.954850823 4865168.071085009
12991136.86074324 4865164.26515613
12991144.803601967 4865160.59243628
12991152.77686928 4865157.033658014
12991160.788876778 4865153.625329099
12991168.820382884 4865150.296557322
12991176.860211762 4865147.001744258
12991184.902440635 4865143.71701289
12991192.956812361 4865140.483285639
12991201.011184083 4865137.249559436
12991209.065555809 4865134.015834297
12991217.113476634 4865130.755642917
12991225.11870284 4865127.320281519
12991233.123929048 4865123.884921309
12991241.125267573 4865120.434656734
12991249.073431028 4865116.780517633
12991257.021594485 4865113.126379873
12991264.920502473 4865109.295145611
12991272.767444279 4865105.2855632035
12991280.591287564 4865101.20080108
12991288.386318823 4865097.022262966
12991296.178693395 4865092.837841916
12991304.09602669 4865089.071418839
12991311.920970988 4865084.993232742
12991319.70751041 4865080.787835399
12991327.421974162 4865076.362829958
12991334.978388421 4865071.503627903
12991342.43870183 4865066.388978808
12991349.822191654 4865061.089040594
12991357.133496229 4865055.620543553
12991364.383817943 4865050.015429526
12991371.595481755 4865044.325725828
12991378.773632634 4865038.564024041
12991385.90548031 4865032.706293683
12991392.84477881 4865026.469044937
12991399.679466946 4865020.034983033
12991406.51096804 4865013.595203686
12991413.307566555 4865007.092768811
12991420.104165066 4865000.590338195
12991426.868336763 4864994.030604079
12991433.628438698 4864987.463681828
12991440.388540633 4864980.896763931
12991447.148642566 4864974.329850378
12991453.923663728 4864967.78928318
12991460.67847589 4864961.213155574
12991467.427426288 4864954.626741768
12991474.163843684 4864948.018532312
12991480.858507752 4864941.338698493
12991487.529813576 4864934.618877799
12991494.18527138 4864927.87234512
12991500.839888817 4864921.124400334
12991507.492835263 4864914.373675638
12991514.105893178 4864907.556486295
12991520.682096703 4864900.678938965
12991527.241031038 4864893.773359031
12991533.755410276 4864886.796190438
12991540.269789513 4864879.819026753
12991546.784168752 4864872.841867971
12991553.299477905 4864865.866193967
12991559.831733366 4864858.91762103
12991566.372888343 4864851.983288365
12991572.944229128 4864845.097883015
12991579.528935302 4864838.234143869
12991586.072390012 4864831.303597102
12991592.600701302 4864824.3487892235
12991599.044810615 4864817.261922555
12991605.449452652 4864810.113827758
12991611.782764329 4864802.860720707
12991617.978670366 4864795.405765862
12991624.110716693 4864787.86146012
12991630.238627804 4864780.311373854
12991636.319111196 4864772.696285857
12991642.395985214 4864765.076256462
12991648.465447782 4864757.446244429
12991654.494894536 4864749.762308556
12991660.506106112 4864742.0542908395
12991666.464726271 4864734.276808427
12991672.372148236 4864726.4332361305
12991678.237671042 4864718.536147789
12991684.098434787 4864710.633021177
12991689.957036832 4864702.7271850165
12991695.78385419 4864694.781422585
12991701.572194235 4864686.789051474
12991707.44834177 4864678.909860825
12991713.414563814 4864671.142362861
12991719.38078586 4864663.3748709755
12991725.349916713 4864655.611232159
12991731.370558996 4864647.915633832
12991737.385268524 4864640.212130781
12991743.351106996 4864632.444324434
12991749.287722392 4864624.638343514
12991755.195827294 4864616.796050002
12991760.931552906 4864608.738310669
12991766.659252526 4864600.670780823
12991772.517752897 4864592.776571579
12991778.784173165 4864585.422871568
12991785.050593432 4864578.069177007
12991791.08493682 4864570.416854552
12991796.52932375 4864562.02217853
12991801.895428386 4864553.5421859715
12991807.146121724 4864544.939773586
12991812.337848322 4864536.276564793
12991817.495434962 4864527.578497111
12991822.65185331 4864518.879257459
12991827.776492672 4864510.148164148
12991832.819629805 4864501.336655054
12991837.8503693 4864492.512965234
12991842.846063575 4864483.6555232145
12991847.808949934 4864474.766707266
12991852.729430852 4864465.837810914
12991857.579526862 4864456.843497285
12991862.429622868 4864447.849191802
12991867.274560384 4864438.850182799
12991872.061427055 4864429.798619232
12991876.779381998 4864420.68538904
12991881.49733694 4864411.572167216
12991886.210476648 4864402.4547213055
12991890.895076461 4864393.312364994
12991895.505026698 4864384.105486461
12991900.114976939 4864374.898616465
12991904.691933619 4864365.663768009
12991909.156343969 4864356.335923425
12991913.559278436 4864346.958154808
12991917.937840972 4864337.560873704
12991922.314007793 4864328.161721405
12991926.619855529 4864318.707393688
12991930.874242067 4864309.2135843905
12991935.110273281 4864299.705698572
12991939.346304493 4864290.197821859
12991943.5340874 4864280.653649489
12991947.683764903 4864271.081385745
12991951.767322216 4864261.460567842
12991955.798451738 4864251.8022463005
12991959.816537738 4864242.1346013015
12991963.834623737 4864232.466965724
12991967.76322956 4864222.736923594
12991971.645998038 4864212.9756696
12991975.459310327 4864203.168133191
12991979.207670437 4864193.317705215
12991982.95603055 4864183.467287014
12991986.685586376 4864173.604747526
12991990.320987238 4864163.682584385
12991993.945978347 4864153.753852679
12991997.561308566 4864143.819146425
12992001.162654407 4864133.875787436
12992004.65552099 4864123.867304659
12992008.075756557 4864113.81576129
12992011.434246717 4864103.728688602
12992014.75456764 4864093.6203283295
12992018.021126246 4864083.4819798535
12992021.28768485 4864073.343641737
12992024.499910645 4864063.176013139
12992027.629491989 4864052.964465161
12992030.731138932 4864042.738312287
12992033.83278587 4864032.512169961
12992036.883052962 4864022.259861363
12992039.833997369 4864011.9580498645
12992042.784941781 4864001.656249062
12992045.70013917 4863991.33718939
12992048.510787796 4863980.968796266
12992051.321436424 4863970.60041397
12992054.099257763 4863960.217022654
12992056.776871404 4863949.788858357
12992059.453068785 4863939.360089319
12992062.10162361 4863928.919313867
12992064.620532932 4863918.424327676
12992067.089638006 4863907.909020432
12992069.516594041 4863897.376929158
12992071.943550078 4863886.844849063
12992074.36133751 4863876.309198111
12992076.667562542 4863865.731384039
12992078.933270818 4863855.138324305
12992081.137110276 4863844.523253432
12992083.230312353 4863833.869931796
12992085.32351443 4863823.216621605
12992087.351947783 4863812.542077493
12992089.320235496 4863801.848307928
12992091.28852321 4863791.154549895
12992093.209836202 4863780.446309407
12992095.077272285 4863769.72211366
12992096.850182854 4863758.970372978
12992098.558870006 4863748.200907662
12992100.267557157 4863737.431454024
12992101.955986727 4863726.656618698
12992103.535678035 4863715.853937393
12992105.078489887 4863705.041950964
12992106.602332573 4863694.225416783
12992108.083528643 4863683.399069045
12992109.442974739 4863672.545279639
12992110.802420838 4863661.691502101
12992112.054300753 4863650.815957935
12992113.255558241 4863639.930583059
12992114.392675148 4863629.033375088
12992115.45870405 4863618.124029966
12992116.509836782 4863607.212151047
12992117.521795068 4863596.294253722
12992118.414819863 4863585.35867935
12992119.204030689 4863574.409280306
12992119.993241515 4863563.459893344
12992120.755209265 4863552.50738149
12992121.447192727 4863541.546823229
12992122.139176192 4863530.586277073
12992122.786277037 4863519.621633753
12992123.282998215 4863508.643101473
12992123.7929119 4863497.665601922
12992124.267938314 4863486.685626879
12992124.6774516 4863475.700992566
12992125.062509298 4863464.715043331
12992125.353137119 4863453.723982043
12992125.567249218 4863442.73008348
12992125.757326629 4863431.735302043
12992125.94740404 4863420.740532785
12992125.995310312 4863409.743400242
12992126.020975454 4863398.745908272
12992126.046640595 4863387.748428485
12992126.002986344 4863376.7513131285
12992125.883607276 4863365.75508085
12992125.685874868 4863354.760614618
12992125.41469317 4863343.769299014
12992125.060939686 4863332.78152382
12992124.707186203 4863321.793760788
12992124.340245973 4863310.807312843
12992123.851802621 4863299.828925827
12992123.34868407 4863288.851123199
12992122.808202054 4863277.876662648
12992122.163102161 4863266.911538061
12992121.488099247 4863255.949566279
12992120.781227965 4863244.990953711
12992119.999828672 4863234.041382489
12992119.148884477 4863223.100248873
12992118.254821826 4863212.165341575
12992117.255896218 4863201.245559223
12992116.256970612 4863190.32578888
12992115.175704561 4863179.419643181
12992114.056629093 4863168.519760164
12992112.937553626 4863157.619889112
12992111.735203886 4863146.735499391
12992110.47930931 4863135.861068298
12992109.223414734 4863124.9866491165
12992107.849842831 4863114.136541723
12992106.471842965 4863103.287360547
12992105.0938431 4863092.438191237
12992103.559575249 4863081.625093779
12992102.00320278 4863070.817108902
12992100.446830316 4863060.009135795
12992098.794657875 4863049.225495454
12992097.13283401 4863038.444317062
12992095.471010147 4863027.663150378
12992093.73179126 4863016.902814488
12992091.991249995 4863006.142845972
12992090.205278436 4862995.395839199
12992088.34941283 4862984.668767591
12992086.493547225 4862973.941707573
12992084.63768162 4862963.214659149
12992082.743776819 4862952.499075996
12992080.810667684 4862941.795308897
12992078.835309228 4862931.104885198
12992076.807450151 4862920.431039672
12992074.779591072 4862909.75720562
12992072.738047015 4862899.087926456
12992070.610735133 4862888.447133575
12992068.4849217 4862877.805842465
12992066.340289826 4862867.171051915
12992064.164862262 4862856.54687345
12992061.9894347 4862845.922706359
12992059.81105077 4862835.299592883
12992057.591104524 4862824.691143285
12992055.37115828 4862814.082705017
12992053.151212035 4862803.474278092
12992050.883151432 4862792.883238709
12992048.588224353 4862782.302136946
12992046.23818599 4862771.74157185
12992043.888147626 4862761.181017991
12992041.538109265 4862750.620475366
12992039.188070904 4862740.059943978
12992036.83803254 4862729.49942382
12992034.428300394 4862718.961876185
12992032.013388697 4862708.426332054
12992029.598477 4862697.890799109
12992027.187509507 4862687.353739257
12992024.777024753 4862676.81650235
12992022.366539998 4862666.279276626
12992019.956055244 4862655.742062086
12992017.545145096 4862645.205024931
12992015.121770546 4862634.672868828
12992012.698395994 4862624.1407239055
12992010.275021445 4862613.608590149
12992007.839381022 4862603.0812873235
12992005.403486742 4862592.554095415
12992002.967592461 4862582.026914669
12992000.531698182 4862571.499745084
12991998.095803905 4862560.972586661
12991995.659909623 4862550.445439407
12991993.224015344 4862539.918303306
12991990.788121065 4862529.391178378
12991988.352226784 4862518.864064608
12991985.916332504 4862508.336962001
12991983.480438225 4862497.809870562
12991981.044543948 4862487.282790281
12991978.608649667 4862476.755721162
12991976.172755387 4862466.228663207
12991973.736861108 4862455.701616415
12991971.300966829 4862445.174580788
12991968.865072547 4862434.647556322
12991966.42917827 4862424.120543018
12991963.993283989 4862413.593540876
12991961.55738971 4862403.066549896
12991959.12149543 4862392.539570078
12991956.684395144 4862382.013076773
12991954.247221444 4862371.486623563
12991951.810047744 4862360.960181513
12991949.372874046 4862350.4337506285
12991946.935700346 4862339.907330901
12991944.498526644 4862329.380922335
12991942.061352944 4862318.854524931
12991939.624179244 4862308.328138688
12991937.187005546 4862297.801763605
12991934.748784643 4862287.275812648
12991932.310546666 4862276.749879588
12991929.872308688 4862266.223957685
12991927.434070708 4862255.698046946
12991924.995832734 4862245.172147368
12991922.557594756 4862234.646258945
12991920.119356778 4862224.120381685
12991917.681118801 4862213.594515586
12991915.242880823 4862203.068660643
12991912.804642845 4862192.542816859
12991910.36640487 4862182.016984238
12991907.92725102 4862171.491524106
12991905.48804634 4862160.966095199
12991903.048841657 4862150.440677447
12991900.609636977 4862139.91527085
12991898.170432296 4862129.389875416
12991895.731227612 4862118.864491136
12991893.292022932 4862108.339118019
12991890.85281825 4862097.813756056
12991888.413613569 4862087.288405253
12991885.974408885 4862076.763065611
12991883.535204206 4862066.237737123
12991881.095999524 4862055.7124197995
12991878.656794842 4862045.18711363
12991876.217727989 4862034.661764237
12991873.778702479 4862024.136409687
12991871.339599552 4862013.611096842
12991868.900480296 4862003.085801593
12991866.461361043 4861992.5605175095
12991864.022241792 4861982.0352445785
12991861.583122537 4861971.509982808
12991859.144003285 4861960.984732199
12991856.704884032 4861950.459492743
12991854.26576478 4861939.93426445
12991851.826645525 4861929.409047309
12991849.387526274 4861918.883841329
12991846.948407022 4861908.358646508
12991844.509287767 4861897.833462848
12991842.070168516 4861887.308290342
12991839.631049262 4861876.783128991
12991837.19193001 4861866.257978804
12991834.752810756 4861855.732839767
12991832.313691504 4861845.207711891
12991829.874572251 4861834.682595176
12991827.435453 4861824.1574896155
12991824.996333744 4861813.6323952135
12991822.557214493 4861803.107311967
12991820.11809524 4861792.582239886
12991817.678975988 4861782.057178953
12991815.239856733 4861771.532129182
12991812.80073748 4861761.007090567
12991810.361618228 4861750.482063108
12991807.922498973 4861739.957046808
12991805.483379722 4861729.432041662
12991803.044260468 4861718.907047676
12991800.605141215 4861708.382064853
12991798.166021962 4861697.85709318
12991795.727139277 4861687.3320393255
12991793.28825829 4861676.806995963
12991790.849377308 4861666.281963745
12991788.410496324 4861655.756942693
12991785.980823109 4861645.228315409
12991783.55240251 4861634.699212512
12991781.10639925 4861624.177039395
12991778.660395987 4861613.654877427
12991776.21439273 4861603.132726604
12991773.780936638 4861592.605636675
12991771.34917825 4861582.0778881125
12991768.917419862 4861571.550150712
12991766.485661475 4861561.022424476
12991764.053903086 4861550.4947094
12991761.61916768 4861539.968179326
12991759.175769279 4861529.445076225
12991756.732370874 4861518.9219842795
12991754.28897247 4861508.398903492
12991751.868215682 4861497.867223036
12991749.427172448 4861487.343233987
12991746.986129215 4861476.8192561
12991744.545085978 4861466.295289355
12991742.104042748 4861455.771333778
12991739.663084745 4861445.247355685
12991737.222158821 4861434.723376089
12991734.777738534 4861424.200790198
12991732.328129862 4861413.680268257
12991729.88671546 4861403.156518788
12991727.450491887 4861392.630728865
12991725.014268316 4861382.104950104
12991722.578044746 4861371.579182492
12991720.141821176 4861361.053426051
12991717.705597606 4861350.527680756
12991715.269374033 4861340.001946626
12991712.832308048 4861329.476555897
12991710.3921934 4861318.952378702
12991707.952335702 4861308.428111239
12991705.512509884 4861297.903842352
12991703.072684068 4861287.379584615
12991700.632858252 4861276.855338036
12991698.193032434 4861266.331102613
12991695.753206618 4861255.806878341
12991693.313380804 4861245.2826652285
12991690.873554988 4861234.758463264
12991688.433843492 4861224.2342274245
12991686.002580367 4861213.706674692
12991683.571317246 4861203.179133119
12991681.140054123 4861192.651602711
12991678.708790999 4861182.12408346
12991676.297252504 4861171.588859498
12991673.861318726 4861161.063200871
12991671.42538495 4861150.537553399
12991668.989451176 4861140.011917081
12991666.5535174 4861129.48629192
12991664.117583625 4861118.960677919
12991661.681649849 4861108.43507508
12991659.245716074 4861097.909483387
12991656.810540386 4861087.383604243
12991654.375499185 4861076.857683275
12991651.940457989 4861066.331773466
12991649.505416788 4861055.805874814
12991647.068898063 4861045.280569422
12991644.63126918 4861034.755713701
12991642.183718886 4861024.23478881
12991639.736168591 4861013.713875066
12991637.288618296 4861003.192972469
12991634.846316695 4860992.670005862
12991632.406365125 4860982.146121267
12991629.966413556 4860971.622247838
12991627.526461985 4860961.098385556
12991625.086769085 4860950.574432409
12991622.650266083 4860940.049232355
12991620.213763084 4860929.524043455
12991617.777260082 4860918.998865709
12991615.340757081 4860908.473699123
12991612.891970672 4860897.953398639
12991610.44233417 4860887.433445286
12991607.989752332 4860876.914671643
12991605.536202855 4860866.396293054
12991603.084231012 4860855.8773006685
12991600.641645318 4860845.354601333
12991598.199059626 4860834.831913149
12991595.756473932 4860824.3092361195
12991593.31388824 4860813.786570234
12991590.871302547 4860803.263915508
12991588.429660626 4860792.740899266
12991585.990398005 4860782.216954689
12991583.551135384 4860771.693021263
12991581.111872766 4860761.169098994
12991578.677712383 4860750.6431785785
12991576.247058537 4860740.11588843
12991573.816404695 4860729.588609441
12991571.385750853 4860719.061341614
12991568.959847469 4860708.532231293
12991566.561422719 4860697.992409812
12991564.162997972 4860687.452599518
12991561.764573222 4860676.912800408
12991559.366148474 4860666.373012488
12991557.007279247 4860655.818095843
12991554.661503201 4860645.258178987
12991552.33931303 4860634.689711173
12991550.060042223 4860624.105053945
12991547.780771414 4860613.520407999
12991545.501500605 4860602.935773335
12991543.222229796 4860592.351149957
12991541.005084489 4860581.744133523
12991538.794312946 4860571.13482984
12991536.583541404 4860560.525537496
12991534.372769862 4860549.916256488
12991532.161998317 4860539.306986818
12991529.965773005 4860528.692633511
12991527.806777341 4860518.065251501
12991525.647781678 4860507.437880863
12991523.488786012 4860496.810521597
12991521.329790348 4860486.183173701
12991519.232366141 4860475.534935766
12991517.147596007 4860464.882413618
12991515.062825873 4860454.229902898
12991512.978055742 4860443.577403606
12991510.928688556 4860432.913316718
12991508.908720303 4860422.239609352
12991506.88875205 4860411.56591346
12991504.868783798 4860400.892229039
12991502.850320663 4860390.218077904
12991500.882755525 4860379.527767547
12991498.915190391 4860368.8374687005
12991496.947625259 4860358.147181358
12991495.006099036 4860347.448873669
12991493.095971527 4860336.740892223
12991491.191204725 4860326.031320135
12991489.336708892 4860315.306728811
12991487.482213058 4860304.582149073
12991485.627717225 4860293.857580913
12991483.773221392 4860283.133024336
12991481.918725558 4860272.408479341
12991480.064229725 4860261.683945924
12991478.268018046 4860250.942624976
12991476.48690119 4860240.196964901
12991474.705784334 4860229.45131645
12991472.926784843 4860218.7050844515
12991471.180548886 4860207.949757177
12991469.454937069 4860197.18873897
12991467.729325255 4860186.4277324295
12991466.003713438 4860175.666737552
12991464.278101625 4860164.905754328
12991462.556199847 4860154.143796658
12991460.917400803 4860143.359762315
12991459.27860176 4860132.575739687
12991457.639802719 4860121.79172877
12991456.001003675 4860111.007729559
12991454.362204632 4860100.223742065
12991452.741693573 4860089.435172055
12991451.193840433 4860078.628361003
12991449.64598729 4860067.821561707
12991448.098134147 4860057.014774179
12991446.550281005 4860046.207998408
12991445.057497634 4860035.388175205
12991443.591357023 4860024.562045763
12991442.12521641 4860013.735928119
12991440.659075798 4860002.909822281
12991439.192935184 4859992.083728245
12991437.71491017 4859981.260409381
12991436.324039057 4859970.417447712
12991434.933167942 4859959.57449788
12991433.542296829 4859948.731559886
12991432.151425714 4859937.8886337355
12991430.7605546 4859927.045719423
12991429.38645331 4859916.199241796
12991428.059334612 4859905.342759851
12991426.732215911 4859894.486289775
12991425.405097213 4859883.629831564
12991424.113870315 4859872.766080529
12991422.826901836 4859861.901421993
12991421.539933356 4859851.03677535
12991420.317130057 4859840.159628155
12991419.112659065 4859829.278918026
12991417.908188071 4859818.398219812
12991416.703717079 4859807.517533521
12991415.513796693 4859796.634180462
12991414.363377772 4859785.743567332
12991413.212958852 4859774.852966147
12991412.062539933 4859763.962376907
12991410.912121015 4859753.071799602
12991409.779303813 4859742.178209902
12991408.729075443 4859731.270441648
12991407.678847069 4859720.362685373
12991406.628618699 4859709.454941083
12991405.578390326 4859698.547208769
12991404.539182931 4859687.637708508
12991403.518805524 4859676.725179115
12991402.498428123 4859665.812661727
12991401.47537802 4859654.900584831
12991400.452352466 4859643.988599455
12991399.517236132 4859633.063124246
12991398.579382041 4859622.1380617265
12991397.635640793 4859611.213872799
12991396.71715501 4859600.286077872
12991395.821255835 4859589.355059283
12991394.92535666 4859578.424052724
12991394.029457489 4859567.493058198
12991393.175529053 4859556.556406806
12991392.335794033 4859545.617850386
12991391.496059012 4859534.679306009
12991390.708209833 4859523.734269438
12991389.93591047 4859512.787295654
12991389.16361111 4859501.840333932
12991388.391311748 4859490.893384277
12991387.619012387 4859479.946446686
12991386.868011769 4859468.997083804
12991386.16895044 4859458.041798735
12991385.484904837 4859447.084911112
12991384.800859233 4859436.128035572
12991384.125730576 4859425.170240551
12991383.486961365 4859414.208738853
12991382.848192153 4859403.247249261
12991382.213952731 4859392.28533933
12991381.622700436 4859381.319337742
12991381.031448139 4859370.353348269
12991380.440195844 4859359.387370894
12991379.848943546 4859348.421405635
12991379.257691251 4859337.455452487
12991378.70627415 4859326.486143912
12991378.207690636 4859315.512381108
12991377.708172597 4859304.538702964
12991377.205699768 4859293.565266307
12991376.733753087 4859282.589561598
12991376.274014354 4859271.612961186
12991375.814275617 4859260.636372903
12991375.391499469 4859249.657341416
12991374.994160403 4859238.67663235
12991374.59682134 4859227.695935422
12991374.199482273 4859216.715250633
12991373.802143209 4859205.734577987
12991373.404804142 4859194.753917478
12991373.007465076 4859183.773269107
12991372.733813832 4859172.78675885
12991372.437170234 4859161.800824997
12991372.175090978 4859150.813303749
12991371.91301172 4859139.825794657
12991371.650932465 4859128.838297722
12991371.413309058 4859117.849936477
12991371.212555014 4859106.860266054
12991371.01180097 4859095.870607795
12991370.848907815 4859084.87991652
12991370.693093207 4859073.889042001
12991370.537278596 4859062.898179645
12991370.3809814 4859051.907341119
12991370.24489381 4859040.916066868
12991370.155571233 4859029.924082199
12991370.098870706 4859018.931637998
12991370.038066162 4859007.93924511
12991369.971506143 4858996.946919312
12991369.904946122 4858985.954605668
12991369.838386104 4858974.96230419
12991369.79781137 4858963.969804464
12991369.769932603 4858952.977277584
12991369.783973843 4858941.984684957
12991369.79801508 4858930.99210449
12991369.812056322 4858919.999536194
12991369.82609756 4858909.00698006
12991369.87976342 4858898.014767909
12991369.972742714 4858887.02289001
12991370.065722005 4858876.031024281
12991370.158092955 4858865.039162047
12991370.297539247 4858854.048158658
12991370.437517246 4858843.057176931
12991370.577495242 4858832.06620737
12991370.748423312 4858821.076062568
12991370.947587295 4858810.0866712695
12991371.146751277 4858799.09729213
12991371.34591526 4858788.107925149
12991371.56629571 4858777.119302638
12991371.812919522 4858766.131598104
12991372.059543334 4858755.143905732
12991372.313412026 4858744.156506333
12991372.592687367 4858733.17019299
12991372.884706935 4858722.184430635
12991373.182279412 4858711.198962645
12991373.546382071 4858700.21688804
12991373.910484733 4858689.2348255785
12991374.274587391 4858678.252775257
12991374.66404339 4858667.272264303
12991375.077381039 4858656.293204068
12991375.490718689 4858645.314155963
12991375.904056337 4858634.335119992
12991376.350581639 4858623.358352891
12991376.814603837 4858612.382787701
12991377.278626036 4858601.407234639
12991377.742648236 4858590.431693698
12991378.246467259 4858579.459482145
12991378.785733877 4858568.489818858
12991379.325000493 4858557.520167687
12991379.86426711 4858546.550528637
12991380.403533729 4858535.580901687
12991380.916803867 4858524.613041245
12991381.543887291 4858513.651385203
12991382.170970716 4858502.689741257
12991382.798054142 4858491.728109407
12991383.448133621 4858480.768884591
12991384.101873273 4858469.80992711
12991384.755612921 4858458.850981712
12991385.40935257 4858447.892048409
12991386.084582152 4858436.935350253
12991386.768946785 4858425.979654172
12991387.523121051 4858415.03173996
12991388.277295321 4858404.083837816
12991389.06634164 4858393.140134417
12991389.856831545 4858382.196616382
12991390.652178878 4858371.253727552
12991391.49549326 4858360.316945004
