12987266.914160853 4870184.871622887
12987269.431175739 4870177.721033929
12987271.959735442 4870170.577382896
12987274.509608747 4870163.446817365
12987277.053357225 4870156.312737017
12987279.603183005 4870149.182019504
12987282.135519868 4870142.040673101
12987284.661147406 4870134.895350244
12987287.212325523 4870127.765764446
12987289.771700526 4870120.640891667
12987292.294659223 4870113.494011263
12987294.81201214 4870106.345359447
12987297.383254332 4870099.231367396
12987299.945148299 4870092.108355303
12987302.470471125 4870084.963007323
12987305.002881275 4870077.82180089
12987307.55492941 4870070.692475606
12987310.085902667 4870063.550515841
12987312.655905735 4870056.433160385
12987315.21279548 4870049.306811239
12987317.738585263 4870042.16172061
12987320.25013822 4870035.007936611
12987322.808106586 4870027.884228472
12987325.366944307 4870020.759254858
12987327.89911784 4870013.618315143
12987330.457942406 4870006.493243462
12987332.983052874 4869999.347640312
12987335.520611843 4869992.209580035
12987338.074705442 4869985.081828066
12987340.64341688 4869977.962783033
12987343.162359716 4869970.813584655
12987345.722101364 4869963.689508758
12987348.276307395 4869956.561648318
12987350.809810247 4869949.4211934395
12987353.32661773 4869942.270826828
12987355.879466174 4869935.142120435
12987358.415750207 4869928.003448505
12987360.96392136 4869920.872023402
12987363.507580247 4869913.738141224
12987366.03826386 4869906.5962273255
12987368.584437514 4869899.463517924
12987371.10165643 4869892.313564488
12987373.66296885 4869885.190040937
12987376.21016308 4869878.058123078
12987378.751403721 4869870.922802594
12987381.29365028 4869863.787883822
12987383.825353703 4869856.647063701
12987386.396525891 4869849.529693498
12987388.925727712 4869842.386691063
12987391.45702258 4869835.244930034
12987394.010791445 4869828.11684317
12987396.579302056 4869820.998223847
12987399.099845164 4869813.850008028
12987401.663871156 4869806.728251444
12987404.18432227 4869799.5801311815
12987406.71907807 4869792.440549141
12987409.291016119 4869785.32378811
12987411.838785857 4869778.192250578
12987414.37666604 4869771.054879584
12987416.919990607 4869763.920465866
12987419.467393236 4869756.788566364
12987422.00614625 4869749.651510406
12987424.549713988 4869742.517313017
12987427.093668766 4869735.383350421
12987429.630443936 4869728.245018357
12987432.213220429 4869721.134851933
12987434.745491914 4869713.9938022625
12987437.2671 4869706.846300512
12987439.80925892 4869699.711250171
12987442.341986516 4869692.570559617
12987444.90203346 4869685.446423761
12987447.45483969 4869678.317856846
12987450.013970802 4869671.193363821
12987452.542514794 4869664.050503405
12987455.09964647 4869656.924582775
12987457.65677815 4869649.798667269
12987460.213909827 4869642.672756879
12987462.771041505 4869635.54685161
12987465.328173185 4869628.4209514605
12987467.88530486 4869621.295056434
12987470.442436542 4869614.169166525
12987472.999568218 4869607.043281745
12987475.587990899 4869599.936721126
12987478.182238309 4869592.833761788
12987480.776485715 4869585.730807537
12987483.370733125 4869578.627858374
12987485.964980533 4869571.524914295
12987488.562923398 4869564.424287881
12987491.17709458 4869557.333822065
12987493.791265769 4869550.243361318
12987496.405436955 4869543.152905643
12987499.048484914 4869536.080828608
12987501.713334393 4869529.022628382
12987504.378183875 4869521.9644331755
12987507.04303336 4869514.906242999
12987509.707882838 4869507.848057837
12987512.37273232 4869500.789877706
12987515.037581801 4869493.731702597
12987517.731135111 4869486.692179147
12987520.434303002 4869479.658906544
12987523.137470892 4869472.625638924
12987525.84050181 4869465.592286547
12987528.542307809 4869458.558136582
12987531.244113808 4869451.523991603
12987533.945919808 4869444.489851613
12987536.647725808 4869437.4557166165
12987539.35990261 4869430.428472778
12987542.120673437 4869423.433500102
12987544.88144426 4869416.438532363
12987547.642215084 4869409.443569555
12987550.402985912 4869402.448611687
12987553.16878709 4869395.45705971
12987555.949286535 4869388.475449978
12987558.72978598 4869381.49384516
12987561.5220306 4869374.520277542
12987564.332973594 4869367.559502264
12987567.14391659 4869360.598731871
12987569.954859585 4869353.637966359
12987572.765802583 4869346.677205736
12987575.583284503 4869339.720992963
12987578.43322436 4869332.787335466
12987581.28316422 4869325.853682819
12987584.133104078 4869318.920035013
12987586.983043939 4869311.986392062
12987589.848194737 4869305.063476618
12987592.723467004 4869298.147700941
12987595.598739274 4869291.231930085
12987598.47401154 4869284.316164051
12987601.357788904 4869277.40649466
12987604.27853113 4869270.523306319
12987607.199273355 4869263.6401227545
12987610.120015582 4869256.756943967
12987613.040757807 4869249.87376996
12987615.96150003 4869242.990600727
12987618.882242255 4869236.107436267
12987621.802984484 4869229.224276595
12987624.72372671 4869222.3411216885
12987627.644468933 4869215.457971563
12987630.592212167 4869208.594541221
12987633.553432627 4869201.740956133
12987636.514653085 4869194.887375778
12987639.475873545 4869188.033800154
12987642.439416457 4869181.181955912
12987645.441244058 4869174.358579332
12987648.443071662 4869167.535207449
12987651.444899265 4869160.711840254
12987654.452622935 4869153.892911443
12987657.465273537 4869147.077692227
12987660.477924138 4869140.2624777
12987663.490574736 4869133.447267848
12987666.503225338 4869126.632062687
12987669.533746896 4869119.8304330595
12987672.579891888 4869113.040672212
12987675.62603688 4869106.250916008
12987678.672181869 4869099.461164458
12987681.71832686 4869092.671417554
12987684.786707897 4869085.89877449
12987687.856382977 4869079.1271311445
12987690.926058056 4869072.35549243
12987694.001110723 4869065.588035895
12987697.093509598 4869058.834059318
12987700.185908467 4869052.08008734
12987703.27830734 4869045.326119968
12987706.400870495 4869038.5959477015
12987709.539526587 4869031.878472464
12987712.678182678 4869025.1610017745
12987715.816838773 4869018.443535635
12987718.955494868 4869011.726074051
12987722.094150959 4869005.00861701
12987725.232807053 4868998.291164521
12987728.371463146 4868991.573716584
12987731.534945652 4868984.876161849
12987734.698801892 4868978.178911035
12987737.862658126 4868971.481664739
12987741.026514363 4868964.784422969
12987744.20117608 4868958.095942108
12987747.392503386 4868951.420970974
12987750.58383069 4868944.746004329
12987753.775157996 4868938.071042178
12987756.980278479 4868931.407373633
12987760.189776214 4868924.747292148
12987763.399273949 4868918.087215145
12987766.608771684 4868911.427142606
12987769.847354405 4868904.791152941
12987773.091231873 4868898.159551041
12987776.335109342 4868891.527953581
12987779.578986812 4868884.896360549
12987782.839267008 4868878.278511357
12987786.102825869 4868871.663412886
12987789.366384732 4868865.048318824
12987792.62994359 4868858.4332291735
12987795.893502453 4868851.818143934
12987799.157061314 4868845.203063109
12987802.459748678 4868838.621245274
12987805.771144077 4868832.046833482
12987809.082539476 4868825.472426051
12987812.393934872 4868818.898022979
12987815.705330271 4868812.323624263
12987819.016725667 4868805.749229908
12987822.328121066 4868799.174839901
12987825.674064653 4868792.630383539
12987829.025588859 4868786.090766005
12987832.377113061 4868779.5511527825
12987835.7312098 4868773.013844427
12987839.07254686 4868766.465358689
12987842.421777878 4868759.923783521
12987845.806171713 4868753.4131449405
12987849.175415793 4868746.889097257
12987852.527022809 4868740.350611541
12987855.92395812 4868733.852739236
12987859.289486766 4868727.325435092
12987862.671901714 4868720.813284676
12987866.076968329 4868714.321212187
12987869.503018651 4868707.847878788
12987872.913481398 4868701.36050419
12987876.33308718 4868694.881321732
12987879.763244247 4868688.411672519
12987883.186746242 4868681.936042936
12987886.610624315 4868675.460780764
12987890.050228426 4868668.9996908
12987893.492839029 4868662.5413357895
12987896.934354495 4868656.082002797
12987900.37536553 4868649.622296088
12987903.870137202 4868643.212049889
12987907.310379976 4868636.751816113
12987910.79110325 4868630.328424828
12987914.292863093 4868623.924554546
12987917.759239525 4868617.487937862
12987921.236272661 4868611.061177342
12987924.752720412 4868604.6716132555
12987928.252716806 4868598.266170265
12987931.741306487 4868591.850080278
12987935.243621238 4868585.446794443
12987938.77388176 4868579.069738059
12987942.30357965 4868572.692198211
12987945.818747532 4868566.300935889
12987949.34860892 4868559.923498614
12987952.901058944 4868553.56744254
12987956.47417147 4868547.231237085
12987960.032819118 4868540.881102308
12987963.594820179 4868534.534178371
12987967.165750755 4868528.195868134
12987970.744905658 4868521.865453992
12987974.31015555 4868515.521763576
12987977.873084 4868509.175952136
12987981.463356016 4868502.85628047
12987985.042595714 4868496.526010072
12987988.65715056 4868490.230107508
12987992.249144059 4868483.912197064
12987995.860357044 4868477.613626486
12987999.479617588 4868471.322319085
12988003.088202897 4868465.020566082
12988006.708396126 4868458.732581373
12988010.33806747 4868452.451415917
12988013.979753671 4868446.182194913
12988017.636715902 4868439.928097456
12988021.27638613 4868433.656823777
12988024.894350627 4868427.364594188
12988028.551890204 4868421.111092656
12988032.216592342 4868414.864726863
12988035.890162017 4868408.627282718
12988039.575496454 4868402.401663477
12988043.25188582 4868396.167047837
12988046.961082034 4868389.96563577
12988050.637913842 4868383.731475687
12988054.325749876 4868377.508403101
12988058.017896269 4868371.289680251
12988061.75793058 4868365.120686326
12988065.464153072 4868358.916333342
12988069.140543701 4868352.68177575
12988072.833250763 4868346.463857721
12988076.55901794 4868340.27949112
12988080.284161108 4868334.094435209
12988084.020131797 4868327.920861507
12988087.753794111 4868321.744674525
12988091.468490306 4868315.54892536
12988095.235678492 4868309.409168612
12988098.985815994 4868303.24995824
12988102.743659673 4868297.098748472
12988106.525603263 4868290.972876296
12988110.285772549 4868284.824270061
12988114.076425824 4868278.707516942
12988117.861034853 4868272.584426604
12988121.63771946 4868266.452943269
12988125.427570267 4868260.335337484
12988129.233083166 4868254.234459002
12988133.032209309 4868248.126678632
12988136.832664546 4868242.02049005
12988140.639898093 4868235.921499413
12988144.454900874 4868229.830604421
12988148.266099332 4868223.735657066
12988152.124731101 4868217.691897743
12988155.965662705 4868211.6292269565
12988159.806004623 4868205.565678759
12988163.665635912 4868199.523697043
12988167.4997567 4868193.45336882
12988171.335784419 4868187.38517486
12988175.197449265 4868181.345103254
12988179.063863747 4868175.309866508
12988182.923396554 4868169.267058278
12988186.822411513 4868163.267945168
12988190.68088087 4868157.22510293
12988194.54660255 4868151.189314667
12988198.443592925 4868145.188950961
12988202.345059551 4868139.192311363
12988206.215678548 4868133.161699256
12988210.127446344 4868127.176428855
12988214.01359381 4868121.162925767
12988217.929091878 4868115.18183059
12988221.831620637 4868109.186431545
12988225.744269246 4868103.202157792
12988229.682855738 4868097.247262372
12988233.600445723 4868091.268882042
12988237.52140244 4868085.293891827
12988241.472517652 4868079.352882526
12988245.41934504 4868073.407011352
12988249.362658782 4868067.457230473
12988253.332534393 4868061.537899183
12988257.296321545 4868055.611311792
12988261.276841803 4868049.703863846
12988265.261559961 4868043.801249234
12988269.23967852 4868037.891145755
12988273.21448254 4868031.977150341
12988277.194774358 4868026.069474939
12988281.180819673 4868020.168458458
12988285.158780795 4868014.258237208
12988289.161613256 4868008.379101596
12988293.185935648 4868002.522767942
12988297.18326406 4867996.6349282535
12988301.195828877 4867990.764849241
12988305.161688684 4867984.841858962
12988309.195093725 4867978.995926287
12988313.228498764 4867973.149997063
12988317.261903806 4867967.304071279
12988321.295308845 4867961.458148941
12988325.328713886 4867955.612230047
12988329.354146395 4867949.756979673
12988333.40025858 4867943.926085266
12988337.449635927 4867938.099031175
12988341.510343261 4867932.285488045
12988345.587682888 4867926.491777233
12988349.665022517 4867920.698069801
12988353.742362143 4867914.904365749
12988357.81970177 4867909.110665087
12988361.910316315 4867903.332944794
12988366.001668872 4867897.5561161
12988370.093021426 4867891.779290777
12988374.184373982 4867886.002468812
12988378.27572654 4867880.225650213
12988382.37733654 4867874.461251388
12988386.480023885 4867868.698160019
12988390.606582535 4867862.964212599
12988394.735039879 4867857.232586284
12988398.863497218 4867851.500963286
12988402.981632505 4867845.756699892
12988407.123503014 4867840.041662057
12988411.272350663 4867834.335205592
12988415.416584905 4867828.62303852
12988419.560819149 4867822.910874737
12988423.705053391 4867817.198714242
12988427.849287631 4867811.486557041
12988431.993521877 4867805.774403126
12988436.163622202 4867800.094499326
12988440.342503881 4867794.42554634
12988444.521385562 4867788.756596594
12988448.700267239 4867783.087650085
12988452.885809202 4867777.427122376
12988457.088400513 4867771.788140471
12988461.290991822 4867766.149161777
12988465.493583132 4867760.510186284
12988469.696174439 4867754.871213997
12988473.89876575 4867749.232244922
12988478.10135706 4867743.593279047
12988482.303948369 4867737.954316373
12988486.534176217 4867732.350744397
12988490.770431228 4867726.754893128
12988495.00668624 4867721.159045009
12988499.24294125 4867715.563200051
12988503.481445067 4867709.970262109
12988507.734707875 4867704.396473075
12988511.99100835 4867698.8266281085
12988516.247308824 4867693.256786272
12988520.503609298 4867687.686947556
12988524.75990977 4867682.117111974
12988529.017032122 4867676.548354319
12988533.28987663 4867671.000160287
12988537.562721139 4867665.451969355
12988541.835565647 4867659.903781526
12988546.108410154 4867654.355596801
12988550.381254662 4867648.80741518
12988554.654099168 4867643.259236661
12988558.926943677 4867637.711061249
12988563.21488696 4867632.182858562
12988567.519127853 4867626.676214146
12988571.823368749 4867621.169572789
12988576.127609642 4867615.662934488
12988580.431850534 4867610.156299244
12988584.747885693 4867604.665451897
12988589.070737489 4867599.183730629
12988593.393589282 4867593.702012394
12988597.716441078 4867588.220297178
12988602.03929287 4867582.738584996
12988606.396867225 4867577.303950182
12988610.755146787 4867571.870274414
12988615.113426348 4867566.436601619
12988619.471705914 4867561.002931807
12988623.829985475 4867555.569264965
12988628.18826504 4867550.135601104
12988632.548488991 4867544.704601107
12988636.910485573 4867539.276029915
12988641.272482151 4867533.847461693
12988645.643000247 4867528.430626529
12988650.025530081 4867523.030328779
12988654.408059912 4867517.630033966
12988658.790589746 4867512.229742099
12988663.173119577 4867506.829453164
12988667.555649411 4867501.42916717
12988671.938179241 4867496.028884121
12988676.320709072 4867490.62860401
12988680.737006374 4867485.275444178
12988685.154982518 4867479.924629795
12988689.572958669 4867474.573818313
12988693.990934815 4867469.223009703
12988698.40891096 4867463.872203984
12988702.826887107 4867458.521401155
12988707.258104952 4867453.189304667
12988711.690628378 4867447.8590551345
12988716.123151803 4867442.52880846
12988720.560989248 4867437.2061183145
12988725.00480473 4867431.891928553
12988729.468947072 4867426.606905358
12988733.939094787 4867421.330501114
12988738.409242503 4867416.0540996725
12988742.87939022 4867410.777701036
12988747.349537931 4867405.501305212
12988751.8287986 4867400.238126962
12988756.315532558 4867394.98578858
12988760.802266516 4867389.73345298
12988765.289000474 4867384.481120161
12988769.775734432 4867379.228790123
12988774.26246839 4867373.976462864
12988778.74920235 4867368.724138383
12988783.235936308 4867363.471816686
12988787.722670266 4867358.219497771
12988792.215649111 4867352.976335822
12988796.728977429 4867347.7630062755
12988801.242305748 4867342.549679476
12988805.755634068 4867337.33635541
12988810.289279386 4867332.153246873
12988814.822895158 4867326.970020465
12988819.356510928 4867321.786796759
12988823.890126698 4867316.603575765
12988828.42374247 4867311.420357478
12988832.95735824 4867306.2371419035
12988837.49097401 4867301.053929032
12988842.037887579 4867295.890718162
12988846.60555118 4867290.758717086
12988851.17321478 4867285.626718654
12988855.74087838 4867280.494722882
12988860.308541982 4867275.362729767
12988864.876205582 4867270.2307393085
12988869.443869183 4867265.098751498
12988874.011532784 4867259.966766348
12988878.579196384 4867254.8347838465
12988883.146859985 4867249.702804009
12988887.714523586 4867244.570826815
12988892.293960886 4867239.456880459
12988896.8974156 4867234.379712746
12988901.500870315 4867229.302547634
12988906.104325032 4867224.225385123
12988910.707779748 4867219.148225209
12988915.311234463 4867214.071067892
12988919.914689181 4867208.993913171
12988924.518143894 4867203.916761051
12988929.121598609 4867198.839611535
12988933.725053327 4867193.762464612
12988938.34735127 4867188.7146934485
12988942.9835446 4867183.688585223
12988947.61973793 4867178.662479543
12988952.255931258 4867173.636376405
12988956.906241104 4867168.632584805
12988961.561731271 4867163.636982426
12988966.21722144 4867158.641382562
12988970.872711608 4867153.645785218
12988975.528201774 4867148.650190385
12988980.187365897 4867143.660445471
12988984.85022622 4867138.676585888
12988989.513086546 4867133.692728811
12988994.17594687 4867128.708874231
12988998.838807195 4867123.725022159
12989003.50166752 4867118.741172586
12989008.164527845 4867113.757325522
12989012.862182999 4867108.829522354
12989017.561941428 4867103.905109214
12989022.259498263 4867098.977121685
12989026.954564905 4867094.045090901
12989031.649631549 4867089.113062565
12989036.34469819 4867084.181036682
12989041.039764836 4867079.249013254
12989045.734831478 4867074.316992272
12989050.448999375 4867069.416173615
12989055.16844647 4867064.523980384
12989059.887893565 4867059.631789565
12989064.607340662 4867054.73960116
12989069.326787755 4867049.847415168
12989074.046234854 4867044.9552315865
12989078.76866958 4867040.067983162
12989083.503068857 4867035.200491261
12989088.237468136 4867030.333001752
12989092.971867416 4867025.465514626
12989097.728833526 4867020.635688662
12989102.486891314 4867015.807686799
12989107.244949104 4867010.979687286
12989112.003006892 4867006.151690122
12989116.761064682 4867001.323695309
12989121.51923284 4866996.495888309
12989126.27862788 4866991.67014529
12989131.038022919 4866986.844404628
12989135.79741796 4866982.0186663065
12989140.556813 4866977.192930334
12989145.340793593 4866972.40912309
12989150.15106389 4866967.670150634
12989154.961334184 4866962.9311804455
12989159.771604476 4866958.192212516
12989164.581874773 4866953.453246856
12989169.39214507 4866948.714283459
12989174.202415364 4866943.97532232
12989179.012685657 4866939.236363451
12989183.822955953 4866934.497406844
12989188.633226246 4866929.758452495
12989193.443496542 4866925.019500414
12989198.253766838 4866920.280550599
12989203.069138758 4866915.550474616
12989207.897238009 4866910.842533316
12989212.725337254 4866906.134594252
12989217.553436501 4866901.426657425
12989222.381535752 4866896.71872283
12989227.209634999 4866892.010790465
12989232.037734246 4866887.302860334
12989236.865833495 4866882.594932439
12989241.693932742 4866877.887006783
12989246.52203199 4866873.179083357
12989251.35013124 4866868.471162164
12989256.216233164 4866863.830426242
12989261.083199618 4866859.191220862
12989265.950166075 4866854.552017642
12989270.817132529 4866849.9128165925
12989275.684363812 4866845.274092361
12989280.559251308 4866840.64909234
12989285.434138805 4866836.024094466
12989290.309026299 4866831.399098753
12989295.183913795 4866826.7741052
12989300.058801292 4866822.1491137985
12989304.933688786 4866817.52412455
12989309.808576284 4866812.899137463
12989314.68346378 4866808.274152531
12989319.581219 4866803.690672227
12989324.490185205 4866799.127540773
12989329.39915141 4866794.564411407
12989334.308117611 4866790.001284149
12989339.217083817 4866785.438158982
12989344.12605002 4866780.875035918
12989349.035016224 4866776.311914954
12989353.943982426 4866771.74879609
12989358.852948632 4866767.185679321
12989363.769321365 4866762.636188493
12989368.688847028 4866758.09249936
12989373.613578917 4866753.558516217
12989378.565667735 4866749.075525779
12989383.517756552 4866744.59253737
12989388.469845366 4866740.109550983
12989393.421934184 4866735.626566621
12989398.374023 4866731.143584286
12989403.326111814 4866726.660603974
12989408.278200632 4866722.17762569
12989413.230289448 4866717.694649434
12989418.185402662 4866713.217376807
12989423.14175555 4866708.742443241
12989428.098108437 4866704.267511688
12989433.059631102 4866699.80239239
12989438.032695752 4866695.359177321
12989443.005760407 4866690.915964241
12989447.97882506 4866686.4727531485
12989452.95188971 4866682.029544051
12989457.924954364 4866677.586336938
12989462.911723942 4866673.169400631
12989467.899919428 4866668.755199386
12989472.888114916 4866664.341000106
12989477.879530925 4866659.933033887
12989482.882071093 4866655.546592743
12989487.884611256 4866651.160153533
12989492.887151424 4866646.773716261
12989497.889691591 4866642.3872809345
12989502.892231755 4866638.000847549
12989507.894771922 4866633.614416095
12989512.89731209 4866629.227986584
12989517.901918104 4866624.845597128
12989522.92190768 4866620.493279835
12989527.941897256 4866616.140964461
12989532.961886834 4866611.788650993
12989537.98187641 4866607.436339432
12989543.010488078 4866603.101073037
12989548.04742371 4866598.782262478
12989553.084359344 4866594.4634537995
12989558.121294977 4866590.144647003
12989563.158230612 4866585.825842087
12989568.206262149 4866581.529222366
12989573.26067193 4866577.245356118
12989578.315081714 4866572.961491717
12989583.369491495 4866568.677629169
12989588.431799581 4866564.409719389
12989593.49906691 4866560.1518268185
12989598.566334236 4866555.893936076
12989603.633601565 4866551.636047158
12989608.700868893 4866547.378160072
12989613.76813622 4866543.120274813
12989618.835403549 4866538.862391378
12989623.902670877 4866534.604509772
12989628.969938204 4866530.346629995
12989634.038207155 4866526.09078923
12989639.113680914 4866521.849604075
12989644.189154673 4866517.608420731
12989649.26462843 4866513.367239205
12989654.34010219 4866509.126059485
12989659.415575948 4866504.88488158
12989664.491049709 4866500.643705489
12989669.566523464 4866496.402531215
12989674.641997224 4866492.161358746
12989679.717470983 4866487.920188094
12989684.79294474 4866483.679019254
12989689.8684185 4866479.437852232
12989694.946093122 4866475.201186312
12989700.028493026 4866470.974182263
12989705.11089293 4866466.747180017
12989710.193292832 4866462.520179566
12989715.275692735 4866458.29318092
12989720.35809264 4866454.066184071
12989725.44049254 4866449.8391890265
12989730.52166403 4866445.609681282
12989735.604784539 4866441.384166827
12989740.687905049 4866437.158654166
12989745.766568081 4866432.92402239
12989750.844030205 4866428.686935105
12989755.921492327 4866424.449849628
12989760.998954449 4866420.212765962
12989766.076416573 4866415.975684107
12989771.153878696 4866411.738604061
12989776.231340818 4866407.501525825
12989781.308802942 4866403.264449397
12989786.386265064 4866399.027374774
12989791.463727187 4866394.7903019665
12989796.541189311 4866390.553230967
12989801.618651435 4866386.316161775
12989806.696113557 4866382.079094397
12989811.77357568 4866377.842028827
12989816.851037802 4866373.604965065
12989821.928499926 4866369.367903106
12989827.000449615 4866365.119606982
12989832.07218015 4866360.87086597
12989837.143910686 4866356.622126787
12989842.215641221 4866352.373389414
12989847.287371757 4866348.124653863
12989852.359102292 4866343.87592013
12989857.436808437 4866339.639435253
12989862.526825 4866335.428137108
12989867.616841557 4866331.216840742
12989872.706858119 4866327.005546167
12989877.796874676 4866322.794253384
12989882.886891238 4866318.582962381
12989887.968497146 4866314.354472022
12989893.037545335 4866310.1003009025
12989898.106593523 4866305.846131602
12989903.175641712 4866301.591964131
12989908.244689899 4866297.337798477
12989913.313738089 4866293.083634651
12989918.382786276 4866288.829472651
12989923.451834466 4866284.575312469
12989928.521872004 4866280.323163887
12989933.59202376 4866276.071249142
12989938.662175516 4866271.819336219
12989943.732327271 4866267.567425126
12989948.802479027 4866263.315515848
12989953.872630782 4866259.063608395
12989958.942782538 4866254.811702762
12989964.012934294 4866250.559798952
12989969.083086047 4866246.307896961
12989974.153237803 4866242.055996794
12989979.223389558 4866237.804098451
12989984.293541312 4866233.552201927
12989989.361713 4866229.296287639
12989994.428761885 4866225.038095865
12989999.495810773 4866220.779905926
12990004.562859662 4866216.521717808
12990009.62990855 4866212.263531521
12990014.696957437 4866208.005347058
12990019.764006326 4866203.7471644245
12990024.831055215 4866199.48898362
12990029.898104101 4866195.230804643
12990034.965152992 4866190.972627493
12990040.03356451 4866186.717216745
12990045.10201471 4866182.461886298
12990050.170464907 4866178.206557678
12990055.238915106 4866173.951230877
12990060.307365304 4866169.695905907
12990065.375815505 4866165.44058276
12990070.440499505 4866161.177646684
12990075.497287372 4866156.898747514
12990080.554075236 4866152.619850186
12990085.597579785 4866148.314629678
12990090.19931118 4866143.271072122
12990094.698832663 4866138.0381564535
12990099.309991756 4866132.976232708
12990104.088126723 4866128.182574938
12990108.992929997 4866123.612386783
12990113.879835071 4866119.009388332
12990118.766740147 4866114.406392023
12990123.084778078 4866108.981307253
12990127.477669392 4866103.59988327
12990132.16980389 4866098.666741196
12990136.949714798 4866093.876849948
12990141.821430484 4866089.2468356965
12990146.725130677 4866084.674393332
12990151.628830867 4866080.101953068
12990156.560140772 4866075.58332339
12990161.396058861 4866070.889477204
12990166.231976952 4866066.195633233
12990171.042224113 4866061.457157735
12990175.844337361 4866056.704542156
12990180.670837034 4866051.994360672
12990185.546104966 4866047.370796026
12990190.440974563 4866042.782277127
12990195.335844165 4866038.193760348
12990200.230713762 4866033.605245693
12990205.125136532 4866029.015920982
12990210.019527406 4866024.426540425
12990214.971484274 4866019.949860278
12990220.108029138 4866015.8360992065
12990225.208730498 4866011.647065953
12990230.307965398 4866007.454954799
12990235.407200297 4866003.262845412
12990240.506435195 4865999.070737792
12990245.605670093 4865994.87863195
12990250.698199738 4865990.672661942
12990255.790514449 4865986.46624925
12990260.88282916 4865982.259838341
12990265.969643487 4865978.04216457
12990271.040529564 4865973.791871941
12990276.111415641 4865969.541581132
12990281.182301717 4865965.291292141
12990286.253187792 4865961.041004973
12990291.330841063 4865956.80499143
12990296.402970472 4865952.557236783
12990301.475099882 4865948.309483951
12990306.547229292 4865944.061732941
12990311.619358702 4865939.813983747
12990316.691488113 4865935.566236376
12990321.763617521 4865931.318490817
12990326.835746933 4865927.070747081
12990331.907876343 4865922.823005164
12990336.980005752 4865918.575265065
12990342.05213516 4865914.32752678
12990347.117058555 4865910.065206134
12990352.173205908 4865905.785125583
12990357.229353264 4865901.505046879
12990362.172709836 4865897.00653548
12990367.073105028 4865892.428147624
12990371.97350022 4865887.849761882
12990376.838307612 4865883.2071691835
12990381.69968462 4865878.558450838
12990386.557169124 4865873.902800615
12990391.427148256 4865869.269489182
12990396.303172864 4865864.646987373
12990401.179197473 4865860.024487724
12990406.05522208 4865855.401990225
12990410.93860244 4865850.792750229
12990415.823066132 4865846.185464584
12990420.727750842 4865841.6149904905
12990425.637523206 4865837.053779824
12990430.547295572 4865832.492571261
12990435.484068256 4865827.98148899
12990440.433087122 4865823.493142948
12990445.411592811 4865819.061056509
12990450.409227453 4865814.665467949
12990455.423104353 4865810.3018590845
12990460.470143368 4865806.003541669
12990465.517182387 4865801.705226124
12990470.564221403 4865797.406912433
12990475.611260422 4865793.108600607
12990480.658299439 4865788.810290639
12990485.71729832 4865784.536078166
12990490.784987625 4865780.279376179
12990495.852676926 4865776.022676013
12990500.92036623 4865771.765977682
12990505.988055535 4865767.509281168
12990511.055744836 4865763.252586485
12990516.123434138 4865758.995893627
12990521.191123443 4865754.739202594
12990526.258812746 4865750.48251339
12990531.326502047 4865746.225826005
12990536.39419135 4865741.969140456
12990541.461880654 4865737.712456729
12990546.529569957 4865733.455774824
12990551.597940728 4865729.200479468
12990556.670429273 4865724.953553096
12990561.742917819 4865720.70662854
12990566.815406362 4865716.459705807
12990571.887894908 4865712.212784884
12990576.960383452 4865707.965865788
12990582.032871995 4865703.718948499
12990587.105360541 4865699.472033037
12990592.177849086 4865695.225119389
12990597.25008452 4865690.97769246
12990602.32230531 4865686.730237551
12990607.394526104 4865682.482784459
12990612.470910277 4865678.243821039
12990617.548655245 4865674.007633655
12990622.626400212 4865669.771448092
12990627.70409592 4865665.535163733
12990632.781520791 4865661.29832805
12990637.858945658 4865657.061494177
12990642.93637053 4865652.824662114
12990648.013795396 4865648.587831859
12990653.091220265 4865644.351003407
12990658.168645136 4865640.11417677
12990663.246070003 4865635.877351941
12990668.323494874 4865631.640528921
12990673.400919743 4865627.403707711
12990678.478344612 4865623.166888307
12990683.552053357 4865618.922491814
12990688.625730213 4865614.67803211
12990693.69940707 4865610.433574224
12990698.773083927 4865606.189118144
12990703.846760787 4865601.944663888
12990708.920437643 4865597.700211446
12990713.994114501 4865593.455760817
12990719.070971927 4865589.217842221
12990724.17672778 4865585.039456517
12990729.28375135 4865580.863713656
12990734.391158024 4865576.688770695
12990739.490766738 4865572.497712744
12990744.57337172 4865568.27151346
12990749.655976703 4865564.045315975
12990754.738581687 4865559.819120292
12990759.82118667 4865555.592926407
12990764.903791653 4865551.366734323
12990769.986396637 4865547.140544036
12990775.069001619 4865542.914355555
12990780.151606599 4865538.68816887
12990785.234211583 4865534.4619839825
12990790.316816567 4865530.235800898
12990795.399421548 4865526.0096196085
12990800.482026532 4865521.783440124
12990805.564631514 4865517.557262442
12990810.6472365 4865513.331086557
12990815.729841482 4865509.104912468
12990820.809961533 4865504.87365945
12990825.885923782 4865500.6339071365
12990830.961886035 4865496.394156633
12990836.037848286 4865492.154407938
12990841.11381054 4865487.914661055
12990846.189772792 4865483.674915984
12990851.265735043 4865479.435172728
12990856.341697296 4865475.195431284
12990861.417022936 4865470.954393357
12990866.492091594 4865466.712833161
12990871.567160254 4865462.471274772
12990876.642228916 4865458.229718201
12990881.717297575 4865453.988163442
12990886.792366235 4865449.746610495
12990891.863959977 4865445.497984756
12990896.934892505 4865441.248014662
12990902.005825032 4865436.998046384
12990907.076757558 4865432.748079928
12990912.147690088 4865428.498115295
12990917.219356932 4865424.249646027
12990922.291552655 4865420.002254278
12990927.363748379 4865415.754864345
12990932.435944105 4865411.507476231
12990937.508826539 4865407.261487727
12990942.582030037 4865403.016154557
12990947.655233534 4865398.770823201
12990952.728437033 4865394.525493659
12990957.780761795 4865390.238120098
12990962.82099774 4865385.9264037935
12990967.861233687 4865381.614689367
12990972.901469633 4865377.30297681
12990977.941705577 4865372.991266127
12990982.981941525 4865368.679557324
12990988.022177469 4865364.367850391
12990993.062413417 4865360.056145328
12990998.10264936 4865355.74444214
12991003.109069096 4865351.366158342
12991008.114020864 4865346.984986122
12991013.11897263 4865342.603815834
12991018.123197932 4865338.221250431
12991023.090207675 4865333.767118307
12991028.057217415 4865329.312988185
12991033.024227155 4865324.858860062
12991037.961931447 4865320.349671083
12991042.8929146 4865315.827857073
12991047.798254153 4865311.258768424
12991052.703593707 4865306.689681873
12991057.60893326 4865302.120597426
12991062.493461695 4865297.513881378
12991067.360375306 4865292.875313789
12991072.227288922 4865288.236748373
12991077.094202535 4865283.598185125
12991081.941648412 4865278.925093535
12991086.781762676 4865274.238999853
12991091.621876942 4865269.552908379
12991096.461991208 4865264.8668191265
12991101.30210547 4865260.180732079
12991106.143010221 4865255.496051873
12991111.0160033 4865250.868391963
12991115.888996376 4865246.240734216
12991120.888440391 4865241.849108748
12991125.918515759 4865237.517346702
12991131.028987572 4865233.35349192
12991136.263531333 4865229.4585223645
12991141.597431898 4865225.799233397
12991147.033667965 4865222.410817512
12991152.573804723 4865219.321365204
12991158.214787139 4865216.5550115965
12991163.919375528 4865214.0306722205
12991169.711310482 4865211.868665062
12991175.570740853 4865210.031067413
12991181.45086495 4865208.313275015
12991187.382382236 4865206.930816555
12991193.356375769 4865205.897946293
12991199.345291885 4865205.032934392
12991205.360361407 4865204.555607999
12991211.384606129 4865204.432203065
12991217.410636138 4865204.377663353
12991223.429439565 4865204.721393015
12991229.429864727 4865205.407510223
12991235.416112674 4865206.31149685
12991241.37500126 4865207.463781373
12991247.294962255 4865208.923590374
12991253.16797762 4865210.683276149
12991258.985659827 4865212.724892448
12991264.7345637 4865215.077843115
12991270.392396556 4865217.785762994
12991276.00713825 4865220.635499632
12991281.46450305 4865223.97098551
12991286.8180185 4865227.5819597505
12991292.040292075 4865231.499934459
12991297.063512327 4865235.842699766
12991302.01760251 4865240.3189269
12991306.791321209 4865245.1154349
12991311.286307923 4865250.349211698
12991315.591553513 4865255.851036876
12991319.69214247 4865261.609952654
12991323.53883171 4865267.661485163
12991327.147252355 4865273.96045496
12991330.509015659 4865280.48590447
12991333.626362734 4865287.216287534
12991336.684547247 4865293.993954461
12991339.576155366 4865300.8951355675
12991342.342095362 4865307.883720317
12991345.042029105 4865314.915997823
12991347.726509685 4865321.9585083695
12991350.410990264 4865329.001023914
12991353.155266635 4865336.004146619
12991356.057009941 4865342.896893113
12991359.015141273 4865349.750086419
12991362.110337717 4865356.495836146
12991365.383756094 4865363.099801625
12991368.809747208 4865369.569469614
12991372.497547388 4865375.788643744
12991376.346186757 4865381.840713344
12991380.382604424 4865387.679988365
12991384.615723135 4865393.276539437
12991389.024635866 4865398.63732077
12991393.628111688 4865403.711844365
12991398.36607359 4865408.571924461
12991403.211589819 4865413.248559769
12991408.194002904 4865417.66995993
12991413.329819223 4865421.784291681
12991418.54324211 4865425.728485624
12991423.84132833 4865429.476666791
12991429.2629438 4865432.908820351
12991434.72755362 4865436.222425261
12991440.276681876 4865439.285949768
12991445.910642538 4865442.074681635
12991451.591207886 4865444.700320775
12991457.349883705 4865447.015790134
12991463.142592253 4865449.182240145
12991468.959280401 4865451.23760276
12991474.813964857 4865453.098911171
12991480.706735644 4865454.740563685
12991486.612865103 4865456.302846541
12991492.538317643 4865457.72915062
12991498.48775151 4865458.978031187
12991504.448912425 4865460.130394791
12991510.41284811 4865461.256803305
12991516.387951544 4865462.278748899
12991522.372407438 4865463.202389759
12991528.35750618 4865464.119273634
12991534.342604926 4865465.036157594
12991540.330752287 4865465.918237804
12991546.326232009 4865466.710917724
12991552.32214358 4865467.498277576
12991558.318331478 4865468.282027175
12991564.315062847 4865469.0586760575
12991570.31797418 4865469.744211588
12991576.325956948 4865470.354977278
12991582.315202441 4865471.200559049
12991588.294458048 4865472.180251749
12991594.273713656 4865473.159944551
12991600.252969265 4865474.13963745
12991606.232224872 4865475.119330444
12991612.21148048 4865476.099023533
12991618.190736089 4865477.078716726
12991624.169991694 4865478.058410012
12991630.149247305 4865479.03810339
12991636.128502913 4865480.0177968675
12991642.10775852 4865480.9974904405
12991648.087194236 4865481.975305407
12991654.067008974 4865482.949166932
12991660.04682371 4865483.923028552
12991666.026638446 4865484.896890279
12991672.006453183 4865485.870752095
12991677.986267919 4865486.844614001
12991683.966082655 4865487.818476013
12991689.94277759 4865488.824275697
12991695.91846621 4865489.840377211
12991701.894154826 4865490.856478832
12991707.869843446 4865491.872580559
12991713.845532062 4865492.888682385
12991719.819886018 4865493.918013173
12991725.79335681 4865494.956097721
12991731.766827608 4865495.994182376
12991737.740298402 4865497.032267148
12991743.713769196 4865498.070352021
12991749.681680609 4865499.161517457
12991755.64940391 4865500.254479067
12991761.617127212 4865501.3474408
12991767.584850516 4865502.440402654
12991773.552573817 4865503.5333646275
12991779.52029712 4865504.626326718
12991785.488020422 4865505.719288932
12991791.451764055 4865506.848639197
12991797.415380059 4865507.979156509
12991803.378996065 4865509.109673952
12991809.342612071 4865510.240191523
12991815.306228075 4865511.370709223
12991821.267377269 4865512.522869234
12991827.22480986 4865513.707636314
12991833.182242455 4865514.892403541
12991839.139675047 4865516.077170911
12991845.097107641 4865517.261938421
12991851.054540234 4865518.446706071
12991857.006921958 4865519.673823936
12991862.958321996 4865520.9091731105
12991868.909722028 4865522.144522442
12991874.861122064 4865523.379871927
12991880.812522102 4865524.615221566
12991886.763922138 4865525.850571356
12991892.710572787 4865527.123887105
12991898.65387348 4865528.423982003
12991904.597174175 4865529.7240770655
12991910.540474867 4865531.024172304
12991916.476539198 4865532.379240288
12991922.41140352 4865533.743424589
12991928.34626784 4865535.107609077
12991934.279303903 4865536.485037925
12991940.205665085 4865537.910820753
12991946.132026264 4865539.336603783
12991952.058387447 4865540.762387018
12991957.977645567 4865542.237236436
12991963.89391734 4865543.732714916
12991969.810189115 4865545.228193625
12991975.726460889 4865546.723672556
12991981.640081985 4865548.2367728455
12991987.550278625 4865549.772638464
12991993.460475262 4865551.308504323
12991999.3706719 4865552.844370418
12992005.279567454 4865554.388694223
12992011.185802467 4865555.950312672
12992017.092037478 4865557.5119313635
12992022.99827249 4865559.0735503035
12992028.904507501 4865560.635169486
12992034.809599333 4865562.204085454
12992040.71127862 4865563.794782827
12992046.612957902 4865565.385480453
12992052.514637183 4865566.9761783425
12992058.416316466 4865568.56687648
12992064.317995753 4865570.157574877
12992070.219675034 4865571.748273527
12992076.121354317 4865573.33897243
12992082.0230336 4865574.929671591
12992087.924712885 4865576.520371003
12992093.826392168 4865578.111070673
12992099.728071451 4865579.7017706
12992105.629750736 4865581.292470777
12992111.531430019 4865582.883171217
12992117.433109302 4865584.473871908
12992123.334788585 4865586.06457285
12992129.23646787 4865587.655274047
12992135.138147153 4865589.245975503
12992140.697945766 4865592.189292216
12992146.405692408 4865594.703924284
12992152.208040508 4865596.822014398
12992158.050902234 4865598.747342527
12992163.93831046 4865600.425724446
12992169.824267216 4865602.112774247
12992175.710223975 4865603.799824332
12992181.59618073 4865605.486874709
12992187.479005536 4865607.192370185
12992193.359791927 4865608.909870649
12992199.24013097 4865610.629929506
12992205.109318042 4865612.413758961
12992210.97405617 4865614.222209432
12992216.83525442 4865616.050250119
12992222.69645267 4865617.878291148
12992228.32829889 4865620.439514947
12992233.85989447 4865623.549049686
12992239.590801846 4865625.971272731
12992245.41700919 4865627.971851412
12992251.245864412 4865629.968349098
12992257.074719636 4865631.964847183
12992262.903197818 4865633.963202929
12992268.724521574 4865635.996800789
12992274.545845333 4865638.030399062
12992280.328686547 4865640.239706776
12992286.093770642 4865642.530092956
12992291.858854732 4865644.820479666
12992297.623938825 4865647.110866903
12992303.38902292 4865649.4012546735
12992309.154107012 4865651.69164297
12992314.919449309 4865653.980923985
12992320.711236682 4865656.152327219
12992326.55743223 4865658.052015606
12992332.429171951 4865659.821481206
12992338.300911672 4865661.590947119
12992344.172651397 4865663.360413346
12992350.047990907 4865665.1092289565
12992355.91587949 4865666.900181746
12992361.782473791 4865668.698495692
12992367.649068097 4865670.496809956
12992373.515662398 4865672.295124558
12992379.382256702 4865674.093439479
12992385.247903299 4865675.896953019
12992391.106153028 4865677.741039788
