12967001.648170749 4883289.988760165
12967001.074729795 4883300.748915511
12967000.506783657 4883311.5095745735
12966999.953307107 4883322.27154095
12966999.399830556 4883333.033519032
12966998.846354006 4883343.795508815
12966998.292877454 4883354.557510295
12966997.739400903 4883365.319523478
12966997.185924353 4883376.081548361
12966996.648732617 4883386.844991829
12966996.114750724 4883397.608724309
12966995.580768831 4883408.372468494
12966995.05027377 4883419.136518757
12966994.521476068 4883429.900724019
12966993.992678365 4883440.664940991
12966993.46388066 4883451.42916967
12966992.932437822 4883462.193186444
12966992.397067938 4883472.95688296
12966991.861698052 4883483.720591173
12966991.32632817 4883494.484311095
12966990.790958285 4883505.248042727
12966990.2555884 4883516.0117860595
12966989.720218515 4883526.775541098
12966989.184848633 4883537.539307843
12966988.649478745 4883548.303086292
12966988.110224461 4883559.066544676
12966987.570440186 4883569.829969495
12966987.03065591 4883580.59340602
12966986.49087163 4883591.356854246
12966985.960619707 4883602.121120166
12966985.436024196 4883612.88587606
12966984.911428684 4883623.650643661
12966984.386833172 4883634.41542297
12966983.862237662 4883645.180213993
12966983.336731523 4883655.944940133
12966982.802650945 4883666.708956891
12966982.268570367 4883677.472985352
12966981.734489791 4883688.237025519
12966981.200247688 4883699.001063671
12966980.665073201 4883709.765034335
12966980.129898712 4883720.5290167
12966979.594724227 4883731.293010773
12966979.05954974 4883742.057016556
12966978.524375252 4883752.82103404
12966977.993631557 4883763.585437969
12966977.464154212 4883774.349960714
12966976.935130639 4883785.114533169
12966976.410231868 4883795.879462809
12966975.885333095 4883806.644404161
12966975.360434324 4883817.409357222
12966974.83553555 4883828.174321988
12966974.31063678 4883838.939298466
12966973.78574378 4883849.704287135
12966973.26391561 4883860.469542339
12966972.74208744 4883871.234809249
12966972.220259272 4883882.000087877
12966971.68945199 4883892.764622859
12966971.15158495 4883903.528574656
12966970.612642579 4883914.292446233
12966970.073700214 4883925.056329516
12966969.534757845 4883935.820224507
12966969.005273724 4883946.584930139
12966968.480916344 4883957.350080536
12966967.956558967 4883968.115242637
12966967.432201587 4883978.880416449
12966966.907844204 4883989.645601969
12966966.36917346 4884000.409590237
12966965.830304282 4884011.1735734455
12966965.290680965 4884021.937503691
12966964.750166235 4884032.701369202
12966964.21230005 4884043.465470777
12966963.68653014 4884054.2306087185
12966963.160760231 4884064.995758368
12966962.634990321 4884075.760919726
12966962.10922041 4884086.526092793
12966961.573438862 4884097.290294608
12966961.045019932 4884108.055269253
12966960.516601 4884118.820255611
12966959.98813695 4884129.585249881
12966959.459518926 4884140.3502429435
12966958.930900902 4884151.115247708
12966958.402282877 4884161.880264183
12966957.893272467 4884172.64613471
12966957.365965176 4884183.411284555
12966956.838657888 4884194.176446106
12966956.303747585 4884204.940969548
12966955.757355953 4884215.704526593
12966955.210964317 4884226.468095343
12966954.664572684 4884237.231675804
12966954.081128703 4884247.990757504
12966953.56044511 4884258.7551063085
12966953.02461 4884269.519371256
12966952.52900397 4884280.286757236
12966951.99465898 4884291.051430594
12966951.459213644 4884301.81602206
12966950.912482481 4884312.5795303555
12966950.373290231 4884323.343825423
12966949.834097981 4884334.108132195
12966949.29490573 4884344.872450678
12966948.75571348 4884355.6367808655
12966948.216521226 4884366.401122761
12966947.678502467 4884377.1655761385
12966947.147552721 4884387.930642225
12966946.616602978 4884398.6957200235
12966946.08565323 4884409.460809525
12966945.577966752 4884420.227828389
12966945.046056477 4884430.992850479
12966944.509297235 4884441.757482326
12966943.972537994 4884452.522125876
12966943.435778754 4884463.286781138
12966942.899019513 4884474.051448114
12966942.362260273 4884484.816126791
12966941.836534357 4884495.581743266
12966941.316752095 4884506.347870331
12966940.796969835 4884517.114009108
12966940.277187575 4884527.880159603
12966939.757405313 4884538.64632181
12966939.234294867 4884549.412217301
12966938.7010164 4884560.177273859
12966938.167737931 4884570.942342131
12966937.634459466 4884581.707422115
12966937.101180999 4884592.472513804
12966936.569924375 4884603.23778775
12966936.041488975 4884614.003311374
12966935.513053574 4884624.768846705
12966934.984618174 4884635.534393744
12966934.456182774 4884646.299952501
12966933.927747374 4884657.065522962
12966933.399311975 4884667.83110514
12966932.870876575 4884678.596699031
12966932.336382583 4884689.361792845
12966931.801559456 4884700.126870568
12966931.266736327 4884710.891959996
12966930.731913202 4884721.657061139
12966930.197090074 4884732.422173994
12966929.66226695 4884743.187298557
12966929.127443822 4884753.952434829
12966928.592620697 4884764.717582813
12966928.05779757 4884775.482742508
12966927.522974443 4884786.2479139175
12966926.988151317 4884797.013097028
12966926.45332819 4884807.77829186
12966925.918505065 4884818.543498401
12966925.383681938 4884829.3087166445
12966924.84885881 4884840.073946604
12966924.314035684 4884850.839188278
12966923.779212557 4884861.604441662
12966923.244389432 4884872.369706751
12966922.709566304 4884883.134983554
12966922.174743177 4884893.900272071
12966921.640713084 4884904.6656395355
12966921.108315645 4884915.431157152
12966920.575918209 4884926.1966864765
12966920.04352077 4884936.962227512
12966919.51112333 4884947.72778026
12966918.984963547 4884958.493865584
12966918.466282513 4884969.260587127
12966917.947601482 4884980.027320379
12966917.418253435 4884990.793172666
12966916.883566009 4885001.558589831
12966916.348878583 4885012.324018708
12966915.826175522 4885023.090462974
12966915.30209022 4885033.856802245
12966914.7648595 4885044.622049656
12966914.228096014 4885055.387348626
12966913.691979786 4885066.152714506
12966913.155863563 4885076.918092089
12966912.619747343 4885087.683481393
12966912.083631119 4885098.448882405
12966911.550514847 4885109.214548573
12966911.023295317 4885119.980724623
12966910.496075789 4885130.746912389
12966909.962879194 4885141.512606356
12966909.425597606 4885152.277966539
12966908.888316022 4885163.043338438
12966908.351034436 4885173.808722045
12966907.813752852 4885184.57411737
12966907.282147702 4885195.340005057
12966906.753672624 4885206.106169506
12966906.225197546 4885216.872345666
12966905.69672247 4885227.638533542
12966905.168247392 4885238.4047331335
12966904.633877568 4885249.170439428
12966904.084136043 4885259.934840524
12966903.53439452 4885270.699253331
12966902.957314735 4885281.461227755
12966902.37935671 4885292.223135184
12966901.751468904 4885302.979813347
12966901.215082735 4885313.744248006
12966900.701529916 4885324.5117711015
12966900.169157581 4885335.2774961805
12966899.650932368 4885346.044046136
12966899.182739897 4885356.815097234
12966898.655471401 4885367.58133253
12966898.150976587 4885378.349567115
12966897.625669925 4885389.116183075
12966897.095807916 4885399.882371504
12966896.601181444 4885410.6514914
12966896.086700445 4885421.418930186
12966895.550971502 4885432.184337065
12966895.033490513 4885442.951478873
12966894.515432615 4885453.718767574
12966893.988693496 4885464.485357983
12966893.45981386 4885475.251781289
12966892.93093422 4885486.0182163
12966892.402054582 4885496.784663032
12966891.873174945 4885507.551121478
12966891.343844885 4885518.317553648
12966890.811107466 4885529.083710119
12966890.278370047 4885539.849878312
12966889.745632624 4885550.6160582155
12966889.212895205 4885561.382249828
12966888.680157783 4885572.14845316
12966888.147420364 4885582.914668211
12966887.614682944 4885593.680894966
12966887.081945525 4885604.4471334405
12966886.549208103 4885615.21338363
12966886.016470684 4885625.979645533
12966885.483733265 4885636.745919151
12966884.950995842 4885647.512204487
12966884.418258423 4885658.278501527
12966883.885521002 4885669.044810296
12966883.352783581 4885679.81113077
12966882.820046162 4885690.577462965
12966882.287308743 4885701.343806867
12966881.75457132 4885712.110162486
12966881.221833901 4885722.876529826
12966880.689096482 4885733.642908872
12966880.15635906 4885744.409299636
12966879.62362164 4885755.175702117
12966879.09088422 4885765.942116312
12966878.5581468 4885776.708542222
12966878.02540938 4885787.474979848
12966877.492671961 4885798.241429188
12966876.95993454 4885809.007890245
12966876.42719712 4885819.774363015
12966875.8944597 4885830.540847505
12966875.361546788 4885841.307328754
12966874.822223056 4885852.073275619
12966874.282899322 4885862.83923419
12966873.743575586 4885873.605204483
12966873.204251852 4885884.371186486
12966872.67043864 4885895.137649146
12966872.138781568 4885905.904307006
12966871.607124498 4885916.670976582
12966871.072492274 4885927.4374041315
12966870.530800052 4885938.203241252
12966869.989107834 4885948.969090094
12966869.447415615 4885959.734950648
12966868.905723395 4885970.500822912
12966868.373514256 4885981.267512737
12966867.84576462 4885992.034593239
12966867.318014992 4886002.801685456
12966866.79026536 4886013.56878939
12966866.283973243 4886024.337665899
12966865.778819017 4886035.106647507
12966865.273664795 4886045.875640836
12966864.79600055 4886056.646781091
12966864.323320566 4886067.4183202
12966863.85064058 4886078.189871039
12966863.418107709 4886088.964266635
12966863.00214388 4886099.739843177
12966862.586180057 4886110.5154314535
12966862.170216229 4886121.291031465
12966861.768447354 4886132.06753577
12966861.39234025 4886142.845665392
12966861.016233142 4886153.623806758
12966860.640126038 4886164.401959866
12966860.286607435 4886175.181404094
12966859.95250868 4886185.961935223
12966859.66770105 4886196.744912159
12966859.382893423 4886207.527900848
12966859.098085793 4886218.310901293
12966858.813278165 4886229.09391349
12966858.542715203 4886239.877542154
12966858.292430533 4886250.662043425
12966858.042145865 4886261.446556453
12966857.801448843 4886272.231436009
12966857.585275708 4886283.0172347585
12966857.386011818 4886293.803576695
12966857.205952605 4886304.590533965
12966857.025893394 4886315.377502992
12966856.845834184 4886326.16448378
12966856.665774971 4886336.95147633
12966856.528179714 4886347.739453925
12966856.419234255 4886358.528099956
12966856.310288794 4886369.316757746
12966856.201343335 4886380.105427307
12966856.092397876 4886390.894108629
12966855.983452415 4886401.682801715
12966855.874506956 4886412.471506566
12966855.817679476 4886423.260797268
12966855.787719922 4886434.050395682
12966855.757760368 4886444.840005867
12966855.727800813 4886455.629627822
12966855.69784126 4886466.41926154
12966855.710267212 4886477.208897912
12966855.742938444 4886487.998541698
12966855.775609681 4886498.788197245
12966855.808280915 4886509.577864566
12966855.875855708 4886520.367262585
12966855.944732592 4886531.156661888
12966856.013609476 4886541.9460729575
12966856.082486358 4886552.735495798
12966856.181817332 4886563.524480782
12966856.297904203 4886574.313233816
12966856.40494638 4886585.102159517
12966856.53573599 4886595.890574251
12966856.706242654 4886606.6781265
12966856.876749316 4886617.465690506
12966857.047255982 4886628.253266276
12966857.23258865 4886639.04039908
12966857.44876179 4886649.826597723
12966857.664934926 4886660.612808126
12966857.881108064 4886671.399030293
12966858.131890718 4886682.183941196
12966858.39757943 4886692.968294047
12966858.663268138 4886703.752658648
12966858.93153151 4886714.536915157
12966859.252472898 4886725.318731348
12966859.573414292 4886736.10055929
12966859.89435568 4886746.882398984
12966860.215297071 4886757.664250427
12966860.536238462 4886768.446113621
12966860.892154567 4886779.22603957
12966861.273304207 4886790.004571116
12966861.654453853 4886800.783114402
12966862.035603493 4886811.561669433
12966862.457049094 4886822.337659289
12966862.881373705 4886833.113476769
12966863.305698315 4886843.88930599
12966863.755994326 4886854.663294496
12966864.229793644 4886865.435618328
12966864.703592964 4886876.207953881
12966865.177392283 4886886.980301168
12966865.659065392 4886897.752037341
12966866.184093263 4886908.520342963
12966866.709121138 4886919.288660317
12966867.234149009 4886930.056989387
12966867.75917688 4886940.825330185
12966868.284204753 4886951.593682698
12966868.833833162 4886962.35990187
12966869.413831053 4886973.123450005
12966869.993828945 4886983.887009851
12966870.598691158 4886994.648193553
12966871.226473434 4887005.407187814
12966871.863514425 4887016.165246806
12966872.522206683 4887026.92110105
12966873.188990217 4887037.676114152
12966873.858372958 4887048.430862457
12966874.528590998 4887059.1855336
12966875.228821151 4887069.936927792
12966875.93556573 4887080.687619838
12966876.655032476 4887091.436850169
12966877.395764014 4887102.183649227
12966878.136495553 4887112.930459952
12966878.877227088 4887123.677282359
12966879.639358807 4887134.421496775
12966880.435549447 4887145.161553591
12966881.231740087 4887155.901622065
12966882.02793073 4887166.641702204
12966882.824121369 4887177.381793997
12966883.643343428 4887188.118873047
12966884.494772453 4887198.85173444
12966885.346201478 4887209.584607469
12966886.197630504 4887220.317492152
12966887.085739072 4887231.045235104
12966887.99583846 4887241.769900036
12966888.905937847 4887252.49457659
12966889.816037234 4887263.219264776
12966890.763717469 4887273.938330215
12966891.731878864 4887284.654336588
12966892.700040258 4887295.370354574
12966893.668201655 4887306.086384168
12966894.63636305 4887316.802425367
12966895.634162815 4887327.513781659
12966896.64966255 4887338.2223448055
12966897.665162288 4887348.930919539
12966898.680662025 4887359.639505862
12966899.744162967 4887370.339975317
12966900.819134198 4887381.038645357
12966901.894105433 4887391.7373269675
12966902.969076663 4887402.436020152
12966904.044047894 4887413.1347249
12966905.139891773 4887423.829753739
12966906.27258071 4887434.518284867
12966907.405269643 4887445.2068275465
12966908.537958583 4887455.895381772
12966909.670647519 4887466.583947542
12966910.831316127 4887477.267337438
12966912.013323866 4887487.946782592
12966913.195331605 4887498.62623927
12966914.377339343 4887509.305707478
12966915.603285896 4887519.9766810415
12966916.836086003 4887530.646339326
12966918.06888611 4887541.316009118
12966919.317424841 4887551.982500481
12966920.610212035 4887562.640034985
12966921.902999224 4887573.297580963
12966923.195786413 4887583.955138428
12966924.488573603 4887594.61270737
12966925.781360796 4887605.270287801
12966927.103020597 4887615.921757829
12966928.4493858 4887626.568001018
12966929.795751002 4887637.214255663
12966931.1453166 4887647.859819369
12966932.528212603 4887658.498079491
12966933.911108606 4887669.136351052
12966935.294004608 4887679.77463405
12966936.735753117 4887690.399460321
12966938.180254994 4887701.023731457
12966939.614109209 4887711.650495727
12966941.050000207 4887722.27679532
12966942.5175728 4887732.895700899
12966943.985145394 4887743.5146178845
12966945.452717988 4887754.133546261
12966946.920290582 4887764.752486042
12966948.387863176 4887775.371437223
12966949.855435768 4887785.990399801
12966951.323008362 4887796.609373782
12966952.790580956 4887807.228359161
12966954.25815355 4887817.847355942
12966955.725726144 4887828.466364117
12966957.193298737 4887839.0853836965
12966958.684979841 4887849.697596365
12966960.700983059 4887860.1615327895
12966962.710189523 4887870.627666108
12966964.70388942 4887881.098907293
12966966.697150538 4887891.5703316415
12966968.690411653 4887902.04176707
12966970.665486617 4887912.5189948585
12966972.56719815 4887923.019555585
12966974.408641288 4887933.538339823
12966976.219439683 4887944.066395729
12966978.001126228 4887954.602857767
12966979.74111816 4887965.151354431
12966981.481110089 4887975.699862353
12966983.218872497 4887986.249010486
12966984.956094753 4887996.798322266
12966986.693317005 4888007.347645284
12966988.59189019 4888017.848529631
12966990.612918517 4888028.310657825
12966992.739332326 4888038.736915937
12966995.01616034 4888049.107914145
12966997.648163216 4888059.333547699
12967000.572711635 4888069.421684292
12967003.830875617 4888079.333996055
12967007.36399865 4888089.085332639
12967010.945119705 4888098.806440873
12967014.779503234 4888108.359588216
12967018.845116122 4888117.748038391
12967023.160998791 4888126.943796556
12967027.57595671 4888136.058797504
12967032.245171722 4888144.95443182
12967037.05300751 4888153.721959979
12967042.078682939 4888162.27774122
12967047.296649627 4888170.635202324
12967052.71727545 4888178.767904398
12967058.300453149 4888186.711228181
12967063.970542664 4888194.547584255
12967069.862176178 4888202.099162894
12967075.845587838 4888209.526649296
12967082.000842042 4888216.710037372
12967088.283554986 4888223.700656321
12967094.641681518 4888230.574547405
12967101.150080029 4888237.203026884
12967107.842757264 4888243.508947858
12967114.596532289 4888249.704043759
12967121.43055298 4888255.744855856
12967128.32283939 4888261.673108684
12967135.183430692 4888267.663630789
12967142.033706872 4888273.674378488
12967148.874981305 4888279.7025358165
12967155.736059867 4888285.691262348
12967162.577750782 4888291.718520201
12967169.405131642 4888297.773681628
12967176.194119679 4888303.901812186
12967182.922259863 4888310.144541273
12967189.553100705 4888316.56178102
12967196.143390305 4888323.051253462
12967202.599553267 4888329.7651351495
12967208.924270444 4888336.692324655
12967215.157550864 4888343.758924894
12967221.189318795 4888351.118086052
12967227.059366586 4888358.698861939
12967232.6350124 4888366.650576146
12967238.088059831 4888374.747097747
12967243.193550961 4888383.219216196
12967248.054021062 4888391.937210261
12967252.5683372 4888400.968051694
12967256.949232435 4888410.111511775
12967260.9927766 4888419.514429025
12967264.661370156 4888429.176547427
12967267.920173574 4888439.089949781
12967270.965857223 4888449.1172612505
12967273.50788023 4888459.380802015
12967275.726265682 4888469.772901155
12967277.585371232 4888480.285393984
12967278.95961256 4888490.925716383
12967279.86494373 4888501.650119547
12967280.5262354 4888512.406618922
12967280.81841755 4888523.189566155
12967280.504666967 4888533.973085279
12967279.933341725 4888544.73641782
12967278.82430202 4888555.428590099
12967277.361159965 4888566.046388564
12967275.545924846 4888576.572584531
12967273.289356314 4888586.952056583
12967270.578846637 4888597.142977649
12967267.622958234 4888607.2170516495
12967264.20147586 4888617.0334078865
12967260.505226092 4888626.679575783
12967256.49712762 4888636.110936347
12967252.161152644 4888645.289831506
12967247.567764314 4888654.25291021
12967242.629596204 4888662.895979575
12967237.58464121 4888671.433548394
12967232.190556917 4888679.59439589
12967226.561234696 4888687.480318972
12967220.747846233 4888695.135454062
12967214.761535807 4888702.5575724505
12967208.49705175 4888709.577599554
12967202.124102099 4888716.427449586
12967195.523413183 4888722.897538735
12967188.81420332 4888729.1738592675
12967181.939479766 4888735.136978426
12967174.96446253 4888740.8965718895
12967167.856099121 4888746.367251977
12967160.619299594 4888751.545212452
12967153.22466618 4888756.324854841
12967145.77348729 4888760.953078506
12967138.21414485 4888765.267779853
12967130.578775594 4888769.348564823
12967122.83674126 4888773.070161941
12967115.060253168 4888776.666995269
12967107.214333955 4888779.990558332
12967099.287662737 4888782.971778123
12967091.309031267 4888785.707053628
12967083.280028677 4888788.176999124
12967075.204997007 4888790.375478597
12967067.10558282 4888792.4167207945
12967058.9817252 4888794.277559561
12967050.806175133 4888795.70651386
12967042.61153666 4888796.932627285
12967034.396059923 4888797.880055725
12967026.162071867 4888798.512700697
12967017.925163427 4888799.078345425
12967009.681485591 4888799.403769274
12967001.43368441 4888799.357891738
12966993.187588928 4888799.112367168
12966984.950990332 4888798.54748738
12966976.721206842 4888797.824860378
12966968.509142874 4888796.823682862
12966960.326068833 4888795.470456483
12966952.16413878 4888793.916874259
12966944.019550363 4888792.212384543
12966935.913095059 4888790.221071867
12966927.851405518 4888787.941823836
12966919.864385553 4888785.247920496
12966911.89310838 4888782.474669685
12966903.964629387 4888779.503112742
12966896.104946593 4888776.230507058
12966888.31720992 4888772.67500788
12966880.556022229 4888769.021185047
12966872.824226601 4888765.263078002
12966865.237077668 4888761.0295201205
12966857.685276056 4888756.689751252
12966850.145106517 4888752.31500268
12966842.571077734 4888748.041432655
12966835.028000481 4888743.675432888
12966827.508571193 4888739.239900718
12966820.08576774 4888734.538657934
12966812.719190422 4888729.683772999
12966805.352613103 4888724.828890446
12966797.983114192 4888719.981641436
12966790.600192003 4888715.169456292
12966783.217269816 4888710.3572734855
12966775.834347626 4888705.545093023
12966768.451425435 4888700.7329149
12966761.050872281 4888695.967821271
12966753.600388018 4888691.337524721
12966746.114766026 4888686.806104509
12966738.518260008 4888682.602671159
12966730.834051847 4888678.680895298
12966723.130131036 4888674.825678745
12966715.360840326 4888671.20152617
12966707.517889468 4888667.862387804
12966699.647547655 4888664.632964361
12966691.744026743 4888661.547095451
12966683.76938335 4888658.79426821
12966675.764158506 4888656.193625081
12966667.744763337 4888653.670711336
12966659.665889043 4888651.494780849
12966651.579239173 4888649.368928988
12966643.457468135 4888647.488855957
12966635.311681118 4888645.793110328
12966627.143974105 4888644.28859893
12966618.952261623 4888643.032250433
12966610.743635252 4888641.976033992
12966602.527985679 4888641.022312938
12966594.298245894 4888640.2993986
12966586.060244128 4888639.766919656
12966577.815832164 4888639.451658585
12966569.569098728 4888639.2494090395
12966561.320996704 4888639.241843261
12966553.073691996 4888639.409012683
12966544.8285147 4888639.694775014
12966536.586594738 4888640.11473662
12966528.346997749 4888640.605129931
12966520.11587875 4888641.300599277
12966511.88785811 4888642.056800637
12966503.66285522 4888642.864877668
12966495.445538087 4888643.798231374
12966487.230797932 4888644.770686135
12966479.020682989 4888645.807104394
12966470.818948327 4888646.952167864
12966462.656725258 4888648.498358975
12966454.505556883 4888650.149651131
12966446.354388507 4888651.800943564
12966438.20322013 4888653.452236268
12966430.063905947 4888655.200234909
12966421.926888935 4888656.9669740675
12966413.789871924 4888658.733713538
12966405.652854914 4888660.500453329
12966397.515837902 4888662.267193431
12966389.37095748 4888663.969706741
12966381.219381433 4888665.6175527675
12966373.067805383 4888667.2653990695
12966364.916229336 4888668.913245648
12966356.763076568 4888670.547618114
12966348.608092818 4888672.166343564
12966340.45310907 4888673.785069281
12966332.298125323 4888675.4037952665
12966324.144505195 4888677.03398746
12966315.988458093 4888678.642715425
12966307.828141233 4888680.214750501
12966299.656234404 4888681.679862329
12966291.483598096 4888683.138237553
12966283.307949968 4888684.566989131
12966275.128135154 4888685.954758068
12966266.945162399 4888687.310142566
12966258.761076141 4888688.654108294
12966250.576989882 4888689.998074203
12966242.392903622 4888691.342040295
12966234.208817365 4888692.68600657
12966226.053176308 4888694.296659725
12966217.914940685 4888696.053565965
12966209.777588096 4888697.81766448
12966201.640235504 4888699.581763293
12966193.502882909 4888701.345862435
12966185.365853034 4888703.112507273
12966177.22901533 4888704.880668142
12966169.092177618 4888706.648829327
12966160.955477357 4888708.418073147
12966152.818840176 4888710.187813992
12966144.682202993 4888711.957555154
12966136.54556581 4888713.72729663
12966128.408928627 4888715.497038428
12966120.272291442 4888717.266780537
12966112.13425275 4888719.025453953
12966103.996123113 4888720.783409427
12966095.857993476 4888722.541365213
12966087.719863841 4888724.299321301
12966079.582448384 4888726.062920959
12966071.44560096 4888727.831009386
12966063.308753535 4888729.599098133
12966055.171906114 4888731.367187195
12966047.035058692 4888733.135276576
12966038.898211267 4888734.903366267
12966030.761363845 4888736.671456278
12966022.624516424 4888738.439546605
12966014.487668999 4888740.207637248
12966006.349788101 4888741.967563029
12965998.21171482 4888743.7259690985
12965990.073641531 4888745.484375485
12965981.935568243 4888747.24278218
12965973.797647791 4888749.002398087
12965965.660294907 4888750.76650371
12965957.522942018 4888752.530609644
12965949.385589134 4888754.2947159
12965941.248236246 4888756.058822466
12965933.11088336 4888757.822929344
12965924.973530473 4888759.587036544
12965916.836177588 4888761.351144051
12965908.6988247 4888763.11525188
12965900.561471814 4888764.879360016
12965892.424118927 4888766.643468472
12965884.286766041 4888768.4075772455
12965876.149413154 4888770.171686325
12965868.012060268 4888771.935795724
12965859.87470738 4888773.699905441
12965851.737354496 4888775.464015467
12965843.60000161 4888777.228125805
12965835.462648723 4888778.992236466
12965827.325295838 4888780.756347437
12965819.18794295 4888782.520458724
12965811.050590064 4888784.284570326
12965802.913237177 4888786.048682244
12965794.775884291 4888787.812794473
12965786.638531404 4888789.576907023
12965778.50117852 4888791.341019874
12965770.36382563 4888793.105133053
12965762.226472747 4888794.869246539
12965754.089107752 4888796.633264596
12965745.95119553 4888798.392956065
12965737.813283311 4888800.152647846
12965729.675371094 4888801.912339945
12965721.537458872 4888803.672032351
12965713.399546653 4888805.431725071
12965705.261634436 4888807.191418107
12965697.124118071 4888808.954242341
12965688.986647893 4888810.717432174
12965680.849177716 4888812.4806223065
12965672.711707534 4888814.24381277
12965664.574237358 4888816.0070035355
12965656.436767176 4888817.77019462
12965648.299297 4888819.533386018
12965640.16182682 4888821.296577727
12965632.02435664 4888823.059769754
12965623.886809366 4888824.8223528005
12965615.749237167 4888826.5847392045
12965607.611664968 4888828.347125917
12965599.474441126 4888830.112263696
12965591.33733385 4888831.8783222465
12965583.200076122 4888833.6431931015
12965575.06251261 4888835.405649736
12965566.9249491 4888837.168106692
12965558.787385589 4888838.930563957
12965550.649822079 4888840.693021544
12965542.512258567 4888842.455479435
12965534.374695055 4888844.217937647
12965526.237131543 4888845.980396171
12965518.099568034 4888847.7428550115
12965509.962004522 4888849.505314167
12965501.824441008 4888851.267773631
12965493.6868775 4888853.030233411
12965485.549313989 4888854.792693504
12965477.411750479 4888856.555153916
12965469.274186967 4888858.317614636
12965461.136623453 4888860.080075676
12965452.999059942 4888861.842537022
12965444.861570083 4888863.605580718
12965436.724112079 4888865.368876491
12965428.586654078 4888867.132172577
12965420.449196074 4888868.895468979
12965412.311738072 4888870.65876569
12965404.174280068 4888872.4220627155
12965396.036822064 4888874.185360066
12965387.899364064 4888875.948657716
12965379.76190606 4888877.711955688
12965371.624448055 4888879.475253976
12965363.486990055 4888881.238552577
12965355.349532051 4888883.001851489
12965347.212074047 4888884.765150719
12965339.074616045 4888886.528450265
12965330.93715804 4888888.291750121
12965322.799700039 4888890.05505029
12965314.662242036 4888891.818350782
12965306.524784032 4888893.5816515805
12965298.387326028 4888895.344952696
12965290.249868028 4888897.108254124
12965282.112410024 4888898.8715558695
12965273.977559559 4888900.655237647
12965265.842458049 4888902.436952978
12965257.70489063 4888904.199390975
12965249.56732321 4888905.961829285
12965241.429755788 4888907.724267906
12965233.292188367 4888909.4867068445
12965225.154620947 4888911.249146097
12965217.017053528 4888913.011585658
12965208.879486104 4888914.774025537
12965200.741918683 4888916.536465732
12965192.604248147 4888918.298090828
12965184.466512945 4888920.059204873
12965176.328777745 4888921.8203192325
12965168.191042542 4888923.5814339025
12965160.05330734 4888925.342548885
12965151.91557214 4888927.103664188
12965143.777836936 4888928.864779801
12965135.640101735 4888930.625895724
12965127.502189863 4888932.385613635
12965119.364228467 4888934.144939847
12965111.226267068 4888935.904266371
12965103.088305669 4888937.663593201
12965094.950344268 4888939.422920355
12965086.81238287 4888941.182247814
12965078.674421472 4888942.9415755905
12965070.536460074 4888944.700903678
12965062.398498675 4888946.460232077
12965054.260537278 4888948.219560792
12965046.12257588 4888949.978889819
12965037.98461448 4888951.738219157
12965029.846991844 4888953.500224933
12965021.7100961 4888955.267973287
12965013.573200356 4888957.035721946
12965005.436304614 4888958.803470931
12964997.299408874 4888960.571220229
12964989.161686515 4888962.332439481
12964981.023702696 4888964.091593458
12964972.885718875 4888965.850747749
12964964.748094363 4888967.612743161
12964956.610852938 4888969.377767782
12964948.473611519 4888971.142792716
12964940.336370094 4888972.907817965
12964932.199128676 4888974.672843538
12964924.061887251 4888976.437869415
12964915.92464583 4888978.202895614
12964907.787404407 4888979.967922125
12964899.649686325 4888981.729179278
12964891.511589264 4888983.487439599
12964883.373492204 4888985.245700222
12964875.235395143 4888987.003961167
12964867.097298082 4888988.762222424
12964858.959201021 4888990.52048399
12964850.82110396 4888992.27874587
12964842.683006901 4888994.037008064
12964834.544909837 4888995.795270572
12964826.406812776 4888997.553533385
12964818.268715715 4888999.311796518
12964810.130618654 4889001.070059959
12964801.992521595 4889002.828323718
12964793.854424533 4889004.586587786
12964785.716327474 4889006.344852169
12964777.578362452 4889008.104162246
12964769.440649703 4889009.865469877
12964761.30293695 4889011.626777827
12964753.1652242 4889013.388086085
12964745.027511448 4889015.149394658
12964736.889798697 4889016.910703547
12964728.752085945 4889018.672012747
12964720.614373194 4889020.433322261
12964712.476660442 4889022.194632092
12964704.338947691 4889023.955942233
12964696.201234942 4889025.717252691
12964688.06352219 4889027.47856346
12964679.92580944 4889029.239874541
12964671.788096687 4889031.001185937
12964663.650383936 4889032.7624976495
12964655.512822622 4889034.525006468
12964647.375510324 4889036.289483498
12964639.238198023 4889038.053960843
12964631.100885723 4889039.818438499
12964622.963573422 4889041.582916473
12964614.826261124 4889043.3473947635
12964606.68894882 4889045.111873366
12964598.55163652 4889046.876352285
12964590.41432422 4889048.640831515
12964582.276980903 4889050.405065964
12964574.139306584 4889052.166685126
12964566.00163227 4889053.928304601
12964557.863957953 4889055.689924395
12964549.726283636 4889057.451544499
12964541.58860932 4889059.213164922
12964533.450935004 4889060.97478565
12964525.313260688 4889062.736406703
12964517.175586369 4889064.498028057
12964509.037912056 4889066.259649734
12964500.900237737 4889068.02127172
12964492.762563422 4889069.7828940265
12964484.623337133 4889071.5321975
12964476.484446758 4889073.284164391
12964468.347262522 4889075.049659193
12964460.21007829 4889076.815154316
12964452.072894951 4889078.580656821
12964443.935751596 4889080.346475117
12964435.798608242 4889082.11229373
12964427.661464887 4889083.878112653
12964419.524321532 4889085.643931896
12964411.387178177 4889087.409751453
12964403.2489844 4889089.167261158
12964395.11064454 4889090.923615502
12964386.972304678 4889092.679970159
12964378.83396482 4889094.436325127
12964370.695624959 4889096.192680404
12964362.5572851 4889097.949035992
12964354.418945242 4889099.705391897
12964346.28060538 4889101.461748109
12964338.142265521 4889103.218104641
12964330.003863428 4889104.973967588
12964321.865360873 4889106.729033559
12964313.726858316 4889108.484099844
12964305.588355761 4889110.239166443
12964297.449853206 4889111.994233349
12964289.311350653 4889113.749300567
12964281.172848098 4889115.5043680975
12964273.034345541 4889117.2594359405
12964264.895842984 4889119.014504093
12964256.75734043 4889120.769572558
12964248.618837873 4889122.524641334
12964240.480335318 4889124.279710422
12964232.341832764 4889126.034779821
12964224.203209013 4889127.788884512
12964216.063442275 4889129.533888317
12964207.923675537 4889131.278892429
12964199.783908796 4889133.023896845
12964191.644142058 4889134.768901566
12964183.50437532 4889136.513906601
12964175.36406179 4889138.254471693
12964167.217363873 4889139.943192141
12964159.070665956 4889141.631912883
12964150.92396804 4889143.3206339115
12964142.777270123 4889145.009355224
12964134.630572207 4889146.698076833
12964126.483874291 4889148.3867987245
12964118.332875 4889150.039400003
12964110.179720134 4889151.673900064
12964102.026565265 4889153.308400401
12964093.873410402 4889154.942900998
12964085.720255537 4889156.577401872
12964077.567100668 4889158.211903017
12964069.413945802 4889159.846404431
12964061.257796703 4889161.454847186
12964053.097769154 4889163.029535847
12964044.937741604 4889164.604224759
12964036.777714051 4889166.178913918
12964028.617686499 4889167.753603326
12964020.457658948 4889169.328292992
12964012.297631396 4889170.90298291
12964004.132769743 4889172.433969994
12963995.966382641 4889173.951166372
12963987.79999554 4889175.468362987
12963979.633608436 4889176.985559827
12963971.467221335 4889178.502756902
12963963.300094761 4889180.013020212
12963955.128240088 4889181.478948404
12963946.956385413 4889182.944876816
12963938.783847721 4889184.404253067
12963930.610458674 4889185.855462305
12963922.437069623 4889187.30667175
12963914.263680577 4889188.757881418
12963906.09029153 4889190.209091291
12963897.91161845 4889191.608255031
12963889.73214528 4889192.9995383015
12963881.552672114 4889194.3908217745
12963873.373198947 4889195.782105444
12963865.19372578 4889197.173389303
12963857.014252612 4889198.564673363
12963848.831635788 4889199.923751918
12963840.647492273 4889201.267190277
12963832.46334876 4889202.610628813
12963824.279205248 4889203.954067533
12963816.095061734 4889205.297506435
12963807.910918223 4889206.640945523
12963799.72646049 4889207.98103323
12963791.536818456 4889209.265823246
12963783.347176425 4889210.550613421
12963775.15753439 4889211.835403767
12963766.967892356 4889213.120194284
12963758.77825032 4889214.40498496
12963750.588608285 4889215.689775811
12963742.398690006 4889216.971518863
12963734.206551615 4889218.228766603
12963726.014413226 4889219.486014504
12963717.821240028 4889220.731518939
12963709.623565795 4889221.925390959
12963701.425891567 4889223.119263125
12963693.228217337 4889224.313135433
12963685.030543108 4889225.507007886
12963676.832868878 4889226.700880485
12963668.635194648 4889227.894753226
12963660.437520418 4889229.0886261035
12963652.236299269 4889230.239759075
12963644.033851184 4889231.376107703
12963635.831403099 4889232.512456462
12963627.628955014 4889233.648805354
12963619.42650693 4889234.785154369
12963611.220574424 4889235.877443408
12963603.014098926 4889236.962866473
12963594.807623425 4889238.048289649
12963586.601147927 4889239.1337129455
12963578.394672427 4889240.219136359
12963570.187103517 4889241.290077924
12963561.976950577 4889242.326794635
12963553.766797632 4889243.363511453
12963545.556644691 4889244.400228381
12963537.346275639 4889245.43397421
12963529.134061486 4889246.442352655
12963520.921847332 4889247.450731208
12963512.70963318 4889248.459109862
12963504.49741903 4889249.467488617
12963496.28184261 4889250.427604178
12963488.065639874 4889251.378729367
12963479.849437138 4889252.329854651
12963471.633234402 4889253.28098003
12963463.417031666 4889254.232105497
12963455.20082893 4889255.183231052
12963446.984626193 4889256.134356703
12963438.768423459 4889257.085482444
12963430.55222072 4889258.036608281
12963422.333751764 4889258.953186586
12963414.113855606 4889259.848007827
12963405.893959442 4889260.742829155
12963397.674063286 4889261.637650558
12963389.454167126 4889262.532472042
12963381.232459622 4889263.398208374
12963373.010291344 4889264.256545997
12963364.788123067 4889265.114883695
12963356.565954788 4889265.973221465
12963348.342624923 4889266.811986714
12963340.11775786 4889267.624850552
12963331.892890804 4889268.437714458
12963323.668023743 4889269.250578429
12963315.443156682 4889270.0634424705
12963307.216441413 4889270.843280133
12963298.988812247 4889271.606786995
12963290.76118308 4889272.370293924
12963282.533553913 4889273.133800904
12963274.305167587 4889273.8829703275
12963266.07547874 4889274.607475108
12963257.845789893 4889275.331979945
12963249.616101045 4889276.056484827
12963241.386412196 4889276.780989773
12963233.155149998 4889277.473651961
12963224.922675965 4889278.1417880105
12963216.690201929 4889278.809924097
12963208.458442902 4889279.492917797
12963200.22694495 4889280.181336497
12963191.995446997 4889280.869755242
12963183.76218171 4889281.520332927
12963175.52787361 4889282.148582576
12963167.29356551 4889282.776832264
12963159.059257407 4889283.405081996
12963150.823763654 4889284.005916541
12963142.587858098 4889284.597229223
12963134.35195254 4889285.188541942
12963126.116046982 4889285.779854691
12963117.880141426 4889286.371167484
12963109.644235868 4889286.962480302
12963101.407256808 4889287.52717378
12963093.169529526 4889288.073313848
12963084.931802247 4889288.6194539415
12963076.694074968 4889289.165594061
12963068.456347685 4889289.71173422
12963060.218314 4889290.249556937
12963051.978634527 4889290.742704566
12963043.738955053 4889291.235852209
12963035.499275578 4889291.728999886
12963027.259596108 4889292.222147578
12963019.019916633 4889292.7152953
12963010.779687485 4889293.19201251
12963002.538593004 4889293.642863768
12962994.29749852 4889294.093715049
12962986.05640404 4889294.544566356
12962977.814725794 4889294.976205075
12962969.572288606 4889295.382865703
12962961.329851419 4889295.789526349
12962953.087414231 4889296.196187016
12962944.844977042 4889296.602847692
12962936.602148376 4889296.9954146575
12962928.358897304 4889297.372774422
12962920.115646232 4889297.750134205
12962911.87239516 4889298.127494001
12962903.62891864 4889298.495918095
12962895.384595376 4889298.830781362
12962887.14027211 4889299.165644639
12962878.895948844 4889299.500507927
12962870.65136796 4889299.823872402
12962862.406211112 4889300.121528949
12962854.161054265 4889300.4191855
12962845.915897414 4889300.716842058
12962837.670740567 4889301.0144986315
12962829.425168602 4889301.291574329
12962821.179490993 4889301.56341233
12962812.933813384 4889301.835250335
12962804.688119091 4889302.106156517
12962796.441758519 4889302.339847123
12962788.195397947 4889302.57353773
12962779.949037377 4889302.807228347
12962771.702612998 4889303.036705906
12962763.4556509 4889303.230676893
12962755.2086888 4889303.4246478835
12962746.961726697 4889303.618618875
12962738.714764595 4889303.812589869
12962730.4672652 4889303.9609566685
12962722.219652582 4889304.099713273
12962713.972039962 4889304.238469878
12962705.724427342 4889304.377226485
12962697.476814723 4889304.515983095
12962689.22904577 4889304.637315703
12962680.981216794 4889304.751958104
12962672.733387817 4889304.866600505
12962664.485558838 4889304.9812429035
12962656.237729862 4889305.095885312
12962647.989900883 4889305.210527714
12962639.741859667 4889305.287961273
12962631.493641768 4889305.334419946
12962623.245423874 4889305.3808786245
12962614.997198718 4889305.424424065
12962606.748924695 4889305.448365458
12962598.500650674 4889305.472306862
12962590.252376651 4889305.49624825
12962582.00410263 4889305.520189653
12962573.755829198 4889305.542414591
12962565.507575016 4889305.508746412
12962557.259320837 4889305.475078231
12962549.011066655 4889305.441410052
12962540.762812471 4889305.407741872
12962532.514558291 4889305.374073694
12962524.26632198 4889305.334892073
12962516.018146282 4889305.277010688
12962507.769970585 4889305.219129299
12962499.521905433 4889305.141332368
12962491.273957402 4889305.042436262
12962483.02600937 4889304.943540159
12962474.77806134 4889304.844644053
12962466.53011331 4889304.74574795
12962458.282371042 4889304.622091038
12962450.034729727 4889304.486286264
12962441.78708841 4889304.350481494
12962433.539447093 4889304.214676723
12962425.292090354 4889304.053171269
12962417.044904161 4889303.876263784
12962408.797717966 4889303.699356305
12962400.550531771 4889303.5224488275
12962392.303345578 4889303.345541354
12962384.056479756 4889303.145389907
12962375.80978174 4889302.93306379
12962367.563083723 4889302.720737673
12962359.316385707 4889302.508411565
12962351.069687692 4889302.296085462
12962342.823583301 4889302.047942217
12962334.577603854 4889301.792260339
12962326.331624407 4889301.536578471
12962318.08564496 4889301.280896605
12962309.83970794 4889301.023051585
12962301.59456031 4889300.724958258
12962293.349412678 4889300.42686493
12962285.104265044 4889300.128771616
12962276.859117413 4889299.830678306
12962268.614657877 4889299.501984881
12962260.370379666 4889299.165227798
12962252.126101457 4889298.828470725
12962243.881823245 4889298.491713664
12962235.638039656 4889298.135414096
12962227.394798158 4889297.757696352
12962219.151556661 4889297.379978627
12962210.908315163 4889297.002260915
12962202.665073667 4889296.624543215
12962194.421850739 4889296.246171047
12962186.179893536 4889295.823181831
12962177.937936338 4889295.400192619
12962169.695979135 4889294.977203436
12962161.454584435 4889294.53626995
12962153.213838993 4889294.074624511
12962144.973093549 4889293.6129790945
12962136.732348109 4889293.151333705
12962128.491754174 4889292.685268751
12962120.252516886 4889292.179629895
12962112.013279602 4889291.673991061
12962103.774042318 4889291.168352256
12962095.53480503 4889290.662713473
12962087.295567745 4889290.15707472
12962079.056347935 4889289.650962583
12962070.818223987 4889289.115164575
12962062.58010004 4889288.579366593
12962054.341976095 4889288.04356864
12962046.103852147 4889287.507770716
12962037.86672425 4889286.946752127
12962029.630274145 4889286.368571362
12962021.393824039 4889285.790390624
12962013.157373935 4889285.212209928
12962004.922951436 4889284.586732501
12961996.688754978 4889283.955982349
12961988.454558522 4889283.325232248
12961980.220362065 4889282.694482174
12961971.986165605 4889282.063732149
12961963.753215514 4889281.405962646
12961955.520818053 4889280.736212935
12961947.28842059 4889280.066463272
12961939.056023128 4889279.396713653
12961930.823625667 4889278.726964081
12961922.591228204 4889278.057214554
12961914.36045272 4889277.35435165
12961906.130070789 4889276.643454278
12961897.89968886 4889275.932556963
12961889.669306926 4889275.221659693
12961881.438924996 4889274.5107624745
12961873.21099053 4889273.752967434
12961864.98315374 4889272.993300781
12961856.755316949 4889272.23363419
12961848.527480157 4889271.473967654
12961840.299643368 4889270.714301182
12961832.072755104 4889269.9374790955
12961823.847030573 4889269.139608925
12961815.621306045 4889268.3417388145
12961807.395581517 4889267.54386877
12961799.17091363 4889266.727678666
12961790.946843104 4889265.901131564
12961782.72277258 4889265.074584531
12961774.498702055 4889264.248037566
12961766.277552042 4889263.3734649075
12961758.057073312 4889262.487853579
12961749.836594583 4889261.602242335
12961741.616115853 4889260.716631167
12961733.395637125 4889259.831020083
12961725.175158395 4889258.945409074
12961716.956728132 4889258.0282399915
12961708.739855628 4889257.087072624
12961700.522983123 4889256.145905337
12961692.306110619 4889255.204738144
12961684.089238109 4889254.263571039
12961675.87288812 4889253.31480082
12961667.6580965 4889252.343030856
12961659.443304876 4889251.371261002
12961651.228513252 4889250.399491231
12961643.013721628 4889249.427721565
12961634.799905518 4889248.442044295
12961626.587166863 4889247.441005951
12961618.37442821 4889246.439967711
12961610.162304921 4889245.430460842
12961601.95254563 4889244.388420074
12961593.74278634 4889243.346379418
12961585.533027051 4889242.304338873
12961577.323267762 4889241.262298433
12961569.113865076 4889240.215571022
12961560.908231076 4889239.119309324
12961552.702597074 4889238.023047755
12961544.496987857 4889236.926469507
12961536.291787216 4889235.824668625
12961528.086586576 4889234.722867874
12961519.882029971 4889233.61311992
12961511.681072468 4889232.458521195
12961503.479894543 4889231.306583319
12961495.278716616 4889230.154645579
12961487.07753869 4889229.002707973
12961478.876530668 4889227.84872261
12961470.677484231 4889226.671093618
12961462.478437798 4889225.493464765
12961454.279391363 4889224.315836053
12961446.080344932 4889223.138207481
12961437.884379178 4889221.924703945
12961429.690051876 4889220.692120483
12961421.495724576 4889219.4595371755
12961413.301397275 4889218.226954017
12961405.107069975 4889216.994371013
12961396.913613563 4889215.75199716
12961388.721975872 4889214.489176479
12961380.53033818 4889213.226355964
12961372.338700484 4889211.963535603
12961364.146554288 4889210.7063989565
12961355.958494257 4889209.404839884
12961347.772072194 4889208.085383245
12961339.58565013 4889206.765926787
12961331.399228064 4889205.446470505
12961323.212806 4889204.127014399
12961315.029212745 4889202.777960527
12961306.846577605 4889201.418882009
12961298.663942467 4889200.059803684
12961290.48130733 4889198.700725544
12961282.298672192 4889197.341647587
12961274.116715489 4889195.975795083
12961265.938753724 4889194.569409633
