12954030.978477277 4823796.826313129
12954026.933425095 4823794.42861761
12954022.888372917 4823792.030922673
12954018.843320739 4823789.633228305
12954014.798268558 4823787.235534516
12954010.753216378 4823784.8378413
12954006.699368356 4823782.4654414365
12954002.642330602 4823780.102214315
12953998.58529285 4823777.7389877485
12953994.5282551 4823775.375761742
12953990.47121735 4823773.012536294
12953986.414179597 4823770.649311406
12953982.357141847 4823768.286087081
12953978.300104097 4823765.92286331
12953974.243066344 4823763.5596401
12953970.186378581 4823761.195402528
12953966.1297655 4823758.830948946
12953962.073152421 4823756.466495927
12953958.012100829 4823754.114991377
12953953.947045853 4823751.775165956
12953949.881990878 4823749.435341086
12953945.816935899 4823747.09551676
12953941.751880923 4823744.755692982
12953937.686825946 4823742.415869756
12953933.621542735 4823740.076717451
12953929.55617118 4823737.737825636
12953925.491597138 4823735.396592745
12953921.427023096 4823733.055360406
12953917.35550361 4823730.734669042
12953913.280186005 4823728.425210761
12953909.204868397 4823726.115753014
12953905.12955079 4823723.806295796
12953901.054233186 4823721.496839118
12953896.978915578 4823719.187382972
12953892.90359797 4823716.877927362
12953888.828280363 4823714.568472283
12953884.752962759 4823712.259017738
12953880.67764515 4823709.949563731
12953876.602327542 4823707.64011026
12953872.516873257 4823705.361126211
12953868.431157207 4823703.082929493
12953864.345441159 4823700.804733294
12953860.25972511 4823698.5265376195
12953856.17400906 4823696.248342456
12953852.088293009 4823693.970147817
12953848.00257696 4823691.691953699
12953843.916860912 4823689.4137601005
12953839.83114486 4823687.135567026
12953835.745428812 4823684.857374462
12953831.659712762 4823682.57918242
12953827.573996713 4823680.300990905
12953823.481981346 4823678.042087197
12953819.383279188 4823675.803657668
12953815.284577029 4823673.565228645
12953811.185874868 4823671.32680012
12953807.08717271 4823669.088372092
12953802.988470549 4823666.849944575
12953798.889768392 4823664.611517554
12953794.791066233 4823662.373091033
12953790.692364072 4823660.134665021
12953786.593661916 4823657.896239506
12953782.494959755 4823655.657814495
12953778.396257596 4823653.419389985
12953774.297555435 4823651.180965977
12953770.198853279 4823648.94254247
12953766.09677087 4823646.714608172
12953761.994489701 4823644.487291123
12953757.892208531 4823642.25997457
12953753.789927362 4823640.032658514
12953749.68764619 4823637.805342946
12953745.58536502 4823635.578027889
12953741.481615711 4823633.355335687
12953737.365352724 4823631.172042593
12953733.250300296 4823628.984901152
12953729.136332987 4823626.794310154
12953725.022365676 4823624.603719643
12953720.90839837 4823622.413129615
12953716.794431059 4823620.222540066
12953712.680463748 4823618.031950995
12953708.56508913 4823615.845870681
12953704.440029886 4823613.690815189
12953700.314970639 4823611.535760168
12953696.189911397 4823609.380705605
12953692.064852152 4823607.225651511
12953687.939792909 4823605.0705978805
12953683.814733664 4823602.915544718
12953679.687130319 4823600.768739086
12953675.559447855 4823598.622190381
12953671.431765392 4823596.475642139
12953667.304082928 4823594.329094359
12953663.176400468 4823592.182547046
12953659.048718002 4823590.036000184
12953654.92103554 4823587.889453789
12953650.793353079 4823585.7429078575
12953646.665670615 4823583.596362384
12953642.537988152 4823581.449817372
12953638.410305688 4823579.303272822
12953634.282623228 4823577.156728734
12953630.154432176 4823575.011849127
12953626.018871244 4823572.8910829825
12953621.883310312 4823570.770317293
12953617.74774938 4823568.649552048
12953613.612188451 4823566.528787256
12953609.47662752 4823564.408022915
12953605.341066588 4823562.287259027
12953601.205505658 4823560.166495586
12953597.069944728 4823558.045732594
12953592.934383795 4823555.924970059
12953588.798822863 4823553.8042079685
12953584.663261935 4823551.68344633
12953580.526162857 4823549.567803776
12953576.379653249 4823547.48347796
12953572.233143644 4823545.399152589
12953568.086634038 4823543.314827645
12953563.94012443 4823541.230503138
12953559.793614825 4823539.146179068
12953555.647105219 4823537.061855429
12953551.500595612 4823534.977532225
12953547.354086004 4823532.893209463
12953543.2075764 4823530.80888713
12953539.061066795 4823528.724565238
12953534.914557187 4823526.640243774
12953530.768047579 4823524.555922748
12953526.617747182 4823522.484478763
12953522.460048793 4823520.438164795
12953518.302350402 4823518.391851249
12953514.14465201 4823516.3455381235
12953509.986953622 4823514.299225408
12953505.82925523 4823512.252913121
12953501.671556842 4823510.206601245
12953497.51385845 4823508.160289795
12953493.356160061 4823506.113978763
12953489.19846167 4823504.067668153
12953485.04076328 4823502.021357958
12953480.883064892 4823499.975048185
12953476.725366503 4823497.928738829
12953472.56766811 4823495.882429895
12953468.409969721 4823493.836121377
12953464.252271332 4823491.789813281
12953460.09267204 4823489.750085403
12953455.92645814 4823487.7332538115
12953451.760244243 4823485.716422618
12953447.594030343 4823483.699591837
12953443.427231632 4823481.684814753
12953439.2550422 4823479.688965072
12953435.08285277 4823477.693115799
12953430.910663337 4823475.697266911
12953426.738473905 4823473.701418427
12953422.566284474 4823471.705570346
12953418.392861523 4823469.7140896795
12953414.2183511 4823467.726459344
12953410.043840678 4823465.738829414
12953405.869330255 4823463.751199877
12953401.694819834 4823461.763570739
12953397.520309415 4823459.7759419875
12953393.34579899 4823457.788313639
12953389.17128857 4823455.800685684
12953384.99677815 4823453.8130581295
12953380.822267728 4823451.825430962
12953376.647757305 4823449.837804196
12953372.473246884 4823447.850177826
12953368.290107645 4823445.893461935
12953364.106395088 4823443.938800182
12953359.92268253 4823441.984138808
12953355.738969974 4823440.029477814
12953351.555257415 4823438.074817205
12953347.371544858 4823436.120156978
12953343.1878323 4823434.165497137
12953339.004119743 4823432.210837673
12953334.820407184 4823430.256178594
12953330.636694627 4823428.301519902
12953326.452982068 4823426.346861589
12953322.269269511 4823424.392203654
12953318.08135572 4823422.45293533
12953313.88556997 4823420.542502546
12953309.68978422 4823418.632070128
12953305.49399847 4823416.721638075
12953301.298212718 4823414.811206387
12953297.102426969 4823412.900775066
12953292.906641219 4823410.990344109
12953288.710855467 4823409.079913523
12953284.515069718 4823407.169483303
12953280.319283968 4823405.259053443
12953276.121819975 4823403.354881682
12953271.921627052 4823401.460885746
12953267.721434128 4823399.566890172
12953263.521241205 4823397.672894958
12953259.32104828 4823395.778900102
12953255.120855357 4823393.884905612
12953250.920662435 4823391.990911469
12953246.720469512 4823390.096917694
12953242.52027659 4823388.202924278
12953238.320083663 4823386.308931217
12953234.11979169 4823384.4153117305
12953229.914586795 4823382.540203964
12953225.709381904 4823380.665096544
12953221.504177008 4823378.789989478
12953217.298972113 4823376.914882761
12953213.093767222 4823375.0397764
12953208.888562327 4823373.164670392
12953204.68139899 4823371.297054694
12953200.46807437 4823369.453002844
12953196.254749749 4823367.608951331
12953192.041425128 4823365.7649001675
12953187.827720493 4823363.92232352
12953183.610224316 4823362.094455742
12953179.39272814 4823360.266588292
12953175.175231963 4823358.438721175
12953170.957735788 4823356.6108543975
12953166.740239609 4823354.782987955
12953162.522743434 4823352.955121843
12953158.305247257 4823351.127256069
12953154.087751081 4823349.299390629
12953149.870254904 4823347.471525523
12953145.652758729 4823345.643660752
12953141.43526255 4823343.815796315
12953137.217766374 4823341.987932216
12953133.000270197 4823340.160068447
12953128.78277402 4823338.332205019
12953124.565277845 4823336.504341918
12953120.342627287 4823334.696824815
12953116.114786403 4823332.909795597
12953111.886945518 4823331.122766704
12953107.659104634 4823329.33573813
12953103.431263747 4823327.548709877
12953099.203422861 4823325.761681941
12953094.975581978 4823323.97465433
12953090.746194644 4823322.193823029
12953086.516467826 4823320.414352233
12953082.286741007 4823318.634881758
12953078.057014188 4823316.855411602
12953073.827287368 4823315.075941761
12953069.59756055 4823313.296472238
12953065.367833732 4823311.517003031
12953061.13810691 4823309.737534139
12953056.908380093 4823307.95806557
12953052.678653272 4823306.178597316
12953048.448926454 4823304.399129376
12953044.216718487 4823302.62991965
12953039.964568086 4823300.943158967
12953035.738419835 4823299.152228784
12953031.497395521 4823297.418788613
12953027.256371204 4823295.685348738
12953023.015346887 4823293.951909169
12953018.774322571 4823292.218469893
12953014.533298256 4823290.48503093
12953010.292273942 4823288.751592259
12953006.050914701 4823287.019546624
12953001.805378424 4823285.304870808
12952997.559842147 4823283.590195288
12952993.31430587 4823281.875520063
12952989.068769595 4823280.160845129
12952984.823233318 4823278.446170494
12952980.577697039 4823276.731496153
12952976.332160763 4823275.016822103
12952972.086624486 4823273.3021483505
12952967.84108821 4823271.5874748975
12952963.595551934 4823269.87280173
12952959.350015657 4823268.158128859
12952955.10447938 4823266.443456284
12952950.855882615 4823264.741707717
12952946.603413941 4823263.056309595
12952942.350945268 4823261.370911757
12952938.098476596 4823259.685514208
12952933.847596148 4823257.993366567
12952929.597286854 4823256.298791672
12952925.346977562 4823254.6042170655
12952921.09666827 4823252.909642743
12952916.846358975 4823251.215068715
12952912.596049683 4823249.520494969
12952908.34574039 4823247.825921509
12952904.095431097 4823246.131348343
12952899.845121805 4823244.436775459
12952895.594146553 4823242.745057547
12952891.33557323 4823241.085909708
12952887.076999905 4823239.426762147
12952882.81842658 4823237.767614859
12952878.559853254 4823236.108467849
12952874.301279929 4823234.449321113
12952870.042706607 4823232.790174654
12952865.784133282 4823231.131028467
12952861.525559958 4823229.4718825575
12952857.263913203 4823227.826138811
12952853.001490707 4823226.18377801
12952848.739068208 4823224.54141748
12952844.476645714 4823222.899057217
12952840.214223215 4823221.256697225
12952835.951800717 4823219.614337506
12952831.689378222 4823217.971978059
12952827.421195546 4823216.355146265
12952823.151553482 4823214.74478232
12952818.881911416 4823213.13441864
12952814.612269351 4823211.524055217
12952810.342627285 4823209.913692052
12952806.072985217 4823208.303329149
12952801.80334315 4823206.692966505
12952797.533701086 4823205.082604122
12952793.264059018 4823203.472241997
12952788.994416952 4823201.861880128
12952784.72118123 4823200.2677416885
12952780.446448121 4823198.680363306
12952776.171715014 4823197.092985167
12952771.896981904 4823195.505607281
12952767.622248795 4823193.918229651
12952763.347515685 4823192.330852278
12952759.072782574 4823190.743475149
12952754.798049467 4823189.156098272
12952750.523316357 4823187.568721656
12952746.248583248 4823185.981345286
12952741.973850138 4823184.393969164
12952737.697743647 4823182.812889458
12952733.418166587 4823181.247720541
12952729.138589526 4823179.682551882
12952724.859012464 4823178.11738346
12952720.5794354 4823176.552215289
12952716.29985834 4823174.987047359
12952712.019780792 4823173.424207849
12952707.735870618 4823171.879197365
12952703.451960446 4823170.334187121
12952699.168050272 4823168.789177114
12952694.8841401 4823167.244167352
12952690.600229926 4823165.699157825
12952686.316319752 4823164.154148532
12952682.032409579 4823162.609139487
12952677.748499405 4823161.064130677
12952673.460382845 4823159.53907848
12952669.168842703 4823158.0302690035
12952664.877302561 4823156.521459756
12952660.58576242 4823155.012650741
12952656.294222284 4823153.503841953
12952652.002682142 4823151.995033387
12952647.711142002 4823150.48622506
12952643.41960186 4823148.977416948
12952639.12806172 4823147.468609073
12952634.836521577 4823145.959801426
12952630.544981437 4823144.450994002
12952626.2534413 4823142.942186807
12952621.957533622 4823141.45458276
12952617.66011671 4823139.974305782
12952613.362699796 4823138.494029022
12952609.065282883 4823137.013752477
12952604.767865967 4823135.533476154
12952600.470449056 4823134.053200057
12952596.17303214 4823132.572924171
12952591.875615228 4823131.092648505
12952587.578198314 4823129.61237306
12952583.280781401 4823128.132097832
12952578.983364487 4823126.651822832
12952574.685947575 4823125.171548044
12952570.388447246 4823123.691688224
12952566.083500123 4823122.248853816
12952561.778552998 4823120.806019624
12952557.473605877 4823119.363185634
12952553.168658754 4823117.920351854
12952548.863711633 4823116.477518285
12952544.55876451 4823115.034684923
12952540.253817389 4823113.591851766
12952535.948870268 4823112.149018825
12952531.643923145 4823110.706186085
12952527.338976024 4823109.263353556
12952523.034225916 4823107.819528551
12952518.729525646 4823106.375452668
12952514.424825374 4823104.931377002
12952510.114668982 4823103.515068694
12952505.804427441 4823102.099193938
12952501.494185898 4823100.683319373
12952497.183944356 4823099.267445014
12952492.873702815 4823097.851570856
12952488.563461272 4823096.435696898
12952484.253219731 4823095.019823141
12952479.942978188 4823093.603949585
12952475.63273665 4823092.188076229
12952471.322495105 4823090.772203076
12952467.012253562 4823089.356330118
12952462.702012023 4823087.940457361
12952458.39177048 4823086.524584813
12952454.08152894 4823085.108712457
12952449.76690502 4823083.715667063
12952445.450217083 4823082.3333728695
12952441.133529142 4823080.95107887
12952436.8168412 4823079.568785063
12952432.50015326 4823078.186491448
12952428.183465319 4823076.804198024
12952423.86677738 4823075.4219047865
12952419.55008944 4823074.039611744
12952415.233401498 4823072.657318896
12952410.916713558 4823071.275026239
12952406.600025617 4823069.892733768
12952402.283337675 4823068.510441488
12952397.966649737 4823067.128149403
12952393.64522775 4823065.771103984
12952389.323309507 4823064.416705279
12952385.00139126 4823063.062306755
12952380.679473016 4823061.707908415
12952376.357554773 4823060.35351026
12952372.035636527 4823058.999112291
12952367.713718282 4823057.644714504
12952363.391800039 4823056.290316902
12952359.068200663 4823054.945061025
12952354.742243476 4823053.612626501
12952350.416286288 4823052.280192147
12952346.090329103 4823050.947757971
12952341.764371917 4823049.615323976
12952337.43841473 4823048.282890155
12952333.112457544 4823046.9504565215
12952328.786500355 4823045.618023055
12952324.460543169 4823044.285589771
12952320.134585984 4823042.953156663
12952315.808628798 4823041.620723731
12952311.482671611 4823040.288290981
12952307.156714423 4823038.955858414
12952302.829093143 4823037.632666362
12952298.497590328 4823036.33102785
12952294.16611529 4823035.0292333495
12952289.834691234 4823033.727152445
12952285.503267175 4823032.425071714
12952281.17003018 4823031.1332821725
12952276.834276443 4823029.855778925
12952272.4985227 4823028.57827585
12952268.162768962 4823027.30077293
12952263.827015223 4823026.023270176
12952259.49126148 4823024.7457675915
12952255.155507741 4823023.468265166
12952250.819754003 4823022.190762902
12952246.484000262 4823020.913260804
12952242.148246521 4823019.635758868
12952237.81249278 4823018.358257101
12952233.4723447 4823017.106306313
12952229.130790183 4823015.8625333635
12952224.789235666 4823014.618760577
12952220.44768115 4823013.374987946
12952216.106126633 4823012.13121547
12952211.764572117 4823010.887443146
12952207.4230176 4823009.64367098
12952203.081463082 4823008.399898968
12952198.739908569 4823007.156127106
12952194.398354052 4823005.912355402
12952190.056799533 4823004.66858386
12952185.715245016 4823003.424812467
12952181.373690499 4823002.181041223
12952177.032135984 4823000.937270145
12952172.69913608 4822999.6472114315
12952168.35234292 4822998.434746861
12952164.005549764 4822997.2222824395
12952159.658756608 4822996.009818165
12952155.31196345 4822994.79735404
12952150.965170294 4822993.58489006
12952146.618377138 4822992.372426225
12952142.271583978 4822991.15996254
12952137.924790822 4822989.9474990005
12952133.577997666 4822988.735035609
12952129.231204508 4822987.522572367
12952124.884411352 4822986.3101092735
12952120.537560364 4822985.097999351
12952116.18779308 4822983.903692368
12952111.838025795 4822982.709385532
12952107.48825851 4822981.515078837
12952103.138491224 4822980.320772285
12952098.78872394 4822979.126465874
12952094.437813325 4822977.939260852
12952090.084610345 4822976.766293822
12952085.731407367 4822975.593326931
12952081.37820439 4822974.4203601815
12952077.025001412 4822973.247393568
12952072.671798436 4822972.074427093
12952068.318595458 4822970.901460757
12952063.965392482 4822969.7284945585
12952059.612189502 4822968.555528497
12952055.258693662 4822967.384425292
12952050.90046313 4822966.24343615
12952046.542232603 4822965.102447136
12952042.184002073 4822963.9614582565
12952037.825771546 4822962.820469511
12952033.467541019 4822961.679480892
12952029.109310491 4822960.538492407
12952024.751079962 4822959.397504047
12952020.392849434 4822958.256515816
12952016.034618907 4822957.115527718
12952011.676388381 4822955.974539751
12952007.317094177 4822954.840529553
12952002.95341294 4822953.735298204
12951998.589731704 4822952.630066978
12951994.226050464 4822951.524835876
12951989.862369228 4822950.419604894
12951985.49868799 4822949.314374039
12951981.135006752 4822948.209143302
12951976.771325514 4822947.103912688
12951972.407734958 4822945.9980776515
12951968.044222938 4822944.891719166
12951963.680710917 4822943.785360803
12951959.317198897 4822942.679002562
12951954.953686876 4822941.572644443
12951950.590174856 4822940.466286445
12951946.226706415 4822939.359638261
12951941.863273535 4822938.2527533015
12951937.499840656 4822937.145868473
12951933.13635235 4822936.039358568
12951928.768157553 4822934.964673302
12951924.399962762 4822933.889988146
12951920.031767966 4822932.81530311
12951915.663573176 4822931.7406181935
12951911.295378383 4822930.665933386
12951906.927183589 4822929.591248693
12951902.558988797 4822928.516564121
12951898.190794002 4822927.441879667
12951893.821679493 4822926.373571661
12951889.450630045 4822925.318678662
12951885.079580594 4822924.263785772
12951880.708531141 4822923.208892997
12951876.337481689 4822922.154000327
12951871.96643224 4822921.099107775
12951867.59538279 4822920.044215327
12951863.224333337 4822918.989322999
12951858.853283884 4822917.934430781
12951854.479099896 4822916.901797068
12951850.103972247 4822915.875864393
12951845.728844598 4822914.849931822
12951841.353716949 4822913.823999358
12951836.978589298 4822912.798066996
12951832.60346165 4822911.7721347455
12951828.228334 4822910.746202594
12951823.853206351 4822909.720270548
12951819.478078704 4822908.694338614
12951815.102951055 4822907.668406778
12951810.727823406 4822906.642475051
12951806.352186227 4822905.6202476565
12951801.974602047 4822904.612174796
12951797.597017873 4822903.604102032
12951793.219433697 4822902.596029367
12951788.841849523 4822901.587956808
12951784.464265347 4822900.579884347
12951780.085421244 4822899.581211829
12951775.703467263 4822898.6057410585
12951771.321513284 4822897.630270384
12951766.939559303 4822896.654799807
12951762.557605324 4822895.679329325
12951758.175651344 4822894.703858933
12951753.793697363 4822893.728388644
12951749.411743382 4822892.752918451
12951745.029789403 4822891.777448346
12951740.647835422 4822890.801978341
12951736.265881443 4822889.82650843
12951731.883927463 4822888.851038615
12951727.50197348 4822887.875568893
12951723.118901828 4822886.908698312
12951718.733595395 4822885.959021522
12951714.348288963 4822885.009344821
12951709.962982533 4822884.059668208
12951705.577676097 4822883.109991684
12951701.192369668 4822882.160315251
12951696.807063235 4822881.210638909
12951692.421756802 4822880.260962657
12951688.036450373 4822879.311286499
12951683.65114394 4822878.361610427
12951679.265837507 4822877.411934449
12951674.880531074 4822876.462258555
12951670.495224645 4822875.512582754
12951666.109481832 4822874.566352906
12951661.721347468 4822873.639008087
12951657.333213098 4822872.711663346
12951652.94507873 4822871.784318692
12951648.556944363 4822870.856974122
12951644.168809993 4822869.92962964
12951639.78067563 4822869.002285251
12951635.39254126 4822868.074940941
12951631.004406892 4822867.1475967225
12951626.616272524 4822866.220252584
12951622.228138158 4822865.292908533
12951617.840003787 4822864.365564572
12951613.45186942 4822863.438220695
12951609.063735053 4822862.510876902
12951604.675600685 4822861.583533194
12951600.287466317 4822860.656189574
12951595.899331952 4822859.728846043
12951591.511197584 4822858.8015025975
12951587.123063214 4822857.874159238
12951582.734928846 4822856.946815959
12951578.34679448 4822856.019472772
12951573.958660113 4822855.092129671
12951569.570525745 4822854.16478665
12951565.182391375 4822853.237443726
12951560.794257008 4822852.310100875
12951556.406122642 4822851.382758119
12951552.017988272 4822850.45541545
12951547.629853906 4822849.528072858
12951543.241719536 4822848.600730365
12951538.853539873 4822847.673750312
12951534.465249998 4822846.747651973
12951530.076960126 4822845.821553722
12951525.688670252 4822844.895455558
12951521.300380379 4822843.96935748
12951516.912090506 4822843.043259492
12951512.52380063 4822842.11716158
12951508.135510758 4822841.191063756
12951503.747220885 4822840.264966026
12951499.358931009 4822839.3388683805
12951494.970641136 4822838.412770814
12951490.582351264 4822837.486673334
12951486.19395278 4822836.5614459235
12951481.805518892 4822835.636502223
12951477.417085001 4822834.7115586065
12951473.028651113 4822833.786615077
12951468.640217222 4822832.861671632
12951464.251783334 4822831.936728268
12951459.863349445 4822831.011784997
12951455.474915555 4822830.086841809
12951451.086481666 4822829.161898709
12951446.698047778 4822828.236955688
12951442.309613887 4822827.312012755
12951437.921179997 4822826.387069913
12951433.532746108 4822825.46212715
12951429.144312218 4822824.537184479
12951424.75587833 4822823.612241886
12951420.36744444 4822822.687299384
12951415.97901055 4822821.762356964
12951411.590835445 4822820.835344249
12951407.202820998 4822819.907046258
12951402.81480655 4822818.978748348
12951398.426792108 4822818.050450534
12951394.03877766 4822817.122152797
12951389.650763215 4822816.193855143
12951385.262748769 4822815.265557586
12951380.874734322 4822814.337260108
12951376.486719877 4822813.408962714
12951372.09870543 4822812.4806654155
12951367.710690986 4822811.552368198
12951363.32267654 4822810.624071069
12951358.934662092 4822809.695774022
12951354.546647647 4822808.767477066
12951350.1586332 4822807.839180193
12951345.770618754 4822806.910883406
12951341.38260431 4822805.982586708
12951336.994589863 4822805.0542900935
12951332.606575418 4822804.125993566
12951328.218560971 4822803.197697127
12951323.830546524 4822802.269400773
12951319.44253208 4822801.341104505
12951315.054517632 4822800.412808322
12951310.66650319 4822799.48451223
12951306.278488742 4822798.556216219
12951301.890474295 4822797.627920296
12951297.50245985 4822796.699624461
12951293.114445403 4822795.771328709
12951288.726430956 4822794.843033045
12951284.338416513 4822793.914737469
12951279.950402066 4822792.986441985
12951275.562387617 4822792.058146579
12951271.17437317 4822791.129851255
12951266.786358727 4822790.201556028
12951262.39834428 4822789.273260881
12951258.010329835 4822788.344965816
12951253.622315388 4822787.416670849
12951249.234300941 4822786.488375961
12951244.846286496 4822785.560081155
12951240.45827205 4822784.631786447
12951236.070257606 4822783.70349182
12951231.682243159 4822782.775197278
12951227.294228712 4822781.846902819
12951222.906214267 4822780.918608453
12951218.51819982 4822779.990314169
12951214.130185373 4822779.06201997
12951209.74217093 4822778.133725863
12951205.354156483 4822777.205431838
12951200.966142038 4822776.277137902
12951196.578127591 4822775.34884405
12951192.190113144 4822774.420550288
12951187.802106231 4822773.492196458
12951183.414109834 4822772.56375876
12951179.026113436 4822771.635321146
12951174.638117036 4822770.706883619
12951170.250120638 4822769.778446179
12951165.862124238 4822768.850008825
12951161.47412784 4822767.921571557
12951157.08613144 4822766.993134376
12951152.698135043 4822766.064697285
12951148.310138645 4822765.136260272
12951143.922142243 4822764.207823353
12951139.534145845 4822763.27938652
12951135.146149447 4822762.350949768
12951130.75815305 4822761.422513104
12951126.370156648 4822760.494076528
12951121.98216025 4822759.565640044
12951117.594163852 4822758.637203636
12951113.206167454 4822757.7087673135
12951108.818171054 4822756.780331086
12951104.430174656 4822755.851894944
12951100.042178256 4822754.923458885
12951095.654181859 4822753.9950229125
12951091.266185459 4822753.066587027
12951086.87818906 4822752.138151227
12951082.489953399 4822751.211629459
12951078.101533847 4822750.28657874
12951073.713114295 4822749.361528104
12951069.324694747 4822748.436477557
12951064.936275195 4822747.511427091
12951060.547855645 4822746.586376713
12951056.159436096 4822745.661326423
12951051.771016546 4822744.73627622
12951047.382596994 4822743.811226097
12951042.994177444 4822742.88617606
12951038.605757894 4822741.961126113
12951034.217338344 4822741.03607625
12951029.828918794 4822740.111026473
12951025.440499244 4822739.185976782
12951021.052079694 4822738.260927175
12951016.663660143 4822737.335877658
12951012.275240593 4822736.410828224
12951007.88743781 4822735.480849657
12951003.499646965 4822734.550775781
12950999.11185612 4822733.620701993
12950994.724065272 4822732.690628286
12950990.336274428 4822731.760554674
12950985.948483584 4822730.830481143
12950981.560692737 4822729.900407701
12950977.172901893 4822728.97033434
12950972.785111045 4822728.040261075
12950968.397320202 4822727.110187892
12950964.009529354 4822726.180114792
12950959.62173851 4822725.250041787
12950955.233947664 4822724.319968864
12950950.846156817 4822723.389896025
12950946.458365973 4822722.459823275
12950942.07057513 4822721.5297506135
12950937.682784282 4822720.599678036
12950933.294981034 4822719.669704404
12950928.90717406 4822718.739760543
12950924.519367088 4822717.809816773
12950920.131560113 4822716.879873087
12950915.743753139 4822715.949929491
12950911.355946166 4822715.019985981
12950906.968139192 4822714.090042551
12950902.580332221 4822713.160099215
12950898.192525247 4822712.230155964
12950893.804718275 4822711.300212798
12950889.4169113 4822710.370269722
12950885.029104326 4822709.440326732
12950880.641297353 4822708.510383821
12950876.25349038 4822707.580441005
12950871.865683407 4822706.650498275
12950867.477876432 4822705.720555628
12950863.090069462 4822704.79061307
12950858.702262487 4822703.8606706
12950854.314455511 4822702.930728213
12950849.926096262 4822702.005200076
12950845.537674565 4822701.080171109
12950841.149252867 4822700.155142231
12950836.760831174 4822699.230113436
12950832.372409476 4822698.305084726
12950827.983987782 4822697.380056105
12950823.595566085 4822696.4550275635
12950819.207144387 4822695.529999114
12950814.818722693 4822694.604970752
12950810.430300996 4822693.679942471
12950806.041879302 4822692.75491427
12950801.653457604 4822691.829886165
12950797.26503591 4822690.904858148
12950792.876614213 4822689.979830205
12950788.48819252 4822689.054802352
12950784.099770822 4822688.129774589
12950779.711349124 4822687.204746908
12950775.32292743 4822686.279719312
12950770.934505733 4822685.354691804
12950766.546084039 4822684.429664382
12950762.157662341 4822683.504637042
12950757.769240644 4822682.579609793
12950753.38081895 4822681.654582625
12950748.992397256 4822680.729555548
12950744.604085132 4822679.803651009
12950740.215826912 4822678.877314906
12950735.82756869 4822677.950978893
12950731.439310469 4822677.02464296
12950727.051052244 4822676.098307115
12950722.662794024 4822675.1719713565
12950718.274535801 4822674.2456356855
12950713.88627758 4822673.319300102
12950709.498019356 4822672.392964601
12950705.109755524 4822671.46667421
12950700.720833492 4822670.545666927
12950696.331911458 4822669.624659729
12950691.942989426 4822668.703652617
12950687.554067394 4822667.782645584
12950683.16514536 4822666.86163864
12950678.776223328 4822665.940631787
12950674.387504118 4822665.01799751
12950669.999307036 4822664.091173617
12950665.611098817 4822663.164438895
12950661.222874483 4822662.237833187
12950656.834650146 4822661.31122757
12950652.446425812 4822660.384622042
12950648.058201477 4822659.458016593
12950643.66997714 4822658.531411232
12950639.281752806 4822657.604805958
12950634.893528469 4822656.678200771
12950630.505304135 4822655.751595666
12950626.117079802 4822654.82499065
12950621.728855465 4822653.89838572
12950617.34063113 4822652.971780873
12950612.952406794 4822652.045176115
12950608.564182458 4822651.118571439
12950604.175958125 4822650.191966858
12950599.787733788 4822649.265362353
12950595.39950945 4822648.338757944
12950591.011395479 4822647.411271602
12950586.623404648 4822646.48280114
12950582.235413823 4822645.554330764
12950577.847422997 4822644.625860474
12950573.45943217 4822643.697390263
12950569.071441345 4822642.768920147
12950564.683450518 4822641.840450115
12950560.295459691 4822640.911980172
12950555.907469215 4822639.983507513
12950551.519480905 4822639.055017657
12950547.131492594 4822638.12652789
12950542.74350428 4822637.198038208
12950538.35551597 4822636.269548609
12950533.96752766 4822635.341059101
12950529.57953935 4822634.412569677
12950525.191551037 4822633.484080338
12950520.803562727 4822632.555591085
12950516.415574415 4822631.6271019215
12950512.027586102 4822630.698612841
12950507.639165716 4822629.773581864
12950503.250624463 4822628.849518261
12950498.862083213 4822627.925454742
12950494.473802775 4822626.999303535
12950490.085769415 4822626.071174627
12950485.697736051 4822625.143045802
12950481.30970269 4822624.214917069
12950476.92166933 4822623.286788419
12950472.533635966 4822622.358659855
12950468.145602604 4822621.430531376
12950463.757569244 4822620.50240299
12950459.36953588 4822619.574274681
12950454.98150252 4822618.64614646
12950450.59346916 4822617.718018332
12950446.205435796 4822616.789890282
12950441.817402434 4822615.8617623225
12950437.429369073 4822614.933634452
12950433.041000405 4822614.008207147
12950428.65109903 4822613.095124012
12950424.261197656 4822612.1820409605
12950419.86944914 4822611.284410579
12950415.473335434 4822610.423298106
12950411.077221721 4822609.562185701
12950406.688998137 4822608.63635881
12950402.303429505 4822607.688756159
12950397.917860873 4822606.741153591
12950393.532292241 4822605.793551115
12950389.146723611 4822604.845948727
12950384.76115498 4822603.898346432
12950380.37546987 4822602.951665827
12950375.987132184 4822602.025973013
12950371.598794498 4822601.100280282
12950367.210456809 4822600.174587643
12950362.822119122 4822599.248895086
12950358.433781436 4822598.323202612
12950354.045443749 4822597.397510229
12950349.657106062 4822596.471817929
12950345.269417325 4822595.540946752
12950340.881867722 4822594.608965322
12950336.494318116 4822593.676983967
12950332.106768515 4822592.745002704
12950327.719218912 4822591.813021532
12950323.331669306 4822590.881040439
12950318.944119703 4822589.949059437
12950314.556570102 4822589.01707852
12950310.169020496 4822588.085097693
12950305.781470893 4822587.1531169545
12950301.393921288 4822586.2211363
12950297.006371684 4822585.289155728
12950292.61882208 4822584.357175252
12950288.231272476 4822583.425194858
12950283.84372287 4822582.493214551
12950279.455660827 4822581.565328361
12950275.067075383 4822580.641623847
12950270.678489937 4822579.7179194195
12950266.289904492 4822578.794215073
12950261.901319047 4822577.870510814
12950257.512733603 4822576.946806643
12950253.124148156 4822576.023102556
12950248.735562714 4822575.099398553
12950244.330409745 4822574.356974649
12950239.900725244 4822573.868601043
12950235.473515151 4822573.342747965
12950231.041962774 4822572.88128908
12950226.61087451 4822572.41227425
12950222.179786248 4822571.943259443
12950217.748737587 4822571.473618461
12950213.318202276 4822570.995860626
12950208.88766697 4822570.5181028135
12950204.457131658 4822570.04034502
12950200.02659635 4822569.56258725
12950195.610659763 4822568.935736765
12950191.232413432 4822567.932567641
12950186.844325926 4822567.005430723
12950182.454537405 4822566.091435785
12950178.064748883 4822565.1774409395
12950173.674960362 4822564.263446174
12950169.285391178 4822563.347718594
12950164.897617452 4822562.417606275
12950160.50924997 4822561.492155837
12950156.12088249 4822560.566705494
12950151.732515011 4822559.641255227
12950147.344147531 4822558.715805051
12950142.95578005 4822557.790354957
12950138.567412572 4822556.8649049485
12950134.179045092 4822555.939455026
12950129.790677615 4822555.014005196
12950125.402310133 4822554.088555446
12950121.013942655 4822553.163105781
12950116.625575174 4822552.237656205
12950112.237207696 4822551.312206711
12950107.848840216 4822550.386757303
12950103.460472735 4822549.461307986
12950099.072105257 4822548.535858752
12950094.683737775 4822547.610409601
12950090.295370296 4822546.684960539
12950085.907002818 4822545.759511561
12950081.51863534 4822544.834062668
12950077.130267859 4822543.908613867
12950072.741900377 4822542.983165146
12950068.3535329 4822542.05771651
12950063.96516542 4822541.13226796
12950059.577153085 4822540.203981891
12950055.189361967 4822539.273928367
12950050.801570853 4822538.34387492
12950046.413779736 4822537.413821568
12950042.02426388 4822536.497704924
12950037.633397944 4822535.592497622
12950033.242532007 4822534.687290404
12950028.851666069 4822533.7820832655
12950024.460800134 4822532.876876213
12950020.069934197 4822531.971669238
12950015.67906826 4822531.066462346
12950011.288202323 4822530.161255536
12950006.897114333 4822529.2579440195
12950002.497972 4822528.423375828
12949998.080793185 4822527.784697822
12949993.65435963 4822527.2465334935
12949989.227926074 4822526.708369187
12949984.800433738 4822526.186371835
12949980.367698668 4822525.744428069
12949975.934963595 4822525.302484315
12949971.500828417 4822524.891577495
12949967.058729308 4822524.657211764
12949962.616630197 4822524.422846035
12949958.173319202 4822524.239308584
12949953.728578446 4822524.11573762
12949949.282981774 4822524.127127265
12949944.837485176 4822524.184979362
12949940.39409669 4822524.360098672
12949935.951716917 4822524.585298532
12949931.513197107 4822524.909156423
12949927.076156547 4822525.270822817
12949922.643525066 4822525.7134912275
12949918.213051202 4822526.189163885
12949913.791949408 4822526.796872217
12949909.373918714 4822527.43940066
12949904.96169795 4822528.147802031
12949900.564257309 4822528.99619047
12949896.172785714 4822529.896101238
12949891.78507955 4822530.825535083
12949887.4192458 4822531.916264391
12949883.053412046 4822533.006993822
12949878.694747968 4822534.142748173
12949874.354469087 4822535.393959793
12949870.024528522 4822536.703317721
12949865.701940877 4822538.054031097
12949861.393933836 4822539.480461993
12949857.091434384 4822540.935494109
12949852.788934933 4822542.390526435
12949848.486435482 4822543.845558967
12949844.197837777 4822545.368259707
12949839.90996899 4822546.894508731
12949835.6221002 4822548.420757994
12949831.33423141 4822549.947007491
12949827.046362622 4822551.473257214
12949822.758493833 4822552.999507176
12949818.466921745 4822554.507958154
12949814.171618676 4822555.998477139
12949809.876315607 4822557.488996344
12949805.58101254 4822558.979515772
12949801.264708279 4822560.363192593
12949796.945691176 4822561.733068122
12949792.626674073 4822563.102943839
12949788.281924166 4822564.327580077
12949783.936932717 4822565.550853176
12949779.591941271 4822566.774126429
12949775.234594809 4822567.919890993
12949770.859137416 4822568.939988257
12949766.474277178 4822569.893109093
12949762.077416345 4822570.745658414
12949757.676418696 4822571.563539022
12949753.270295842 4822572.330023409
12949748.854292125 4822572.997421123
12949744.437138895 4822573.651787437
12949740.003540209 4822574.066992766
12949735.564823471 4822574.384307669
12949731.122159295 4822574.5969821215
12949726.677566323 4822574.729228905
12949722.232811758 4822574.840699272
12949717.787070137 4822574.825263098
12949713.341328518 4822574.809826933
12949708.898455132 4822574.622375982
12949704.456373194 4822574.387459832
12949700.014992079 4822574.136025221
12949695.579969833 4822573.734710407
12949691.151113108 4822573.242183293
12949686.730192622 4822572.632248013
12949682.309272137 4822572.022312772
12949677.902736206 4822571.267719685
12949673.507772721 4822570.396748674
12949669.112809237 4822569.52577774
12949664.735893806 4822568.5135322325
12949660.360203004 4822567.491700819
12949656.011738963 4822566.291698327
12949651.672336811 4822565.035957371
12949647.342290064 4822563.726221656
12949643.044458233 4822562.250510102
12949638.754561257 4822560.733917208
12949634.481647931 4822559.139600431
12949630.230091747 4822557.451333445
12949626.00549923 4822555.653224454
12949621.808296274 4822553.74822412
12949617.620461566 4822551.809823603
12949613.464706024 4822549.757051854
12949609.32764677 4822547.643455303
12949605.227612803 4822545.409403686
12949601.155025199 4822543.093448572
12949597.134076264 4822540.629188317
12949593.124852417 4822538.132194474
12949589.130960472 4822535.594898045
12949585.19897264 4822532.899198455
12949581.288249485 4822530.151176196
12949577.457989963 4822527.2177455835
12949573.627730444 4822524.284315833
12949569.882046325 4822521.172671066
12949566.146127017 4822518.040451034
12949562.452098941 4822514.827681376
12949558.82319832 4822511.489682391
12949555.238819096 4822508.071689585
12949551.736475902 4822504.513220171
12949548.246485151 4822500.933734826
12949544.84731698 4822497.2104274
12949541.48705452 4822493.427733988
12949538.222837504 4822489.505688751
12949535.00871799 4822485.513579077
12949531.889076171 4822481.398346141
12949528.80893938 4822477.231631332
12949525.844306888 4822472.927108519
12949522.913116166 4822468.582687751
12949520.064742787 4822464.149265625
12949517.33230047 4822459.591255164
12949514.65196419 4822454.983332197
12949512.110939033 4822450.241959369
12949509.63043905 4822445.448052578
12949507.23426554 4822440.580952242
12949504.995239433 4822435.5904230615
12949502.794103747 4822430.5701354155
12949500.74570797 4822425.444955596
12949498.798182242 4822420.250673442
12949496.895091893 4822415.03040713
12949495.197292797 4822409.690154895
12949493.643072259 4822404.278153578
12949492.150807958 4822398.835193195
12949490.796093438 4822393.334589299
12949489.58779813 4822387.774811676
12949488.585961143 4822382.145251396
12949487.583758775 4822376.515982136
12949486.861201921 4822370.814631387
12949486.13864507 4822365.113283892
12949485.592026956 4822359.379893528
12949485.22055215 4822353.623394341
12949484.935510006 4822347.85780061
12949484.94692886 4822342.079659181
12949484.958347715 4822336.301521094
12949485.122178258 4822330.529570934
12949485.477452327 4822324.771196662
12949485.931047916 4822319.02320314
12949486.556278963 4822313.302507921
12949487.285436528 4822307.604200503
12949488.140161283 4822301.934521616
12949489.169889975 4822296.313516989
12949490.324637238 4822290.734694184
12949491.589386249 4822285.196709127
12949492.99136323 4822279.713414267
12949494.54632453 4822274.300865452
12949496.209445283 4822268.944170706
12949497.992715454 4822263.651263094
12949499.8859659 4822258.423902116
12949501.899216758 4822253.2722100625
12949504.022622684 4822248.19707317
12949506.22161817 4822243.176025351
12949508.576767938 4822238.275315409
12949511.006186536 4822233.437197849
12949513.566057257 4822228.713597151
12949516.164092071 4822224.0251658205
12949518.89544305 4822219.467233259
12949521.71877009 4822215.00388084
12949524.54209713 4822210.540530417
12949527.502793044 4822206.231861658
12949530.499505276 4822201.963735884
12949533.511905398 4822197.71499432
12949536.633715862 4822193.601122035
12949539.75552633 4822189.4872514475
12949542.96278751 4822185.485999578
12949546.191010168 4822181.51361012
12949549.4534611 4822177.588411769
12949552.723903116 4822173.674714969
12949556.043589983 4822169.831432836
12949559.363276852 4822165.988152182
12949562.682963721 4822162.144873008
12949566.021452833 4822158.329279683
12949569.367760785 4822154.525200256
12949572.71406874 4822150.721122282
12949576.060376694 4822146.91704575
12949579.406684648 4822143.11297067
12949582.737602048 4822139.286425334
12949586.032552091 4822135.407365652
12949589.327502133 4822131.528307482
12949592.622452179 4822127.649250813
12949595.866730152 4822123.698718624
12949599.082156738 4822119.7092130035
12949602.243316531 4822115.646446515
12949605.404476322 4822111.58368168
12949608.528979182 4822107.473324337
12949611.591550551 4822103.287187436
12949614.556410732 4822098.981694293
12949617.52127091 4822094.676203012
12949620.373908503 4822090.244639304
12949623.170042243 4822085.754389714
12949625.850731054 4822081.144932702
12949628.531419866 4822076.535477813
12949631.068429785 4822071.791752959
12949633.560226081 4822067.00713852
12949635.933169005 4822062.121034971
12949638.264330711 4822057.2015460795
12949640.426253079 4822052.154320372
12949642.529846393 4822047.064074281
12949644.509311387 4822041.893265311
12949646.376543842 4822036.64961453
12949648.220535146 4822031.392774649
12949649.911119798 4822026.04886282
12949651.601704452 4822020.7049538465
12949653.098540295 4822015.264788253
12949654.581889711 4822009.817925217
12949656.013881646 4822004.348926398
12949657.32916692 4821998.829621658
12949658.644452196 4821993.310319979
12949659.956546444 4821987.789771275
12949661.207257377 4821982.245178954
12949662.457968304 4821976.70058972
12949663.708679236 4821971.156003558
12949664.959390163 4821965.611420477
12949666.210101096 4821960.066840474
12949667.460812023 4821954.522263555
12949668.68307401 4821948.967092134
12949669.955527676 4821943.431232302
12949671.213292 4821937.88940038
12949672.452433534 4821932.340468243
12949673.664876731 4821926.7816177225
12949674.917000575 4821921.237598684
12949676.167720066 4821915.693046717
12949677.389860516 4821910.137919876
12949678.639896167 4821904.593439972
12949679.871235665 4821899.041630272
12949681.11466882 4821893.494330482
12949682.34775011 4821887.943163307
12949683.569093617 4821882.387579448
12949684.790437123 4821876.83199868
12949686.009606112 4821871.275624767
12949687.165436149 4821865.696896891
12949688.235818466 4821860.08898059
12949689.304094328 4821854.480401604
12949690.33499171 4821848.860010699
12949691.272834202 4821843.213014644
12949692.131264739 4821837.543914528
12949692.978859551 4821831.872029271
12949693.767292593 4821826.186127428
12949694.51456573 4821820.490475
12949695.224093135 4821814.786694841
12949695.907524837 4821809.077707684
12949696.538042175 4821803.358262483
12949697.168559508 4821797.638820558
12949697.761639928 4821791.91295152
12949698.29607199 4821786.177011972
12949698.810670657 4821780.438153675
12949699.277764095 4821774.692299735
12949699.744857537 4821768.946449095
12949700.211950973 4821763.2006017715
12949700.643922133 4821757.450262764
12949701.03148885 4821751.694721154
12949701.305310618 4821745.927875215
12949701.535893979 4821740.16000826
12949701.667737812 4821734.384809335
12949701.741027078 4821728.607788962
12949701.814316344 4821722.830771943
12949701.881219115 4821717.053652449
12949701.906572198 4821711.27598335
12949701.916823728 4821705.498206569
12949701.927075254 4821699.720433126
12949701.96683085 4821693.942923805
12949702.004133783 4821688.165420295
12949702.054033777 4821682.388007695
12949702.091302289 4821676.610435275
12949702.136221953 4821670.832975183
12949702.196395898 4821665.055735706
12949702.256569844 4821659.278499568
12949702.309376366 4821653.501146469
12949702.360913651 4821647.723775984
12949702.412450934 4821641.946408845
12949702.463988215 4821636.169045045
12949702.515525494 4821630.391684593
12949702.567062778 4821624.614327476
12949702.665476717 4821618.838412925
12949702.67494127 4821613.061307677
12949702.73011486 4821607.284017305
12949702.785288453 4821601.506730283
12949702.840462046 4821595.729446601
12949702.895635637 4821589.9521662565
12949702.95080923 4821584.174889262
12949703.00598282 4821578.397615607
12949703.061156413 4821572.620345293
12949703.116491958 4821566.843081049
12949703.176564278 4821561.065899946
12949703.236636596 4821555.288722184
12949703.281071072 4821549.511338379
12949703.31260047 4821543.733785127
12949703.34412987 4821537.956235219
12949703.394250602 4821532.178943303
12949703.435013853 4821526.401513799
12949703.502197552 4821520.624491962
12949703.58499673 4821514.848004377
12949703.679429695 4821509.072519378
12949703.86771841 4821503.300118356
12949704.090426048 4821497.530245946
12949704.373435007 4821491.764390843
12949704.649431981 4821485.99787015
12949704.910585724 4821480.230550806
12949705.14705525 4821474.461307609
12949705.396095457 4821468.6927278545
12949705.633152723 4821462.923307646
12949705.85493751 4821457.152853071
12949706.077927917 4821451.382490879
12949706.317050364 4821445.613405974
12949706.532389743 4821439.842763834
12949706.802421136 4821434.076778522
12949707.006347744 4821428.307451039
12949707.01116264 4821422.529825994
12949707.01597754 4821416.752204293
12949707.020792436 4821410.974585937
12949707.025607334 4821405.196970924
12949707.030422231 4821399.419359252
12949707.061388642 4821393.643451111
12949707.061388642 4821387.8658427335
12949707.061388642 4821382.088237699
12949707.061388642 4821376.310636008
12949707.061388642 4821370.533037659
12949707.061388642 4821364.755442652
12949707.061388642 4821358.977850991
12949707.061388642 4821353.200262665
12949707.061388642 4821347.422677689
12949707.061388642 4821341.645096056
12949707.061388642 4821335.867517761
12949707.061388642 4821330.089942809
12949707.061388642 4821324.3123712
12949707.061388642 4821318.534802931
12949707.061388642 4821312.757238008
12949707.059213612 4821306.979680401
12949707.046725579 4821301.20214495
12949707.034237543 4821295.424612849
12949707.02174951 4821289.647084089
12949707.009261476 4821283.869558674
12949706.996773442 4821278.092036595
12949706.984285407 4821272.314517866
12949706.971797377 4821266.537002472
12949706.959309341 4821260.759490422
12949706.940408513 4821254.982034006
12949706.897107733 4821249.204779893
12949706.853806956 4821243.427529125
12949706.810506174 4821237.650281698
12949706.767205397 4821231.873037614
12949706.723904617 4821226.095796866
12949706.680603838 4821220.318559465
12949706.633374171 4821214.541398377
12949706.549610483 4821208.764919195
12949706.465846794 4821202.988443357
12949706.382083103 4821197.211970851
12949706.29831941 4821191.435501694
12949706.214555722 4821185.659035873
12949706.130792033 4821179.882573393
12949706.03979841 4821174.1063166205
12949705.932104304 4821168.330530621
12949705.8244102 4821162.5547479605
12949705.716716096 4821156.778968641
12949705.609021991 4821151.003192658
12949705.450387407 4821145.229500705
12949705.278762545 4821139.456342673
12949705.10713768 4821133.6831879765
12949704.93551282 4821127.9100366235
12949704.763887959 4821122.136888605
12949704.580759404 4821116.36445745
12949704.328498265 4821110.596317674
12949704.076237125 4821104.82818123
12949703.823975988 4821099.060048108
12949703.571714846 4821093.291918322
12949703.29707669 4821087.5255972
12949702.998404175 4821081.761218441
12949702.69973166 4821075.996843012
12949702.401059145 4821070.232470906
12949702.102386631 4821064.468102133
12949701.8026009 4821058.70384622
12949701.429959655 4821052.946762603
12949701.05731841 4821047.189682301
12949700.684677163 4821041.432605316
12949700.31203592 4821035.6755316565
12949699.939394675 4821029.918461313
12949699.554027462 4821024.162917801
12949699.111031476 4821018.414276763
12949698.668035496 4821012.66563903
12949698.225039512 4821006.917004606
12949697.782043528 4821001.168373487
12949697.276890881 4820995.428592582
12949696.751863252 4820989.691643826
12949696.226835625 4820983.954698363
12949695.701808 4820978.217756197
12949695.176780373 4820972.480817329
12949694.651752744 4820966.743881754
12949694.062688557 4820961.01757683
12949693.46139992 4820955.293303932
12949692.860111287 4820949.569034321
12949692.258822653 4820943.844767982
12949691.65753402 4820938.120504924
12949691.02301427 4820932.402599851
12949690.3299042 4820926.695902129
12949689.63679413 4820920.989207664
12949688.943684062 4820915.282516455
12949688.250573993 4820909.575828506
12949687.557463923 4820903.869143827
12949686.801316075 4820898.176086892
12949686.035697801 4820892.485080077
12949685.270079527 4820886.794076494
12949684.488029191 4820881.106889132
12949683.690684289 4820875.423254026
12949682.893339388 4820869.739622156
12949682.08119062 4820864.059601299
12949681.239645502 4820858.386747714
12949680.398100382 4820852.713897357
12949679.55655526 4820847.041050213
12949678.71501014 4820841.368206294
12949677.779097175 4820835.720451648
12949676.838772364 4820830.073873006
12949675.898447553 4820824.427297557
12949674.958122743 4820818.780725299
12949673.978912745 4820813.145436327
12949672.982111098 4820807.515253637
12949671.985309452 4820801.885074127
12949670.98850781 4820796.254897786
12949669.991706163 4820790.6247246275
12949668.994904516 4820784.994554633
12949667.92991953 4820779.385519009
12949666.864098836 4820773.776745549
12949665.798278138 4820768.167975226
12949664.70706164 4820762.567462239
12949663.61546127 4820756.96707716
12949662.523860898 4820751.366695226
12949661.406804599 4820745.774891304
12949660.26733958 4820740.19063894
12949659.127874564 4820734.606389697
12949657.980257655 4820729.025017382
12949656.79177113 4820723.458056041
12949655.603284605 4820717.891097811
12949654.414798079 4820712.324142681
12949653.179085732 4820706.774730195
12949651.926055728 4820701.231734269
12949650.675852824 4820695.687662706
12949649.425649915 4820690.143594219
12949648.175447011 4820684.599528812
12949646.884204388 4820679.071393858
12949645.590004547 4820673.544409649
12949644.295804707 4820668.017428498
12949642.947283436 4820662.512580973
12949641.581659906 4820657.014703939
12949640.216036376 4820651.516829931
12949638.823413065 4820646.030420887
12949637.42794055 4820640.545224397
12949636.03246803 4820635.060030919
12949634.5989927 4820629.591429104
12949633.16319758 4820624.123842891
12949631.727402462 4820618.65625967
12949630.29160734 4820613.188679446
12949628.815462682 4820607.739376911
12949627.324983 4820602.296569818
12949625.834503323 4820596.853765691
12949624.344023643 4820591.410964524
12949622.824628543 4820585.981888855
12949621.265027123 4820580.571897035
12949619.705425702 4820575.161908143
12949618.145824283 4820569.751922186
12949616.586222863 4820564.341939156
12949615.026621442 4820558.931959059
12949613.42675995 4820553.54205694
12949611.801059166 4820548.165042083
12949610.175358383 4820542.788030114
12949608.5496576 4820537.411021045
12949606.923956815 4820532.034014869
12949605.298256034 4820526.657011594
12949603.610256998 4820521.312728475
12949601.904456956 4820515.977796796
12949600.198656918 4820510.642867959
12949598.492856879 4820505.307941975
12949596.787056837 4820499.9730188465
12949595.065750247 4820494.646624796
12949593.30673137 4820489.340969581
12949591.547712494 4820484.0353171835
12949589.788693616 4820478.729667603
12949588.029674739 4820473.424020845
12949586.27065586 4820468.118376901
12949584.472622735 4820462.835038824
12949582.65129887 4820457.565018021
12949580.829975007 4820452.294999998
12949579.008651143 4820447.024984752
12949577.187327277 4820441.754972295
12949575.36600341 4820436.484962613
12949573.543161249 4820431.215857861
12949571.667069862 4820425.97839573
12949569.790978476 4820420.74093635
12949567.914887087 4820415.50347972
12949566.038795702 4820410.266025833
12949564.162704315 4820405.028574697
12949562.254033208 4820399.811118661
12949560.333371451 4820394.601023336
12949558.412709696 4820389.390930732
12949556.49204794 4820384.18084084
12949554.571386186 4820378.970753671
12949552.650724431 4820373.760669221
12949550.730062675 4820368.550587488
12949548.809400922 4820363.340508474
12949546.872983387 4820358.140347112
12949544.918258972 4820352.951708778
12949542.963534556 4820347.763073135
12949541.008810138 4820342.574440187
12949539.054085724 4820337.385809934
12949537.099361308 4820332.197182384
12949535.133931397 4820327.0154030565
12949533.162820641 4820321.837258986
12949531.191709887 4820316.6591176
12949529.220599135 4820311.480978902
12949527.24948838 4820306.302842884
12949525.278377628 4820301.124709553
12949523.307266874 4820295.946578908
12949521.336156119 4820290.768450941
12949519.365045367 4820285.590325667
12949517.393934613 4820280.412203068
12949515.406624619 4820275.244949294
12949513.430256825 4820270.070216672
12949511.453889031 4820264.895486729
12949509.477521237 4820259.720759467
12949507.501153445 4820254.546034889
12949505.52478565 4820249.371312991
12949503.548417857 4820244.196593774
12949501.572050063 4820239.021877238
12949499.595682269 4820233.847163378
12949497.619314477 4820228.672452204
12949495.642946683 4820223.497743711
12949493.666578889 4820218.323037895
12949491.690211097 4820213.148334763
12949489.713843303 4820207.973634313
12949487.737475509 4820202.798936547
12949485.761107715 4820197.624241455
12949483.784739923 4820192.449549044
12949481.808372129 4820187.274859317
12949479.84935886 4820182.089118044
12949477.912139334 4820176.8894976275
12949475.974919809 4820171.6898799185
12949474.037700284 4820166.490264914
12949472.100480758 4820161.290652613
12949470.163261231 4820156.091043024
12949468.226041706 4820150.891436141
12949466.303667393 4820145.682564954
12949464.39064736 4820140.467857133
12949462.477627326 4820135.253152039
12949460.570363158 4820130.034896981
12949458.668387946 4820124.813380162
12949456.766412733 4820119.591866072
12949454.864437517 4820114.37035471
12949452.858985774 4820109.223307303
12949450.968272071 4820103.994900171
12949449.077558368 4820098.766495777
12949447.187434053 4820093.5377381
12949445.330049515 4820088.289206905
12949443.47266497 4820083.040678469
12949441.615280433 4820077.792152787
12949439.75789589 4820072.54362987
12949437.91765977 4820067.28505257
12949436.117330823 4820062.003073445
12949434.317001875 4820056.721097117
12949432.51667293 4820051.439123581
12949430.716343982 4820046.157152839
12949428.958935943 4820040.850891859
12949427.208577663 4820035.540643561
12949425.458219383 4820030.230398092
12949423.707861105 4820024.920155448
12949421.957502825 4820019.609915621
12949420.20714455 4820014.299678622
12949418.491751127 4820008.970321194
12949416.792766212 4820003.631992348
12949415.093781296 4819998.293666357
12949413.408034477 4819992.948430391
