12991411.903154949 4858349.380174503
12991411.561294315 4858353.937918047
12991411.228912791 4858358.496886589
12991410.896531269 4858363.055857216
12991410.564149749 4858367.614829941
12991410.231768224 4858372.173804759
12991409.8993867 4858376.732781668
12991409.567005178 4858381.291760666
12991409.234623658 4858385.850741761
12991408.902242133 4858390.409724946
12991408.578266218 4858394.969717586
12991408.268239977 4858399.531384107
12991407.958213737 4858404.093052724
12991407.648187498 4858408.654723433
12991407.338161256 4858413.216396237
12991407.028135018 4858417.778071139
12991406.718108775 4858422.339748134
12991406.408082537 4858426.90142722
12991406.098056298 4858431.463108407
12991405.788030058 4858436.024791689
12991405.478003817 4858440.586477059
12991405.184579788 4858445.1500229295
12991404.894265512 4858449.713918994
12991404.600850249 4858454.277479668
12991404.307365626 4858458.841034897
12991404.013881007 4858463.404592215
12991403.720396383 4858467.968151632
12991403.4486786 4858472.5340035595
12991403.1775825 4858477.099923001
12991402.9064864 4858481.665844549
12991402.6353903 4858486.231768187
12991402.364294201 4858490.797693925
12991402.0931981 4858495.363621766
12991401.822102003 4858499.929551699
12991401.566739699 4858504.497024481
12991401.312190164 4858509.064578957
12991401.057640633 4858513.63213553
12991400.8030911 4858518.199694209
12991400.548541566 4858522.767254982
12991400.293992031 4858527.334817857
12991400.106286589 4858531.907667723
12991399.936059305 4858536.481901569
12991399.765832022 4858541.056137519
12991399.595604738 4858545.630375583
12991399.416316038 4858550.203927261
12991399.178266311 4858554.773016422
12991398.940216586 4858559.342107687
12991398.702734565 4858563.911250854
12991398.469600776 4858568.480777597
12991398.236466985 4858573.05030645
12991398.003333194 4858577.619837402
12991397.770199405 4858582.189370457
12991397.537065614 4858586.758905614
12991397.303931825 4858591.328442871
12991397.070798034 4858595.897982234
12991396.837664245 4858600.467523693
12991396.604530456 4858605.037067261
12991396.371396666 4858609.606612931
12991396.138262875 4858614.176160698
12991395.905129086 4858618.7457105685
12991395.708429674 4858623.318110905
12991395.521507364 4858627.891277693
12991395.34333079 4858632.465028541
12991395.172540352 4858637.039272975
12991395.001749912 4858641.613519514
12991394.833002247 4858646.187897148
12991394.664308209 4858650.762280271
12991394.495614173 4858655.336665495
12991394.326920135 4858659.911052833
12991394.158226099 4858664.485442277
12991393.989532063 4858669.059833828
12991393.820838025 4858673.634227486
12991393.652143987 4858678.208623247
12991393.479433067 4858682.782765706
12991393.326625034 4858687.358065272
12991393.186194358 4858691.9340911545
12991393.040180273 4858696.509822681
12991392.894166183 4858701.085556313
12991392.748152098 4858705.661292052
12991392.60213801 4858710.2370299045
12991392.456123922 4858714.812769862
12991392.332984757 4858719.389615454
12991392.21950295 4858723.96692905
12991392.106021147 4858728.544244752
12991391.98823479 4858733.121375011
12991391.867314829 4858737.698370843
12991391.74639487 4858742.275368789
12991391.62547491 4858746.852368842
12991391.505030757 4858751.429390776
12991391.402393786 4858756.007154763
12991391.299756818 4858760.584920859
12991391.19711985 4858765.162689066
12991391.094482882 4858769.740459379
12991390.991845915 4858774.318231808
12991390.889208946 4858778.896006345
12991390.78657198 4858783.473782992
12991390.683935009 4858788.051561745
12991390.590925949 4858792.629674056
12991390.508325556 4858797.208146794
12991390.425725164 4858801.786621643
12991390.343124771 4858806.365098605
12991390.26052438 4858810.943577674
12991390.177923987 4858815.522058855
12991390.095323594 4858820.100542148
12991390.027433798 4858824.679410949
12991389.969773194 4858829.258548467
12991389.912112592 4858833.837688098
12991389.854451984 4858838.416829839
12991389.796791382 4858842.995973688
12991389.739130775 4858847.575119653
12991389.681470172 4858852.154267724
12991389.623809569 4858856.733417907
12991389.566148963 4858861.312570199
12991389.510944016 4858865.891771737
12991389.465307325 4858870.471159028
12991389.419670634 4858875.050548426
12991389.374033945 4858879.629939935
12991389.328397254 4858884.209333556
12991389.282760562 4858888.788729297
12991389.262252977 4858893.368421201
12991389.24490281 4858897.948152183
12991389.227552645 4858902.527885267
12991389.210202476 4858907.107620463
12991389.192852309 4858911.687357771
12991389.175502144 4858916.267097194
12991389.158151977 4858920.846838726
12991389.140801812 4858925.426582367
12991389.123451643 4858930.006328123
12991389.10610148 4858934.58607599
12991389.08875131 4858939.165825963
12991389.071401145 4858943.745578056
12991389.114291882 4858948.324422098
12991389.133273562 4858952.90217495
12991389.099517316 4858957.481777595
12991389.100952601 4858962.0615166705
12991389.114165952 4858966.641302804
12991389.1273793 4858971.221091056
12991389.14059265 4858975.800881414
12991389.153805997 4858980.380673883
12991389.167019349 4858984.960468469
12991389.180232696 4858989.540265162
12991389.198181642 4858994.120034664
12991389.217632126 4858998.699797545
12991389.235531153 4859003.279573492
12991389.253430178 4859007.859351548
12991389.271329207 4859012.439131717
12991389.307039475 4859017.018704291
12991389.352512492 4859021.59816403
12991389.397985509 4859026.177625873
12991389.443458525 4859030.757089832
12991389.488931542 4859035.336555901
12991389.534404559 4859039.916024086
12991389.579877576 4859044.495494379
12991389.636459412 4859049.074729665
12991389.705862021 4859053.653693407
12991389.775264638 4859058.232659253
12991389.844667247 4859062.811627215
12991389.914069861 4859067.3905972885
12991389.983472472 4859071.969569472
12991390.052875087 4859076.548543766
12991390.122277698 4859081.127520173
12991390.203756578 4859085.706136248
12991390.295854881 4859090.284435722
12991390.387953183 4859094.862737313
12991390.480051486 4859099.441041001
12991390.572149787 4859104.019346811
12991390.66424809 4859108.597654728
12991390.756346393 4859113.1759647485
12991390.848444695 4859117.754276888
12991390.94102241 4859122.332572765
12991391.055050623 4859126.910048949
12991391.169078838 4859131.487527238
12991391.28310705 4859136.065007641
12991391.397135265 4859140.642490148
12991391.511163479 4859145.2199747665
12991391.625191694 4859149.7974614985
12991391.73921991 4859154.374950335
12991391.853248121 4859158.952441284
12991391.967547035 4859163.529922211
12991392.095251605 4859168.106801672
12991392.232223688 4859172.6832283335
12991392.36919577 4859177.259657109
12991392.506167857 4859181.836087982
12991392.64313994 4859186.412520974
12991392.780112023 4859190.98895607
12991392.917084105 4859195.56539327
12991393.054056188 4859200.141832591
12991393.194553308 4859204.718080355
12991393.353019662 4859209.293343046
12991393.511486014 4859213.868607848
12991393.669952367 4859218.443874752
12991393.828418719 4859223.019143773
12991393.98688507 4859227.594414891
12991394.145351423 4859232.169688126
12991394.303817775 4859236.744963463
12991394.464400824 4859241.320110798
12991394.63775937 4859245.894470831
12991394.81274525 4859250.46872793
12991394.987731133 4859255.042987135
12991395.162717015 4859259.617248447
12991395.337702896 4859264.191511866
12991395.512688776 4859268.765777391
12991395.710493898 4859273.33845218
12991395.910681296 4859277.910962776
12991396.110868698 4859282.483475488
12991396.311056098 4859287.0559903
12991396.511243494 4859291.628507216
12991396.714748709 4859296.200776403
12991396.919198487 4859300.772976568
12991397.123648267 4859305.345178832
12991397.333837865 4859309.916923125
12991397.560007703 4859314.487388619
12991397.786177542 4859319.057856221
12991398.012347383 4859323.628325924
12991398.238517223 4859328.198797729
12991398.46468706 4859332.769271638
12991398.690856902 4859337.339747652
12991398.917026741 4859341.910225765
12991399.143196581 4859346.4807059895
12991399.37843195 4859351.050389576
12991399.625411415 4859355.619040538
12991399.872390883 4859360.18769359
12991400.119370347 4859364.756348755
12991400.366349814 4859369.3250060165
12991400.613329278 4859373.893665385
12991400.860308746 4859378.46232685
12991401.118163854 4859383.029958701
12991401.38044088 4859387.597173174
12991401.642717907 4859392.1643897435
12991401.904994933 4859396.731608412
12991402.167271959 4859401.298829185
12991402.429548986 4859405.866052058
12991402.691826012 4859410.433277026
12991402.954103041 4859415.0005041
12991403.216380067 4859419.567733268
12991403.478657093 4859424.134964542
12991403.74093412 4859428.702197916
12991404.003211148 4859433.269433386
12991404.29989802 4859437.833079422
12991404.59761423 4859442.396620114
12991404.89533044 4859446.960162904
12991405.19304665 4859451.5237077875
12991405.490729716 4859456.087258455
12991405.788285933 4859460.650825293
12991406.085842151 4859465.214394225
12991406.383398365 4859469.777965258
12991406.680954583 4859474.341538387
12991406.9785108 4859478.905113615
12991407.276067017 4859483.468690943
12991407.573623233 4859488.03227036
12991407.871179448 4859492.595851877
12991408.187942145 4859497.157185439
12991408.518086504 4859501.716955202
12991408.845832272 4859506.277021685
12991409.173578037 4859510.837090253
12991409.5013238 4859515.397160923
12991409.82906957 4859519.957233679
12991410.156815335 4859524.517308528
12991410.484561099 4859529.077385475
12991410.824638152 4859533.635905691
12991411.17411054 4859538.19324032
12991411.523582924 4859542.750577034
12991411.873055313 4859547.307915848
12991412.2225277 4859551.865256744
12991412.572000088 4859556.422599737
12991412.921472473 4859560.979944821
12991413.286408124 4859565.535204758
12991413.659581563 4859570.089354853
12991414.032755004 4859574.643507024
12991414.405928444 4859579.1976613
12991414.779101886 4859583.75181765
12991415.152275324 4859588.305976095
12991415.525448766 4859592.860136628
12991415.898622205 4859597.414299249
12991416.271795647 4859601.968463956
12991416.644969085 4859606.522630754
12991417.018142525 4859611.0767996395
12991417.415391363 4859615.627462063
12991417.821733745 4859620.176801348
12991418.22807613 4859624.7261427175
12991418.634418514 4859629.275486172
12991419.040760899 4859633.82483171
12991419.44710328 4859638.374179327
12991419.853445666 4859642.923529036
12991420.259788048 4859647.472880825
12991420.666130431 4859652.022234699
12991421.072472816 4859656.571590656
12991421.4788152 4859661.120948697
12991421.888794534 4859665.669751132
12991422.311501397 4859670.2165569505
12991422.744293075 4859674.761767818
12991423.177084755 4859679.306980766
12991423.609876433 4859683.852195788
12991424.042668112 4859688.397412895
12991424.475459794 4859692.942632076
12991424.908251472 4859697.487853339
12991425.341043152 4859702.033076686
12991425.771777323 4859706.578634461
12991426.201795602 4859711.124309957
12991426.631813878 4859715.669987533
12991427.061832156 4859720.215667189
12991427.521014873 4859724.756482023
12991427.981906159 4859729.2970138155
12991428.442797447 4859733.837547679
12991428.903688736 4859738.378083628
12991429.364580022 4859742.918621644
12991429.825471308 4859747.459161736
12991430.286362598 4859751.999703907
12991430.747253882 4859756.540248151
12991431.208145171 4859761.080794476
12991431.669036457 4859765.621342874
12991432.150506428 4859770.158250655
12991432.63368254 4859774.694858496
12991433.116858652 4859779.231468411
12991433.600034766 4859783.768080398
12991434.083210878 4859788.304694456
12991434.566386994 4859792.841310587
12991435.06304734 4859797.375421311
12991435.570706598 4859801.907488782
12991436.078365853 4859806.439558323
12991436.586025111 4859810.971629927
12991437.093684368 4859815.503703606
12991437.601343624 4859820.035779348
12991438.10900288 4859824.56785716
12991438.616662137 4859829.099937043
12991439.124321394 4859833.632018994
12991439.631980652 4859838.164103007
12991440.139639907 4859842.696189095
12991440.671216512 4859847.223576644
12991441.209532185 4859851.749641798
12991441.747847857 4859856.275709016
12991442.286163531 4859860.80177829
12991442.824479204 4859865.327849627
12991443.362794876 4859869.853923031
12991443.90111055 4859874.379998495
12991444.439426223 4859878.906076022
12991444.977741895 4859883.432155611
12991445.516057568 4859887.958237266
12991446.054373244 4859892.484320985
12991446.592688916 4859897.010406759
12991447.131004589 4859901.536494602
12991447.66932026 4859906.0625845045
12991448.23666164 4859910.582635509
12991448.80450475 4859915.102584153
12991449.372347856 4859919.622534848
12991449.940190962 4859924.142487607
12991450.508034071 4859928.662442418
12991451.075877177 4859933.182399287
12991451.643720282 4859937.702358217
12991452.211563392 4859942.222319201
12991452.779406497 4859946.742282238
12991453.347249603 4859951.262247336
12991453.948215384 4859955.774902718
12991454.549439795 4859960.287516581
12991455.146827957 4859964.801001319
12991455.744216118 4859969.314488111
12991456.341604281 4859973.827976952
12991456.938992443 4859978.341467851
12991457.5363806 4859982.854960795
12991458.133768763 4859987.368455794
12991458.731156925 4859991.881952844
12991459.340628155 4859996.39269837
12991459.951452583 4860000.903137571
12991460.562277015 4860005.413578819
12991461.173101444 4860009.924022117
12991461.783925874 4860014.434467466
12991462.394750305 4860018.944914859
12991463.006220352 4860023.455212276
12991463.642582718 4860027.95965021
12991464.278945087 4860032.464090193
12991464.915307453 4860036.968532213
12991465.551669823 4860041.4729762785
12991466.188032188 4860045.977422383
12991466.824394558 4860050.481870539
12991467.460756924 4860054.986320727
12991468.097119292 4860059.490772969
12991468.733481662 4860063.995227244
12991469.369844029 4860068.499683571
12991470.006206395 4860073.004141935
12991470.665724603 4860077.502882493
12991471.335591134 4860081.999068888
12991472.00545766 4860086.495257315
12991472.675324189 4860090.991447782
12991473.345190715 4860095.487640286
12991474.015057243 4860099.983834824
12991474.684923774 4860104.4800313935
12991475.3547903 4860108.976230003
12991476.024656828 4860113.472430645
12991476.693824712 4860117.968810226
12991477.361742886 4860122.465508271
12991478.02966106 4860126.96220835
12991478.697579233 4860131.458910466
12991479.365497407 4860135.955614621
12991480.055236204 4860140.446638818
12991480.76164305 4860144.933324758
12991481.468049891 4860149.4200127255
12991482.174456736 4860153.906702718
12991482.880863579 4860158.393394744
12991483.587270422 4860162.880088793
12991484.292717772 4860167.367040769
12991484.99262067 4860171.8554734895
12991485.692523567 4860176.343908246
12991486.392426465 4860180.832345022
12991487.092329362 4860185.320783835
12991487.809005976 4860189.804675806
12991488.538088096 4860194.285205548
12991489.267170217 4860198.765737312
12991489.996252341 4860203.246271104
12991490.725334462 4860207.72680691
12991491.454416582 4860212.2073447425
12991492.183498703 4860216.6878845915
12991492.912580827 4860221.168426467
12991493.643041816 4860225.648584248
12991494.387466976 4860230.124833784
12991495.131892134 4860234.601085329
12991495.876317292 4860239.077338901
12991496.620742453 4860243.553594483
12991497.365167612 4860248.029852083
12991498.12066819 4860252.502943414
12991498.880104493 4860256.974910882
12991499.639540797 4860261.446880362
12991500.398977103 4860265.918851857
12991501.158413408 4860270.390825369
12991501.917849712 4860274.862800892
12991502.677286018 4860279.334778429
12991503.450663013 4860283.802684851
12991504.225687318 4860288.270111974
12991505.001026018 4860292.737448252
12991505.776396632 4860297.204777114
12991506.551767249 4860301.672107979
12991507.327137861 4860306.139440861
12991508.102508476 4860310.606775748
12991508.88940711 4860315.070656462
12991509.686581366 4860319.531458484
12991510.483755618 4860323.992262504
12991511.280929873 4860328.45306853
12991512.078104127 4860332.913876558
12991512.87527838 4860337.374686595
12991513.672452636 4860341.83549863
12991514.48169228 4860346.292581736
12991515.303873267 4860350.745665024
12991516.126054255 4860355.198750314
12991516.948235244 4860359.651837602
12991517.77041623 4860364.10492688
12991518.592597216 4860368.558018161
12991519.414778206 4860373.011111437
12991520.236959193 4860377.464206709
12991521.059140181 4860381.917303981
12991521.881321168 4860386.370403248
12991522.703502154 4860390.82350451
12991523.525683144 4860395.276607773
12991524.352649797 4860399.728167676
12991525.210500477 4860404.169800786
12991526.064044876 4860408.612853893
12991526.917589277 4860413.055908987
12991527.771133678 4860417.498966075
12991528.624678077 4860421.942025139
12991529.478222476 4860426.385086205
12991530.331766875 4860430.828149249
12991531.185311278 4860435.271214285
12991532.038855677 4860439.7142813075
12991532.892400077 4860444.157350318
12991533.745944476 4860448.600421316
12991534.599488875 4860453.043494302
12991535.453033278 4860457.486569278
12991536.306577677 4860461.929646239
12991537.180876147 4860466.3658088865
12991538.065024974 4860470.79869088
12991538.949173806 4860475.231574853
12991539.833322633 4860479.664460801
12991540.717471462 4860484.097348732
12991541.601620292 4860488.5302386405
12991542.485769121 4860492.963130525
12991543.36991795 4860497.396024391
12991544.262475435 4860501.826039126
12991545.16185472 4860506.253718424
12991546.061234005 4860510.681399707
12991546.96061329 4860515.109082962
12991547.859992575 4860519.53676819
12991548.75937186 4860523.964455387
12991549.658751147 4860528.392144566
12991550.558130432 4860532.819835711
12991551.457509713 4860537.247528836
12991552.38396896 4860541.665708312
12991553.310617518 4860546.083823225
12991554.23726608 4860550.501940112
12991555.163914638 4860554.920058959
12991556.090563199 4860559.33817977
12991557.017211758 4860563.756302552
12991557.943860317 4860568.174427292
12991558.870508876 4860572.592554003
12991559.78516113 4860577.014928772
12991560.698031299 4860581.437930172
12991561.65165564 4860585.84628072
12991562.60527998 4860590.254633227
12991563.55890432 4860594.662987687
12991564.51252866 4860599.071344104
12991565.466153 4860603.479702485
12991566.419777341 4860607.888062815
12991567.373401681 4860612.296425103
12991568.32702602 4860616.704789351
12991569.28065036 4860621.113155552
12991570.253082525 4860625.514509897
12991571.229137335 4860629.914515222
12991572.20519215 4860634.314522504
12991573.181246962 4860638.714531733
12991574.157301776 4860643.114542907
12991575.133356588 4860647.514556034
12991576.109411402 4860651.91457111
12991577.085466214 4860656.314588138
12991578.061521027 4860660.714607114
12991579.037575841 4860665.114628038
12991580.013630653 4860669.514650915
12991580.992490914 4860673.9136024
12991581.992235046 4860678.30456582
12991582.991979178 4860682.695531184
12991583.991723312 4860687.086498486
12991584.991467444 4860691.477467731
12991585.991211576 4860695.868438919
12991586.9910322 4860700.2593824025
12991587.990879342 4860704.650317544
12991588.99319096 4860709.040291656
12991590.007803591 4860713.425461173
12991591.022416221 4860717.810632631
12991592.037028853 4860722.195806018
12991593.051641485 4860726.580981345
12991594.066254115 4860730.966158612
12991595.080866747 4860735.351337812
12991596.095479377 4860739.736518949
12991597.11009201 4860744.121702021
12991598.124704642 4860748.506887033
12991599.139317272 4860752.892073979
12991600.153929904 4860757.277262866
12991601.168542534 4860761.66245368
12991602.183155166 4860766.047646437
12991603.197767796 4860770.432841132
12991604.212380428 4860774.818037761
12991605.22699306 4860779.203236327
12991606.24160569 4860783.588436829
12991607.256218322 4860787.9736392675
12991608.270830955 4860792.358843642
12991609.285443584 4860796.744049954
12991610.300056214 4860801.1292582
12991611.314668845 4860805.514468387
12991612.329645434 4860809.899536884
12991613.347617839 4860814.283425221
12991614.36509921 4860818.66750956
12991615.382580586 4860823.051595836
12991616.400061958 4860827.435684046
12991617.417543331 4860831.819774193
12991618.435024707 4860836.203866275
12991619.452506078 4860840.587960289
12991620.469987454 4860844.972056241
12991621.487468826 4860849.356154131
12991622.5049502 4860853.740253956
12991623.522431575 4860858.124355715
12991624.539912947 4860862.508459411
12991625.557394322 4860866.892565046
12991626.574875694 4860871.276672608
12991627.59235707 4860875.660782112
12991628.609838441 4860880.044893549
12991629.62737571 4860884.428984838
12991630.644941699 4860888.813066717
12991631.662507685 4860893.197150531
12991632.68007367 4860897.581236282
12991633.697639655 4860901.965323963
12991634.715205643 4860906.349413584
12991635.73277163 4860910.733505141
12991636.750337614 4860915.117598633
12991637.7679386 4860919.501680237
12991638.785546767 4860923.885760925
12991639.803154934 4860928.26984356
12991640.8207631 4860932.653928128
12991641.838371266 4860937.038014627
12991642.855979431 4860941.422103071
12991643.8735876 4860945.806193444
12991644.891195767 4860950.190285753
12991645.908803932 4860954.574379996
12991646.9264121 4860958.958476185
12991647.94402027 4860963.342574295
12991648.961628435 4860967.72667435
12991649.9792366 4860972.110776339
12991650.996844769 4860976.494880258
12991652.014181828 4860980.879093196
12991653.03092897 4860985.263541067
12991654.047676107 4860989.647990869
12991655.064423248 4860994.032442613
12991656.080738595 4860998.417066366
12991657.09327795 4861002.803179388
12991658.105817305 4861007.1892943485
12991659.11835666 4861011.575411239
12991660.130896015 4861015.961530069
12991661.14343537 4861020.347650836
12991662.155974725 4861024.733773546
12991663.16851408 4861029.119898189
12991664.181053434 4861033.5060247695
12991665.193592789 4861037.892153287
12991666.206132144 4861042.278283744
12991667.218671499 4861046.664416136
12991668.231210852 4861051.050550466
12991669.243750209 4861055.436686735
12991670.256289562 4861059.822824945
12991671.271807007 4861064.2077924
12991672.287981948 4861068.592502888
12991673.304156883 4861072.977215314
12991674.320331823 4861077.361929682
12991675.336506762 4861081.746645981
12991676.352681698 4861086.131364212
12991677.368969759 4861090.516039747
12991678.385522008 4861094.900612955
12991679.402074255 4861099.285188106
12991680.418626504 4861103.669765191
12991681.435178755 4861108.054344206
12991682.451731004 4861112.438925167
12991683.468283253 4861116.823508059
12991684.484835504 4861121.208092887
12991685.501387749 4861125.5926796505
12991686.51794 4861129.977268351
12991687.534492249 4861134.361858991
12991688.551044498 4861138.74645156
12991689.567596748 4861143.131046072
12991690.584148997 4861147.5156425135
12991691.600701245 4861151.900240899
12991692.617253494 4861156.284841215
12991693.623986961 4861160.673289287
12991694.631877692 4861165.061285535
12991695.64883386 4861169.445732202
12991696.665790023 4861173.830180803
12991697.682746189 4861178.214631343
12991698.69970235 4861182.599083818
12991699.716658516 4861186.983538234
12991700.733614678 4861191.367994579
12991701.750570843 4861195.752452859
12991702.767527005 4861200.136913082
12991703.78448317 4861204.521375238
12991704.801439334 4861208.905839326
12991705.818395497 4861213.290305356
12991706.83535166 4861217.674773318
12991707.852307826 4861222.059243222
12991708.869263988 4861226.443715051
12991709.88556824 4861230.828445534
12991710.897315579 4861235.214972357
12991711.909062918 4861239.601501111
12991712.92081026 4861243.9880318055
12991713.9325576 4861248.374564434
12991714.944304941 4861252.761099
12991715.956052283 4861257.147635511
12991716.96779962 4861261.534173955
12991717.97954696 4861265.920714336
12991718.991294302 4861270.307256657
12991720.003041642 4861274.693800918
12991721.014788983 4861279.080347114
12991722.026536321 4861283.4668952525
12991723.038283663 4861287.85344532
12991724.050031004 4861292.239997334
12991725.061778344 4861296.626551285
12991726.081652947 4861301.009900227
12991727.10244012 4861305.392891014
12991728.123227295 4861309.775883739
12991729.14401447 4861314.158878399
12991730.164801646 4861318.541874989
12991731.18558882 4861322.924873514
12991732.202842476 4861327.309268277
12991733.215249483 4861331.695578262
12991734.230000136 4861336.0809683995
12991735.244750787 4861340.466360479
12991736.259501439 4861344.851754481
12991737.27425209 4861349.2371504335
12991738.289002744 4861353.6225483185
12991739.303753395 4861358.007948136
12991740.318504047 4861362.393349899
12991741.3332547 4861366.778753595
12991742.348005353 4861371.164159232
12991743.362756003 4861375.549566802
12991744.377506657 4861379.934976304
12991745.392257307 4861384.320387748
12991746.407007959 4861388.705801131
12991747.421758613 4861393.091216445
12991748.436509265 4861397.476633699
12991749.451259919 4861401.862052893
12991750.466010569 4861406.247474023
12991751.48076122 4861410.632897087
12991752.49535617 4861415.018383396
12991753.509123161 4861419.4041976435
12991754.522890147 4861423.790013832
12991755.536657138 4861428.175831957
12991756.550424125 4861432.561652024
12991757.564191114 4861436.947474024
12991758.577958101 4861441.333297958
12991759.591725092 4861445.719123829
12991760.605492078 4861450.104951643
12991761.619047768 4861454.490864531
12991762.632565316 4861458.876794369
12991763.646082861 4861463.262726147
12991764.659600409 4861467.648659863
12991765.673415076 4861472.034478439
12991766.68973892 4861476.419310271
12991767.706062768 4861480.804144039
12991768.722386612 4861485.18897974
12991769.738710456 4861489.573817383
12991770.755034303 4861493.958656955
12991771.77135815 4861498.343498469
12991772.787681993 4861502.728341919
12991773.80648067 4861507.112193035
12991774.819306115 4861511.498418313
12991775.832131557 4861515.884645525
12991776.844957 4861520.270874679
12991777.857782444 4861524.657105771
12991778.870607886 4861529.043338797
12991779.883433329 4861533.429573764
12991780.896258773 4861537.815810668
12991781.909084218 4861542.2020495115
12991782.92190966 4861546.588290287
12991783.934735103 4861550.974533007
12991784.947560547 4861555.360777666
12991785.96038599 4861559.747024251
12991786.973211432 4861564.133272784
12991787.989301449 4861568.518237403
12991789.005606243 4861572.903119359
12991790.021911042 4861577.288003257
12991791.038215833 4861581.672889083
12991792.054520627 4861586.057776854
12991793.070825426 4861590.4426665595
12991794.08713022 4861594.827558198
12991795.103435015 4861599.212451776
12991796.11973981 4861603.597347289
12991797.136044608 4861607.982244737
12991798.152349403 4861612.367144129
12991799.171186514 4861616.751043424
12991800.192568662 4861621.133937599
12991801.213950811 4861625.51683371
12991802.235332958 4861629.899731756
12991803.25331352 4861634.283976269
12991804.267597046 4861638.669684037
12991805.281880569 4861643.055393746
12991806.296164097 4861647.44110539
12991807.310447622 4861651.826818969
12991808.324731145 4861656.212534492
12991809.33901467 4861660.598251945
12991810.353298198 4861664.983971338
12991811.370324166 4861669.368610793
12991812.388045292 4861673.752977952
12991813.405766416 4861678.13734705
12991814.423487538 4861682.521718082
12991815.441208662 4861686.90609105
12991816.458929788 4861691.290465956
12991817.47665091 4861695.674842796
12991818.494372034 4861700.059221573
12991819.512093157 4861704.443602282
12991820.52981428 4861708.827984928
12991821.546708727 4861713.212696054
12991822.56339033 4861717.597493191
12991823.580071934 4861721.982292256
12991824.59675354 4861726.367093262
12991825.613435142 4861730.751896205
12991826.630116746 4861735.136701084
12991827.646798348 4861739.521507905
12991828.663479954 4861743.906316652
12991829.680161558 4861748.291127341
12991830.69684316 4861752.675939969
12991831.713524766 4861757.06075453
12991832.73020637 4861761.445571026
12991833.746887973 4861765.83038946
12991834.763569577 4861770.215209834
12991835.780251183 4861774.60003214
12991836.796932785 4861778.984856387
12991837.813614389 4861783.369682567
12991838.830295995 4861787.754510684
12991839.846977597 4861792.139340739
12991840.863659201 4861796.524172727
12991841.880340807 4861800.90900666
12991842.89702241 4861805.293842517
12991843.913704013 4861809.6786803175
12991844.93038562 4861814.063520058
12991845.946742058 4861818.448490021
12991846.962306544 4861822.833774392
12991847.977871029 4861827.219060695
12991848.993435513 4861831.604348938
12991850.008999996 4861835.989639119
12991851.02456448 4861840.374931238
12991852.040128965 4861844.7602252895
12991853.055693451 4861849.145521279
12991854.071257936 4861853.530819206
12991855.08682242 4861857.916119071
12991856.102386903 4861862.301420873
12991857.117951388 4861866.686724612
12991858.133515872 4861871.072030285
12991859.149080358 4861875.457337897
12991860.164644843 4861879.842647444
12991861.180209327 4861884.2279589325
12991862.19577381 4861888.613272356
12991863.211338295 4861892.998587716
12991864.226902781 4861897.383905011
12991865.242467266 4861901.769224247
12991866.25803175 4861906.154545416
12991867.273596235 4861910.539868524
12991868.289160717 4861914.925193571
12991869.304725202 4861919.310520553
12991870.320289688 4861923.69584947
12991871.335854173 4861928.081180326
12991872.351418654 4861932.4665131215
12991873.366983142 4861936.851847849
12991874.382547624 4861941.237184516
12991875.398112109 4861945.622523122
12991876.413676595 4861950.007863663
12991877.429241078 4861954.393206139
12991878.44480556 4861958.778550555
12991879.460370047 4861963.163896904
12991880.475934532 4861967.5492451945
12991881.491499016 4861971.934595422
12991882.5070635 4861976.319947587
12991883.522627983 4861980.705301684
12991884.538192468 4861985.090657726
12991885.553756954 4861989.476015694
12991886.569321439 4861993.861375606
12991887.584885923 4861998.246737454
12991888.600450408 4862002.6321012415
12991889.61601489 4862007.017466961
12991890.631579375 4862011.402834622
12991891.647143861 4862015.788204215
12991892.662708346 4862020.17357575
12991893.678047268 4862024.559038138
12991894.692894334 4862028.944696326
12991895.7077414 4862033.330356455
12991896.722588468 4862037.7160185175
12991897.737435536 4862042.10168252
12991898.752837043 4862046.487129901
12991899.768570678 4862050.872448285
12991900.784304311 4862055.257768614
12991901.800037948 4862059.643090872
12991902.815771582 4862064.028415075
12991903.831505217 4862068.413741208
12991904.847238854 4862072.799069282
12991905.862972487 4862077.184399291
12991906.878706122 4862081.569731237
12991907.894439759 4862085.955065121
12991908.910173392 4862090.340400943
12991909.926544866 4862094.7254870385
12991910.943028884 4862099.110530666
12991911.959512906 4862103.495576227
12991912.975996926 4862107.880623729
12991913.992480945 4862112.265673166
12991915.008964967 4862116.650724542
12991916.025448987 4862121.035777854
12991917.04193301 4862125.420833099
12991918.05841703 4862129.80589028
12991919.074901048 4862134.190949403
12991920.09138507 4862138.576010461
12991921.107869092 4862142.961073457
12991922.124353113 4862147.346138389
12991923.140837131 4862151.731205257
12991924.157321153 4862156.116274059
12991925.173805173 4862160.501344806
12991926.190289196 4862164.886417481
12991927.206773214 4862169.271492098
12991928.223257234 4862173.656568652
12991929.239741256 4862178.04164714
12991930.256225279 4862182.426727567
12991931.272709299 4862186.81180993
12991932.289193317 4862191.196894227
12991933.30567734 4862195.58198047
12991934.335056186 4862199.961846222
12991935.352456672 4862204.346574407
12991936.369857162 4862208.731304528
12991937.38725765 4862213.116036584
12991938.404658137 4862217.500770581
12991939.422058625 4862221.885506512
12991940.43951 4862226.270224269
12991941.457000323 4862230.654928575
12991942.474490643 4862235.039634818
12991943.491980966 4862239.424343
12991944.509471286 4862243.809053126
12991945.52696161 4862248.193765175
12991946.544451931 4862252.578479162
12991947.561942251 4862256.963195092
12991948.579313543 4862261.347959951
12991949.59521188 4862265.73330828
12991950.611110218 4862270.118658545
12991951.627008555 4862274.504010754
12991952.642906893 4862278.889364895
12991953.65880523 4862283.274720971
12991954.674703566 4862287.660078989
12991955.690601906 4862292.045438942
12991956.706500242 4862296.430800832
12991957.722398577 4862300.8161646575
12991958.738296917 4862305.201530425
12991959.754195252 4862309.586898127
12991960.77009359 4862313.972267765
12991961.785991928 4862318.357639338
12991962.801890265 4862322.743012858
12991963.8177886 4862327.128388305
12991964.833686937 4862331.51376569
12991965.849585276 4862335.89914502
12991966.865483612 4862340.284526281
12991967.88138195 4862344.669909478
12991968.899315264 4862349.054490955
12991969.917330135 4862353.4390421575
12991970.935345003 4862357.823595292
12991971.953359876 4862362.20815037
12991972.971374745 4862366.592707381
12991973.989389615 4862370.977266333
12991975.007404484 4862375.361827218
12991976.025419354 4862379.7463900335
12991977.043434223 4862384.130954795
12991978.061449094 4862388.515521488
12991979.07983212 4862392.8999444805
12991980.098905731 4862397.284096209
12991981.11797934 4862401.668249876
12991982.13705295 4862406.052405477
12991983.15612656 4862410.436563018
12991984.175200172 4862414.820722494
12991985.19427378 4862419.204883907
12991986.213347392 4862423.58904725
12991987.232421001 4862427.9732125355
12991988.251494613 4862432.357379752
12991989.270568222 4862436.741548909
12991990.289641831 4862441.125719998
12991991.308715442 4862445.50989303
12991992.320640054 4862449.896878923
12991993.327281443 4862454.2859440725
12991994.333922831 4862458.675011171
12991995.340564225 4862463.064080205
12991996.347205613 4862467.4531511795
12991997.353847003 4862471.842224091
12991998.362703519 4862476.230430344
12991999.376732707 4862480.616610196
12992000.390761895 4862485.0027919905
12992001.404791083 4862489.388975721
12992002.418820268 4862493.77516139
12992003.432849457 4862498.161348999
12992004.446878646 4862502.547538543
12992005.460907834 4862506.933730021
12992006.474937018 4862511.319923444
12992007.488966206 4862515.706118803
12992008.502995392 4862520.092316095
12992009.51702458 4862524.47851533
12992010.531053768 4862528.864716503
12992011.545082957 4862533.250919609
12992012.559112143 4862537.637124659
12992013.57314133 4862542.023331645
12992014.587170519 4862546.4095405685
12992015.601199707 4862550.795751431
12992016.615228893 4862555.181964232
12992017.62925808 4862559.568178966
12992018.64328727 4862563.9543956425
12992019.657316457 4862568.340614256
12992020.666533573 4862572.728723978
12992021.675357806 4862577.11698989
12992022.684182031 4862581.505257739
12992023.693006264 4862585.893527526
12992024.701830493 4862590.281799253
12992025.710654724 4862594.67007292
12992026.719478954 4862599.058348528
12992027.728303183 4862603.446626075
12992028.737127412 4862607.834905559
12992029.745951645 4862612.223186988
12992030.754775874 4862616.611470354
12992031.763600104 4862620.999755659
12992032.772424333 4862625.388042906
12992033.781248564 4862629.776332091
12992034.790072793 4862634.164623219
12992035.798897022 4862638.55291628
12992036.807721255 4862642.941211292
12992037.816545485 4862647.329508231
12992038.825369714 4862651.717807122
12992039.834193943 4862656.106107942
12992040.843018174 4862660.494410709
12992041.851842403 4862664.882715414
12992042.860666633 4862669.271022054
12992043.869490862 4862673.659330641
12992044.878315093 4862678.047641162
12992045.887139322 4862682.4359536255
12992046.895963555 4862686.824268027
12992047.904787784 4862691.212584373
12992048.913612014 4862695.600902659
12992049.91699914 4862699.991331857
12992050.908737635 4862704.386281344
12992051.90047613 4862708.781232775
12992052.892214622 4862713.176186153
12992053.883953115 4862717.571141478
12992054.875691608 4862721.966098749
12992055.867430102 4862726.361057966
12992056.859168597 4862730.756019128
12992057.849304808 4862735.151592298
12992058.824224258 4862739.552961187
12992059.79914371 4862743.954332025
12992060.774063155 4862748.355704821
12992061.748982606 4862752.757079558
12992062.723902056 4862757.158456254
12992063.698821506 4862761.559834901
12992064.670141118 4862765.962568874
12992065.639028054 4862770.366219376
12992066.607914992 4862774.769871834
12992067.57680193 4862779.173526247
12992068.545688868 4862783.577182614
12992069.514575807 4862787.980840931
12992070.483462743 4862792.3845012
12992071.452349681 4862796.788163425
12992072.421236617 4862801.191827606
12992073.371957432 4862805.60218956
12992074.311604558 4862810.016635116
12992075.247782148 4862814.432322349
12992076.162429312 4862818.855704698
12992077.077076472 4862823.279089021
12992077.991723632 4862827.702475308
12992078.895726858 4862832.12958405
12992079.797758617 4862836.5573838735
12992080.699790377 4862840.985185664
12992081.601822138 4862845.4129894385
12992082.503853898 4862849.840795184
12992083.405885657 4862854.268602902
12992084.307917418 4862858.696412593
12992085.209949179 4862863.124224267
12992086.111414753 4862867.552232732
12992086.999606896 4862871.984810485
12992087.88761073 4862876.417454422
12992088.774342587 4862880.850534022
12992089.661074445 4862885.283615602
12992090.547806302 4862889.716699163
12992091.415946309 4862894.155981969
12992092.266904892 4862898.600993896
12992093.117863474 4862903.046007811
12992093.96882206 4862907.491023716
12992094.812508283 4862911.938388253
12992095.646967413 4862916.3887321735
12992096.481426546 4862920.8390780855
12992097.31588568 4862925.289425991
12992098.15034481 4862929.739775895
12992098.98480394 4862934.190127796
12992099.81926307 4862938.640481687
12992100.6537222 4862943.090837578
12992101.482878234 4862947.542858733
12992102.289226746 4862952.002035252
12992103.093024649 4862956.4619853785
12992103.872297414 4862960.929356722
12992104.65157018 4862965.396730081
12992105.430842945 4862969.864105451
12992106.21011571 4862974.331482827
12992106.989388479 4862978.798862215
12992107.765579615 4862983.267154272
12992108.537046332 4862987.736844475
12992109.30851305 4862992.206536689
12992110.07997977 4862996.676230907
12992110.811345937 4863001.157308852
12992111.532087196 4863005.641404481
12992112.252828455 4863010.125502132
12992112.971887683 4863014.610053233
12992113.665544277 4863019.101423923
12992114.359200869 4863023.592796643
12992115.052857462 4863028.084171401
12992115.746514056 4863032.575548187
12992116.440170648 4863037.066927007
12992117.133827241 4863041.558307855
12992117.827483837 4863046.04969074
12992118.52080586 4863050.541162443
12992119.196009832 4863055.037335851
12992119.871213807 4863059.5335113
12992120.517352737 4863064.036930145
12992121.158852492 4863068.541506856
12992121.800352242 4863073.046085606
12992122.441851998 4863077.550666406
12992123.08335175 4863082.055249247
12992123.705973761 4863086.564319003
12992124.322048035 4863091.074946382
12992124.938122306 4863095.5855758125
12992125.517207697 4863100.104474562
12992126.086408395 4863104.625584666
12992126.655609097 4863109.146696829
12992127.219449487 4863113.668930038
12992127.759317748 4863118.196169564
12992128.29918601 4863122.72341116
12992128.839054272 4863127.25065482
12992129.378922533 4863131.777900542
12992129.918790797 4863136.305148335
12992130.458659058 4863140.8323981855
12992130.991711559 4863145.360989746
12992131.497552063 4863149.894931878
12992131.982470226 4863154.432690957
12992132.448208224 4863158.973949322
12992132.913946223 4863163.515209768
12992133.379684223 4863168.056472293
12992133.84542222 4863172.597736887
12992134.2965438 4863177.141487924
12992134.737646261 4863181.686944003
12992135.14844511 4863186.237229616
12992135.55812912 4863190.787694922
12992135.967813129 4863195.338162311
12992136.377497135 4863199.888631785
12992136.787181145 4863204.4391033435
12992137.177103417 4863208.992514008
12992137.561914707 4863213.546686353
12992137.946725998 4863218.100860796
12992138.321139354 4863222.6564533645
12992138.665076192 4863227.216198431
12992139.00901303 4863231.775945593
12992139.352949869 4863236.335694858
12992139.686218338 4863240.896749883
12992139.996886158 4863245.460568799
12992140.307553977 4863250.024389806
12992140.618221793 4863254.588212917
12992140.928889614 4863259.15203813
12992141.239557434 4863263.715865433
12992141.55022525 4863268.279694835
12992141.841233475 4863272.845629741
12992142.10427396 4863277.414559048
12992142.332602864 4863281.9866495645
12992142.55803341 4863286.559005973
12992142.783463957 4863291.131364484
12992143.008894505 4863295.703725103
12992143.234325053 4863300.276087826
12992143.42629887 4863304.8510432495
12992143.616735466 4863309.426119816
12992143.807172062 4863314.001198489
12992143.980612913 4863318.577371266
12992144.135443889 4863323.154741858
12992144.290274864 4863327.732114559
12992144.424620636 4863332.310520449
12992144.540388322 4863336.889863534
12992144.656156007 4863341.469208728
12992144.771923691 4863346.048556037
12992144.887691377 4863350.627905461
12992145.003459059 4863355.207256996
12992145.085990485 4863359.78778536
12992145.16031247 4863364.368605997
12992145.233700965 4863368.949450487
12992145.2846572 4863373.530819501
12992145.335613437 4863378.112190633
12992145.386569671 4863382.693563882
12992145.437525911 4863387.274939244
12992145.488482147 4863391.856316723
12992145.539438386 4863396.437696309
12992145.590394622 4863401.019078017
12992145.641350858 4863405.600461835
12992145.627477232 4863410.181809286
12992145.57332754 4863414.763134943
12992145.519177847 4863419.344462719
12992145.465028154 4863423.925792597
12992145.410878459 4863428.507124598
12992145.331730152 4863433.087767922
12992145.237242546 4863437.667989482
12992145.142754938 4863442.248213158
12992145.048267333 4863446.828438953
12992144.945471551 4863451.408347723
12992144.833389772 4863455.987901932
12992144.721307995 4863460.567458249
12992144.60922622 4863465.147016684
12992144.489034755 4863469.72615367
12992144.320347115 4863474.302759858
12992144.151659476 4863478.879368154
12992143.981402913 4863483.455878351
12992143.8056807 4863488.03203361
12992143.600315439 4863492.606094602
12992143.394950176 4863497.180157706
12992143.189584913 4863501.754222916
12992142.98421965 4863506.328290234
12992142.778854389 4863510.902359661
12992142.573489126 4863515.476431199
12992142.327079454 4863520.046999151
12992142.073903661 4863524.616991306
12992141.82072787 4863529.186985566
12992141.567552073 4863533.756981924
12992141.314376283 4863538.326980388
12992141.025860386 4863542.893271547
12992140.716151973 4863547.457340379
12992140.406443564 4863552.021411304
12992140.096735153 4863556.585484331
12992139.787026742 4863561.1495594485
12992139.457543425 4863565.711220508
12992139.112756576 4863570.271013832
12992138.728985531 4863574.825250555
12992138.314639969 4863579.37515592
12992137.929676503 4863583.929476301
12992137.544713039 4863588.483798772
12992137.159749575 4863593.038123334
12992136.77478611 4863597.592449984
12992136.359317742 4863602.142102618
12992135.925207851 4863606.688899767
12992135.491097957 4863611.235698998
12992135.051267007 4863615.781542201
12992134.591692416 4863620.3240809925
12992134.132117828 4863624.866621865
12992133.659313684 4863629.406812921
12992133.171194728 4863633.944283468
12992132.683075773 4863638.481756086
12992132.194956817 4863643.019230781
12992131.70683786 4863647.556707547
12992131.214273762 4863652.093360122
12992130.712323138 4863656.628269983
12992130.210372511 4863661.163181923
12992129.644711483 4863665.685237208
12992129.065037765 4863670.204337945
12992128.485364048 4863674.723440747
12992127.905151468 4863679.2424272755
12992127.319784334 4863683.760283969
12992126.734417202 4863688.278142729
12992126.142590983 4863692.794567091
12992125.556365447 4863697.3122403715
12992124.963575916 4863701.828414751
12992124.33804517 4863706.337104439
12992123.733286938 4863710.850606664
12992123.077178476 4863715.351586937
12992122.392709242 4863719.845674767
12992121.708240012 4863724.339764624
12992121.023770778 4863728.833856517
12992120.31676116 4863733.321955193
12992119.599085305 4863737.807218904
12992118.881409451 4863742.292484644
12992118.1637336 4863746.777752407
12992117.446057746 4863751.263022204
12992116.728381893 4863755.748294022
12992116.010706041 4863760.233567873
12992115.293030187 4863764.718843742
12992114.56804702 4863769.202114556
12992113.839672564 4863773.6844559135
12992113.076858846 4863778.15690828
12992112.296223639 4863782.624244297
12992111.515588429 4863787.091582319
12992110.734953223 4863791.558922356
12992109.954318015 4863796.0262644
12992109.164159864 4863800.490735349
12992108.36332843 4863804.951988125
12992107.562496996 4863809.413242905
12992106.750093982 4863813.870872078
12992105.910994116 4863818.320133963
12992105.07189425 4863822.769397838
12992104.20079418 4863827.208060275
12992103.312060615 4863831.6408817405
12992102.42332705 4863836.073705191
12992101.534593483 4863840.506530621
12992100.638483228 4863844.936799936
12992099.72410938 4863849.360737763
12992098.80973553 4863853.784677561
12992097.885659797 4863858.205127751
12992096.933531674 4863862.615484218
12992095.98140355 4863867.025842641
12992095.029275429 4863871.436203026
12992094.077147303 4863875.846565369
12992093.12501918 4863880.25692967
12992092.172891054 4863884.667295936
12992091.19985381 4863889.069881575
12992090.226286689 4863893.472271945
12992089.25271957 4863897.874664261
12992088.236444214 4863902.260434395
12992087.20328831 4863906.639635733
12992086.170132404 4863911.018838996
12992085.1369765 4863915.398044191
12992084.103820592 4863919.777251317
12992083.041701186 4863924.1446141405
12992081.975136137 4863928.510160592
12992080.908571087 4863932.875708966
12992079.823665492 4863937.233488419
12992078.722170122 4863941.584240738
12992077.620674754 4863945.934994962
12992076.519179381 4863950.285751096
12992075.381664798 4863954.620690804
12992074.2438847 4863958.955515789
12992073.1061046 4863963.290342676
12992071.9683245 4863967.6251714565
12992070.830544401 4863971.960002125
12992069.6927643 4863976.294834688
12992068.5549842 4863980.629669151
12992067.395097569 4863984.954485843
12992066.22941898 4863989.276679243
12992065.063740393 4863993.598874531
12992063.893119913 4863997.918755454
12992062.685673894 4864002.221378211
12992061.478227878 4864006.524002846
12992060.270781862 4864010.826629337
12992059.063335843 4864015.129257695
12992057.836292153 4864019.42231318
12992056.582176378 4864023.702144027
12992055.328060606 4864027.98197672
12992054.054262174 4864032.251874879
12992052.77534412 4864036.519190335
12992051.496426066 4864040.786507633
12992050.217508014 4864045.053826758
12992048.93858996 4864049.321147717
12992047.648780834 4864053.5828743875
12992046.329092065 4864057.828865413
12992044.987549938 4864062.063311489
12992043.64600781 4864066.297759374
12992042.304465683 4864070.532209063
12992040.962923553 4864074.766660558
12992039.621381426 4864079.001113861
12992038.279839301 4864083.235568967
12992036.938297173 4864087.470025888
12992035.593208231 4864091.702564918
12992034.245036716 4864095.933437334
12992032.8968652 4864100.164311557
12992031.548693687 4864104.395187581
12992030.200522171 4864108.626065412
12992028.852350656 4864112.8569450425
12992027.504179139 4864117.087826477
12992026.127556084 4864121.303000883
12992024.716263212 4864125.49851278
12992023.277002914 4864129.677972911
12992021.837742615 4864133.857434808
12992020.398482317 4864138.036898462
12992018.942844762 4864142.206611257
12992017.467506442 4864146.364594037
12992015.992168121 4864150.522578563
12992014.491250038 4864154.664874997
12992012.98015865 4864158.800933179
12992011.46906726 4864162.936993084
12992009.947671032 4864167.066584561
12992008.414825005 4864171.1889887145
12992006.881978976 4864175.3113945825
12992005.349132948 4864179.4338021595
12992003.81628692 4864183.556211451
12992002.283440892 4864187.6786224535
12992000.750594866 4864191.801035166
12991999.195982344 4864195.909471813
12991997.629008576 4864200.009972131
12991996.062034806 4864204.110474145
12991994.4940564 4864208.210316402
12991992.898594793 4864212.292065436
12991991.303133188 4864216.373816152
12991989.707671585 4864220.455568544
12991988.073466133 4864224.511107823
12991986.437359588 4864228.56536245
12991984.801253038 4864232.619618729
12991983.16514649 4864236.673876664
12991981.529039942 4864240.728136256
12991979.892933395 4864244.782397499
12991978.244569328 4864248.828190778
12991976.595375204 4864252.873412162
12991974.946181083 4864256.9186351895
12991973.261382274 4864260.938781785
12991971.559581224 4864264.946624333
12991969.837264545 4864268.939605187
12991968.11494787 4864272.932587647
12991966.392631192 4864276.925571715
12991964.670314517 4864280.918557391
12991962.947997838 4864284.911544671
12991961.22193908 4864288.901774414
12991959.490594098 4864292.888108077
12991957.759249121 4864296.874443347
12991956.02790414 4864300.860780213
12991954.296559162 4864304.847118679
12991952.547195703 4864308.82002672
12991950.796146337 4864312.791679572
12991949.045096973 4864316.763334021
12991947.253808735 4864320.704286619
12991945.461177751 4864324.644216228
12991943.668546772 4864328.584147408
12991941.87591579 4864332.524080144
12991940.083284806 4864336.464014452
12991938.282980857 4864340.397929942
12991936.457970927 4864344.312462124
12991934.632960992 4864348.226995841
12991932.794158202 4864352.130451367
12991930.93887927 4864356.02067321
12991929.083600335 4864359.910896578
12991927.217737934 4864363.792458455
12991925.342438934 4864367.6662976
12991923.467139933 4864371.540138248
12991921.591840932 4864375.413980417
12991919.71654193 4864379.287824098
12991917.841242928 4864383.161669288
12991915.961689001 4864387.031969672
12991914.05801532 4864390.882168714
12991912.141130857 4864394.721110636
12991910.20598466 4864398.5444908505
12991908.27083846 4864402.367872545
12991906.335692262 4864406.191255706
12991904.40054606 4864410.014640347
12991902.465399861 4864413.838026458
12991900.520376751 4864417.652829682
12991898.563765377 4864421.457562605
12991896.595403709 4864425.251872877
12991894.604984112 4864429.02661619
12991892.614564514 4864432.801360941
12991890.624144917 4864436.576107123
12991888.633725319 4864440.350854747
12991886.643305723 4864444.125603802
12991884.652886126 4864447.900354298
12991882.660102142 4864451.672973742
12991880.658807367 4864455.437918579
12991878.657512594 4864459.202864845
12991876.632841118 4864462.946385015
12991874.598794002 4864466.681312699
12991872.564746886 4864470.416241787
12991870.530699769 4864474.151172281
12991868.496652652 4864477.886104182
12991866.450443655 4864481.609645386
12991864.390548209 4864485.320367814
12991862.330652762 4864489.03109163
12991860.255696328 4864492.727464379
12991858.17517069 4864496.418531295
12991856.090000015 4864500.105081084
12991853.974643651 4864503.762268858
12991851.859287288 4864507.419457991
12991849.743930925 4864511.076648459
12991847.62857456 4864514.733840278
12991845.513218196 4864518.3910334455
12991843.396181228 4864522.046567781
12991841.275485737 4864525.698490408
12991839.158148333 4864529.353734105
12991837.04081093 4864533.008979145
12991834.883729383 4864536.624394975
12991832.724967726 4864540.238128349
12991830.566206068 4864543.85186304
12991828.40744441 4864547.465599044
12991826.24868275 4864551.079336367
12991824.08992109 4864554.6930750115
12991821.931159433 4864558.306814963
12991819.772397775 4864561.920556232
12991817.613636117 4864565.534298824
12991815.454874458 4864569.1480427245
12991813.2961128 4864572.761787941
12991811.34222588 4864576.542669177
12991809.566618046 4864580.494521779
12991807.77113688 4864584.43234294
12991805.934630275 4864588.337738451
12991804.068914369 4864592.219037478
12991802.13026774 4864596.039277429
12991800.081907026 4864599.760904669
12991798.03354631 4864603.482533302
12991795.974861396 4864607.194295079
12991793.874824055 4864610.866532033
12991791.759168549 4864614.523400773
12991789.63211252 4864618.169051786
12991787.50505649 4864621.814704142
12991785.378000459 4864625.460357837
12991783.250944428 4864629.106012871
12991781.10614141 4864632.733707615
12991778.930687184 4864636.330381762
12991776.795342935 4864639.96764691
12991774.668647578 4864643.613665731
12991772.541952223 4864647.259685894
12991770.415256869 4864650.905707388
12991768.316415515 4864654.5790999625
12991766.186775558 4864658.222050343
12991764.045336151 4864661.853343813
12991761.903896745 4864665.48463861
12991759.748566777 4864669.101856802
12991757.583680322 4864672.709390914
12991755.386142341 4864676.282872954
12991753.16808841 4864679.8349595
12991750.924638929 4864683.359750985
12991748.679196628 4864686.882401739
12991746.433754325 4864690.405053746
12991744.176062673 4864693.914272964
12991741.904555302 4864697.408341506
12991739.56982137 4864700.829822971
12991737.188606175 4864704.196950449
12991734.780461129 4864707.531495231
12991732.372316085 4864710.866041132
12991729.96417104 4864714.200588161
12991727.556025995 4864717.535136303
12991725.147880951 4864720.869685565
12991722.727908932 4864724.189567421
12991720.299388278 4864727.49884785
12991717.87086763 4864730.808129387
12991715.44234698 4864734.117412024
12991713.002291447 4864737.412103473
12991710.544094034 4864740.683845486
12991708.085896619 4864743.955588575
12991705.627699204 4864747.227332742
12991703.169501793 4864750.499077995
12991700.697740875 4864753.753363521
12991698.225344608 4864757.006832191
12991695.75294834 4864760.260301936
12991693.280552072 4864763.5137727475
12991690.808155805 4864766.767244622
12991688.335759537 4864770.020717562
12991685.863363268 4864773.274191574
12991683.457823921 4864776.610301842
12991681.103577511 4864780.009811347
12991678.7493311 4864783.409322023
12991676.39508469 4864786.808833862
12991674.04083828 4864790.208346865
12991671.686591875 4864793.607861034
12991669.332345461 4864797.007376371
12991666.978099052 4864800.406892867
12991664.623852644 4864803.806410525
12991662.269606235 4864807.205929354
12991659.915359825 4864810.605449342
12991657.561113415 4864814.004970499
12991655.206867006 4864817.404492818
12991652.843873003 4864820.793650367
12991650.478356093 4864824.179819413
12991648.112839185 4864827.565989618
12991645.747322273 4864830.952160978
12991643.381413378 4864834.337844901
12991640.785456302 4864837.421221718
12991638.162527064 4864840.467279327
12991635.539597824 4864843.513337869
12991632.916668583 4864846.55939735
12991630.29373934 4864849.605457761
12991627.669606471 4864852.649751756
12991625.044609673 4864855.692778125
12991622.419612877 4864858.735805421
12991619.794616079 4864861.778833653
12991617.169619283 4864864.821862819
12991614.544622485 4864867.864892917
12991611.919625685 4864870.90792395
12991609.294628888 4864873.950955917
12991606.656708797 4864876.974850034
12991604.014098022 4864879.991798404
12991601.373766804 4864883.0120921
12991598.724024892 4864886.018367055
12991596.074282983 4864889.024642923
12991593.424541073 4864892.030919694
12991590.77479916 4864895.037197382
12991588.125057252 4864898.04347598
12991585.475315344 4864901.049755483
12991582.825573431 4864904.056035905
12991580.175831523 4864907.062317233
12991577.52608961 4864910.068599469
12991574.876347698 4864913.074882622
12991572.22660579 4864916.081166678
12991569.57686388 4864919.08745165
12991566.91411075 4864922.073993213
12991564.240644002 4864925.044277919
12991561.567177257 4864928.014563516
12991558.893710505 4864930.98485
12991556.220243756 4864933.955137377
12991553.54677701 4864936.925425636
12991550.873310259 4864939.895714789
12991548.199843513 4864942.866004829
12991545.526376763 4864945.836295755
12991542.852910012 4864948.806587578
12991540.179443266 4864951.776880281
12991537.512123823 4864954.755990302
12991534.860686824 4864957.759695603
12991532.263155265 4864960.842646822
12991529.665623702 4864963.925598996
12991527.068092141 4864967.008552127
12991524.47056058 4864970.0915062195
12991521.87302902 4864973.17446127
12991519.27549746 4864976.25741727
12991516.677965898 4864979.340374237
12991514.08043434 4864982.42333216
12991511.482902776 4864985.506291039
12991508.885371216 4864988.589250874
12991506.287839653 4864991.672211671
12991503.690308094 4864994.755173419
12991501.092776535 4864997.838136131
12991498.47100411 4865000.885921877
12991495.848084243 4865003.932043411
12991493.22516438 4865006.978165887
12991490.602244515 4865010.024289299
12991487.975439582 4865013.06466659
12991485.331089357 4865016.079058486
12991482.686739132 4865019.093451301
12991480.042388905 4865022.107845024
12991477.398038678 4865025.122239668
12991474.753688453 4865028.136635227
12991472.109338226 4865031.151031698
12991469.464987999 4865034.165429089
12991466.820637772 4865037.179827391
12991464.176287545 4865040.194226618
12991461.531937322 4865043.2086267555
12991458.887587095 4865046.223027804
12991456.243236868 4865049.237429773
12991453.62800558 4865052.294661711
12991451.020746527 4865055.363620408
12991448.413487477 4865058.43258006
12991445.806228425 4865061.501540657
12991443.228425164 4865064.6122001065
12991440.673899787 4865067.755812933
12991438.119374406 4865070.899426754
12991435.564849027 4865074.043041574
12991433.024825178 4865077.206443516
12991430.505737802 4865080.398412541
12991428.007270733 4865083.6175120585
12991425.542005107 4865086.880294686
12991423.07673948 4865090.143078392
12991420.611473856 4865093.4058631705
12991418.200622968 4865096.736959979
12991415.798953446 4865100.079583976
12991413.458573472 4865103.4953302
12991411.123460997 4865106.9173619505
12991408.795899054 4865110.347891658
12991406.54676377 4865113.866677783
12991404.297628488 4865117.385465164
12991402.062034588 4865120.918550531
12991399.895934876 4865124.5250078775
12991397.75725112 4865128.158719812
12991395.669576915 4865131.843139973
12991393.58190271 4865135.527561496
12991391.560576634 4865139.274431365
12991389.564423887 4865143.044163822
12991387.662538072 4865146.8954538135
12991385.789206974 4865150.771220458
12991383.9154618 4865154.646641094
12991382.431448385 4865158.793580492
12991381.107776603 4865163.038066593
12991379.78939623 4865167.285297497
12991378.521513062 4865171.558707208
12991377.31026707 4865175.859371925
12991376.194981338 4865180.203669662
12991375.255840654 4865184.61856673
12991374.412534004 4865189.066893986
12991373.590815123 4865193.522295416
12991372.84354661 4865197.999614304
12991372.200588703 4865202.504036918
12991371.50247514 4865206.995221296
12991370.85192549 4865211.497669875
12991370.29705913 4865216.022776349
12991369.765229532 4865220.552461087
12991369.263711156 4865225.08816915
12991369.086740557 4865229.635557572
12991368.677098881 4865234.186966327
12991368.372156676 4865238.75025642
12991368.174035724 4865243.325668623
12991368.044226153 4865247.904800568
12991368.057582129 4865252.486420634
12991368.259423576 4865257.060016202
12991368.522500064 4865261.629855489
12991368.950100116 4865266.177516842
12991369.591811985 4865270.680532903
12991370.303718004 4865275.16805764
12991371.104640977 4865279.629098376
12991371.952931046 4865284.076047541
12991372.801221116 4865288.522998705
12991373.786185198 4865292.921322386
12991374.784035431 4865297.315063046
12991375.951435646 4865301.636218469
12991377.140928978 4865305.947917332
12991378.466941709 4865310.189965923
12991379.866721647 4865314.392290124
12991381.317275008 4865318.565594209
12991382.860672724 4865322.6796412915
12991384.493193325 4865326.736806557
12991386.193515494 4865330.74541928
12991387.986438356 4865334.684158996
12991389.874252684 4865338.548006724
12991391.773124192 4865342.402193379
12991393.79054322 4865346.152785978
12991395.875650706 4865349.838476847
12991398.014148768 4865353.472975461
12991400.15264683 4865357.107475402
12991402.371599168 4865360.6587402485
12991404.657194773 4865364.136243574
12991406.98446683 4865367.567453604
12991409.39245713 4865370.900243567
12991411.856579829 4865374.16459136
12991414.352474226 4865377.386260797
12991416.922884062 4865380.507833461
12991419.51619797 4865383.596064403
12991422.172680805 4865386.592337832
12991424.839211088 4865389.572689639
12991427.600987703 4865392.402102201
12991430.362764316 4865395.23151557
12991433.191449836 4865397.945365174
12991436.043062888 4865400.618111495
12991438.937711306 4865403.211367172
12991441.832359722 4865405.804623531
12991444.773661984 4865408.304261542
12991447.763104118 4865410.70729918
12991450.768714383 4865413.074582165
12991453.8250317 4865415.329728865
12991456.881349016 4865417.584876071
12991459.963062426 4865419.779464049
12991463.078064224 4865421.891997822
12991466.247275747 4865423.863835327
12991469.41648727 4865425.835673229
12991472.617515283 4865427.716936531
12991475.830233902 4865429.56491944
12991479.050129678 4865431.39105343
12991482.290480716 4865433.154916194
12991485.575223183 4865434.771698667
12991488.866493342 4865436.366853422
12991492.1577635 4865437.96200844
12991495.474514721 4865439.464221288
12991498.793809252 4865440.95715761
12991502.121639576 4865442.415866108
12991505.47915099 4865443.755297831
12991508.8366624 4865445.094729734
12991512.209788328 4865446.3648471935
12991515.588315519 4865447.61098797
12991518.96920725 4865448.845712393
12991522.368514009 4865449.991525145
12991525.767820768 4865451.137338032
12991529.174170012 4865452.245756886
12991532.593002558 4865453.28789202
12991536.011835106 4865454.330027272
12991539.430667656 4865455.37216263
12991542.867431095 4865456.307908814
12991546.305656604 4865457.234980167
12991549.74529823 4865458.152666428
12991553.196044547 4865458.996757043
12991556.64679087 4865459.84084773
12991560.09753719 4865460.684938488
12991563.564441737 4865461.407260175
12991567.031643957 4865462.127338632
12991570.49884618 4865462.847417138
12991573.966048399 4865463.567495703
12991577.433250623 4865464.287574313
12991580.894808035 4865465.036354851
12991584.371547014 4865465.673281
12991587.848285994 4865466.310207189
12991591.32502497 4865466.94713342
12991594.801763948 4865467.584059689
12991598.278502928 4865468.220986005
12991601.755447922 4865468.855953663
12991605.23504071 4865469.465747751
12991608.714633496 4865470.07554188
12991612.194226284 4865470.685336048
12991615.67381907 4865471.295130248
12991619.153411854 4865471.904924487
12991622.633795563 4865472.506949935
12991626.114625372 4865473.10459361
12991629.595455183 4865473.702237321
12991633.076284988 4865474.299881062
12991636.5571148 4865474.897524842
12991640.037944607 4865475.495168662
12991643.518774416 4865476.092812515
12991646.999604225 4865476.690456404
12991650.480082858 4865477.291575103
12991653.960560441 4865477.892704283
12991657.44103802 4865478.4938335
12991660.9215156 4865479.094962761
12991664.40199318 4865479.69609205
12991667.882470757 4865480.297221379
12991671.362948338 4865480.898350742
12991674.843425918 4865481.499480145
12991678.323971955 4865482.099927842
12991681.805559447 4865482.690003982
12991685.287146945 4865483.280080164
12991688.768734438 4865483.870156381
12991692.250321934 4865484.460232635
12991695.731909428 4865485.050308923
12991699.213496923 4865485.640385246
12991702.69508442 4865486.230461605
12991706.176671913 4865486.820537997
12991709.658259409 4865487.410614422
12991713.139846902 4865488.000690886
12991716.621434398 4865488.590767388
12991720.10321577 4865489.178891156
12991723.585015038 4865489.766834751
12991727.066814302 4865490.354778388
12991730.545571122 4865490.9724261975
12991734.023402113 4865491.599113167
12991737.501233103 4865492.225800167
12991740.979064094 4865492.852487215
12991744.456895087 4865493.479174303
12991747.934726076 4865494.1058614245
12991751.412557067 4865494.732548584
12991754.89038806 4865495.359235791
12991758.36821905 4865495.985923032
12991761.846050043 4865496.612610313
12991765.32351468 4865497.242751047
12991768.800935695 4865497.873303009
12991772.27835671 4865498.503855018
12991775.755777728 4865499.134407067
12991779.233198743 4865499.764959155
12991782.710619759 4865500.39551128
12991786.187436687 4865501.031609743
12991789.66169346 4865501.691213597
12991793.135950232 4865502.350817487
12991796.610207004 4865503.010421429
12991800.084463777 4865503.670025414
12991803.558720551 4865504.329629441
12991807.032977324 4865504.98923351
12991810.507234098 4865505.648837627
12991813.98149087 4865506.30844178
12991817.455247974 4865506.972478155
12991820.927785397 4865507.647333355
12991824.400322825 4865508.322188601
12991827.872860245 4865508.997043893
12991831.34480226 4865509.677025628
12991834.814527908 4865510.376089877
12991838.28425356 4865511.075154174
12991841.753979208 4865511.774218524
12991845.22370486 4865512.473282921
12991848.693430511 4865513.172347369
12991852.16315616 4865513.8714118665
12991855.63288181 4865514.570476411
12991859.102607463 4865515.269541004
12991862.571809554 4865515.973006133
12991866.040523816 4865516.680571528
12991869.509238075 4865517.3881369755
12991872.977952337 4865518.095702473
12991876.446666598 4865518.803268025
12991879.911824973 4865519.539861716
12991883.376607401 4865520.279524429
12991886.841389833 4865521.019187191
12991890.306172263 4865521.758850009
12991893.770167049 4865522.504762921
12991897.233882641 4865523.252891299
12991900.697598236 4865524.001019745
12991904.16131383 4865524.749148241
12991907.625029424 4865525.497276791
12991911.088745018 4865526.245405397
12991914.552460613 4865526.993534063
12991918.01554784 4865527.746557978
12991921.476897504 4865528.513118145
12991924.93824717 4865529.279678363
12991928.399596835 4865530.046238649
12991931.855498724 4865530.853552481
12991935.311177675 4865531.662534123
12991938.766856626 4865532.471515834
12991942.222535579 4865533.280497608
12991945.678214531 4865534.089479452
12991949.132917594 4865534.905465005
12991952.585496217 4865535.736697092
12991956.03807484 4865536.567929246
12991959.490653463 4865537.399161471
12991962.943232086 4865538.2303937655
12991966.391975166 4865539.088075629
12991969.838425567 4865539.961567631
12991973.28487597 4865540.835059707
12991976.731326373 4865541.7085518595
12991980.177776776 4865542.58204409
12991983.624227177 4865543.4555364
12991987.07067758 4865544.3290287815
12991990.514443142 4865545.220325484
12991993.957386237 4865546.117076402
12991997.400329331 4865547.013827399
12992000.843272423 4865547.910578476
12992004.286215518 4865548.8073296305
12992007.72915861 4865549.704080876
12992011.172101704 4865550.60083219
12992014.612361116 4865551.514925358
12992018.051996747 4865552.433049421
12992021.49163238 4865553.351173567
12992024.931268014 4865554.2692978
12992028.370903645 4865555.18742212
12992031.81053928 4865556.105546523
12992035.250174914 4865557.023671009
12992038.689810546 4865557.941795585
12992042.129446179 4865558.859920242
12992045.569081813 4865559.778044984
12992049.008717444 4865560.69616981
12992052.448353076 4865561.614294722
12992055.887096293 4865562.538090994
12992059.325479886 4865563.464172734
12992062.763863478 4865564.390254556
12992066.202247074 4865565.316336474
12992069.640630666 4865566.2424184745
12992073.079014258 4865567.168500564
12992076.517397854 4865568.094582734
12992079.955781447 4865569.020664998
12992083.394165039 4865569.94674734
12992086.832548635 4865570.8728297725
12992090.270932227 4865571.798912291
12992093.70931582 4865572.7249949
12992097.147699414 4865573.651077593
12992100.586083006 4865574.577160365
12992104.0244666 4865575.503243234
12992107.462850194 4865576.429326182
12992110.901233787 4865577.355409219
12992114.339617379 4865578.281492343
12992117.778000975 4865579.207575554
12992121.216384567 4865580.133658852
12992124.65476816 4865581.059742237
12992128.093151756 4865581.985825705
12992131.531535348 4865582.911909263
12992134.96991894 4865583.837992905
12992138.408248348 4865584.764419251
12992141.846484818 4865585.691433361
12992145.284721287 4865586.618447551
12992148.72295776 4865587.545461826
12992152.16119423 4865588.472476193
12992155.59787823 4865589.409236039
12992159.034195969 4865590.348295155
12992162.470513707 4865591.287354365
12992165.906831441 4865592.226413663
12992169.34314918 4865593.165473043
12992172.779466918 4865594.104532518
12992176.215784652 4865595.043592079
12992179.65210239 4865595.982651733
12992183.088420128 4865596.921711466
12992186.524737865 4865597.8607712975
12992189.961055603 4865598.799831218
12992193.396992784 4865599.741260067
12992196.83281716 4865600.683391214
12992200.268641535 4865601.62552245
12992203.70446591 4865602.567653774
12992207.140290286 4865603.509785188
12992210.57611466 4865604.451916689
12992214.011819521 4865605.394789934
12992217.447237916 4865606.339440921
12992220.88265631 4865607.284092
12992224.318074705 4865608.228743176
12992227.7534931 4865609.173394433
12992231.188235408 4865610.12222062
12992234.622617966 4865611.073268373
12992238.05700052 4865612.024316222
12992241.491383078 4865612.975364157
12992244.925765634 4865613.926412185
12992248.36014819 4865614.877460303
12992251.794530747 4865615.828508517
12992255.228913302 4865616.779556815
12992258.663295858 4865617.730605206
12992262.095066065 4865618.697552433
12992265.526143273 4865619.668717363
12992268.95722048 4865620.639882386
12992272.388297684 4865621.611047502
12992275.819374893 4865622.582212713
12992279.2504521 4865623.553378021
12992282.677720703 4865624.547030949
12992286.10265376 4865625.554473965
12992289.52758682 4865626.561917083
12992292.95251988 4865627.569360306
12992296.377452938 4865628.576803628
12992299.802385997 4865629.584247054
12992303.222040828 4865630.621674101
12992306.640313711 4865631.666951567
12992310.05858659 4865632.712229142
12992313.472142834 4865633.783174219
12992316.881705254 4865634.875853317
12992320.291267678 4865635.968532536
12992323.700830102 4865637.061211877
12992327.110392522 4865638.153891337
12992330.522099076 4865639.235074888
12992333.934860261 4865640.310604002
12992337.347621446 4865641.386133241
12992340.760382632 4865642.461662584
12992344.173143815 4865643.537192057
12992347.585905004 4865644.612721642
12992350.998666188 4865645.688251339
12992354.411427373 4865646.763781156
12992357.802104315 4865647.947846045
12992361.173908604 4865649.224662385
12992364.545712896 4865650.501478888
12992367.917517185 4865651.778295551
12992371.289321475 4865653.055112385
12992374.661125766 4865654.33192938
12992378.03311843 4865655.607898103
12992381.405398574 4865656.8825722085
12992384.777678715 4865658.1572464695
12992388.149958856 4865659.431920899
12992391.522239 4865660.706595487
12992394.894519141 4865661.981270243
12992398.266799282 4865663.2559451675
