12933663.25483689 4889993.32279002
12933670.58823773 4889995.00117505
12933677.921638574 4889996.67956037
12933685.258601353 4889998.331036207
12933692.596162293 4889999.97799332
12933699.933723232 4890001.624950706
12933707.27659442 4890003.230311522
12933714.624822173 4890004.793712973
12933721.973049922 4890006.357114664
12933729.3226403 4890007.909482085
12933736.673167631 4890009.454262308
12933744.023694962 4890010.999042771
12933751.375096653 4890012.536678062
12933758.726713613 4890014.072554319
12933766.078330575 4890015.608430808
12933773.435006754 4890017.101498596
12933780.797729561 4890018.543402605
12933788.160452368 4890019.985306821
12933795.525887728 4890021.403195263
12933802.892561695 4890022.810117718
12933810.25923566 4890024.2170403795
12933817.625909625 4890025.623963233
12933824.99746709 4890026.985702575
12933832.373363707 4890028.307294884
12933839.74926032 4890029.628887369
12933847.125156935 4890030.950480033
12933854.501053551 4890032.272072871
12933861.876950163 4890033.593665887
12933869.255389526 4890034.890321912
12933876.63804102 4890036.145668986
12933884.020692516 4890037.401016219
12933891.40334401 4890038.656363605
12933898.786039276 4890039.911267544
12933906.170214552 4890041.151173357
12933913.554389829 4890042.391079325
12933920.938565105 4890043.630985449
12933928.32596883 4890044.837122444
12933935.715986969 4890046.015913068
12933943.106005104 4890047.194703834
12933950.496023245 4890048.373494739
12933957.886041382 4890049.552285785
12933965.27605952 4890050.731076975
12933972.668125136 4890051.887407407
12933980.062676843 4890053.01646556
12933987.457228547 4890054.145523838
12933994.85178025 4890055.27458225
12934002.247425811 4890056.390877966
12934009.647044264 4890057.461224681
12934017.044345543 4890058.55900788
12934024.441646822 4890059.656791209
12934031.837095505 4890060.775716713
12934039.237335602 4890061.838373342
12934046.638794472 4890062.887067938
12934054.040178373 4890063.9366726475
12934061.44156227 4890064.986277465
12934068.84294617 4890066.035882397
12934076.245279176 4890067.073923166
12934083.648188617 4890068.104940624
12934091.050873887 4890069.138701688
12934098.453365564 4890070.174789391
12934105.857869847 4890071.186005604
12934113.262374131 4890072.197221912
12934120.666878412 4890073.208438331
12934128.070940154 4890074.225165478
12934135.474325921 4890075.250310058
12934142.877711693 4890076.27545474
12934150.281579955 4890077.2945674695
12934157.686719725 4890078.297784091
12934165.091859497 4890079.301000819
12934172.496999266 4890080.30421764
12934179.902481265 4890081.303087785
12934187.308375824 4890082.296717997
12934194.71427038 4890083.290348308
12934202.12016494 4890084.283978725
12934209.526059497 4890085.277609237
12934216.931954056 4890086.271239846
12934224.337848613 4890087.264870558
12934231.74374317 4890088.2585013695
12934239.149637729 4890089.252132281
12934246.555532286 4890090.245763294
12934253.96157554 4890091.237493421
12934261.367723903 4890092.227879916
12934268.773872264 4890093.218266516
12934276.180020623 4890094.208653211
12934283.5858561 4890095.203038188
12934290.991678964 4890096.197584398
12934298.397501832 4890097.192130708
12934305.80293094 4890098.19148537
12934313.208561772 4890099.188286917
12934320.616374996 4890100.156370798
12934328.021331843 4890101.161349633
12934335.426209256 4890102.167869771
12934342.83185797 4890103.164533119
12934350.237751916 4890104.157754582
12934357.64256008 4890105.164700333
12934365.048374137 4890106.159236414
12934372.454655346 4890107.147654708
12934379.86078204 4890108.138320176
12934387.266908739 4890109.128985744
12934394.672295729 4890110.127156866
12934402.07867584 4890111.114554094
12934409.4844579 4890112.109586683
12934416.88947609 4890113.114342428
12934424.294494279 4890114.119098278
12934431.699512469 4890115.12385423
12934439.10510251 4890116.121288034
12934446.511987628 4890117.1021770295
12934453.91765375 4890118.098715419
12934461.32318297 4890119.097001279
12934468.728712184 4890120.095287237
12934476.134241404 4890121.093573293
12934483.53977062 4890122.091859454
12934490.945299838 4890123.0901457155
12934498.35090331 4890124.087485072
12934505.75704008 4890125.078023312
12934513.163176846 4890126.068561653
12934520.569313614 4890127.059100085
12934527.97545038 4890128.049638624
12934535.38158715 4890129.040177261
12934542.787658371 4890130.031553251
12934550.19343245 4890131.026724845
12934557.599206533 4890132.021896536
12934565.004980614 4890133.017068332
12934572.410754694 4890134.012240223
12934579.816528777 4890135.007412214
12934587.222913641 4890135.994769144
12934594.629311921 4890136.981954531
12934602.035710203 4890137.969140013
12934609.44210848 4890138.956325596
12934616.848506758 4890139.9435112765
12934624.254905038 4890140.930697058
12934631.660156406 4890141.932469303
12934639.064988611 4890142.939572581
12934646.469820812 4890143.946675958
12934653.876200838 4890144.933958202
12934661.282441251 4890145.923127162
12934668.688256945 4890146.917769933
12934676.094072638 4890147.912412799
12934683.499888333 4890148.907055769
12934690.905693507 4890149.90183274
12934698.311299084 4890150.899151334
12934705.716904659 4890151.896470032
12934713.122510234 4890152.893788834
12934720.52845643 4890153.886736582
12934727.935466735 4890154.866028782
12934735.34247704 4890155.845321083
12934742.749487348 4890156.824613477
12934750.15649765 4890157.803905972
12934757.560132721 4890158.825596852
12934764.965844708 4890159.821562307
12934772.371556696 4890160.817527868
12934779.777268685 4890161.813493524
12934787.18298067 4890162.809459287
12934794.588692658 4890163.805425144
12934801.994404647 4890164.801391101
12934809.400116634 4890165.797357166
12934816.807207566 4890166.773315294
12934824.213566918 4890167.7610037625
12934831.61992627 4890168.748692333
12934839.026285619 4890169.736380996
12934846.43264497 4890170.72406976
12934853.839004323 4890171.711758624
12934861.245363675 4890172.69944759
12934868.651723025 4890173.687136647
12934876.057450835 4890174.682892033
12934883.462985821 4890175.681110355
12934890.868520804 4890176.67932878
12934898.274055786 4890177.677547302
12934905.679785749 4890178.67328188
12934913.085755762 4890179.665958353
12934920.491725773 4890180.658634923
12934927.897695787 4890181.651311596
12934935.3036658 4890182.643988365
12934942.70963581 4890183.636665233
12934950.115605824 4890184.629342204
12934957.521575838 4890185.622019274
12934964.927545847 4890186.614696448
12934972.333515858 4890187.607373713
12934979.739899145 4890188.592335922
12934987.144952185 4890189.596659498
12934994.550005224 4890190.600983188
12935001.955058267 4890191.605306973
12935009.360111305 4890192.609630857
12935016.763508378 4890193.634468001
12935024.1684163 4890194.640464197
12935031.574017197 4890195.63784683
12935038.97961809 4890196.635229569
12935046.385218984 4890197.632612408
12935053.790819878 4890198.629995343
12935061.196978174 4890199.62026466
12935068.603151415 4890200.610343374
12935076.009324653 4890201.60042219
12935083.415497893 4890202.590501097
12935090.821671134 4890203.58058011
12935098.227844374 4890204.570659221
12935105.634017613 4890205.5607384285
12935113.040190853 4890206.550817739
12935120.446364094 4890207.540897147
12935127.852537332 4890208.530976659
12935135.258710572 4890209.521056259
12935142.664883813 4890210.511135965
12935150.071057051 4890211.501215767
12935157.477230292 4890212.491295671
12935164.883403532 4890213.481375674
12935172.28957677 4890214.471455778
12935179.695750011 4890215.461535975
12935187.101923252 4890216.451616276
12935194.508491788 4890217.436619459
12935201.91519285 4890218.419915159
12935209.321893912 4890219.403210959
12935216.728594974 4890220.38650686
12935224.134283587 4890221.382759221
12935231.539771803 4890222.381576216
12935238.945260022 4890223.380393308
12935246.350748237 4890224.379210504
12935253.756236454 4890225.378027798
12935261.161996905 4890226.373380066
12935268.56787381 4890227.367250153
12935275.973750712 4890228.361120337
12935283.379627617 4890229.354990618
12935290.785504522 4890230.348861002
12935298.191381428 4890231.342731481
12935305.597258331 4890232.336602068
12935313.003135236 4890233.3304727515
12935320.40901214 4890234.32434353
12935327.814889044 4890235.3182144165
12935335.220765948 4890236.312085396
12935342.626642855 4890237.305956486
12935350.03251976 4890238.299827664
12935357.438396662 4890239.29369895
12935364.844273567 4890240.287570328
12935372.250150472 4890241.281441811
12935379.656027375 4890242.275313392
12935387.06190428 4890243.269185075
12935394.467781186 4890244.2630568575
12935401.87365809 4890245.256928737
12935409.279528486 4890246.250883692
12935416.685298106 4890247.246123837
12935424.091067724 4890248.241364085
12935431.496837346 4890249.236604433
12935438.902606964 4890250.231844879
12935446.308376582 4890251.227085426
12935453.7141462 4890252.222326074
12935461.119915823 4890253.217566822
12935468.52568544 4890254.212807666
12935475.93145506 4890255.2080486175
12935483.337224679 4890256.203289662
12935490.742994301 4890257.198530815
12935498.14876392 4890258.193772059
12935505.554533537 4890259.189013407
12935512.960303158 4890260.184254856
12935520.366072776 4890261.179496407
12935527.771842394 4890262.174738055
12935535.17760628 4890263.1700528795
12935542.583343845 4890264.16570309
12935549.989081413 4890265.161353401
12935557.394818978 4890266.157003807
12935564.800556542 4890267.152654319
12935572.206294112 4890268.148304929
12935579.612031678 4890269.143955641
12935587.017769244 4890270.139606453
12935594.423506811 4890271.13525736
12935601.829244377 4890272.130908373
12935609.234981945 4890273.126559486
12935616.640719512 4890274.122210697
12935624.046457076 4890275.117862006
12935631.452194642 4890276.11351342
12935638.85793221 4890277.109164934
12935646.263669778 4890278.104816544
12935653.669407343 4890279.100468253
12935661.075144911 4890280.0961200725
12935668.48114758 4890281.0883809365
12935675.887533419 4890282.075740619
12935683.292647181 4890283.078445006
12935690.69805008 4890284.0779700745
12935698.103999127 4890285.0709249135
12935705.509948177 4890286.063879851
12935712.91589723 4890287.056834885
12935720.321806971 4890288.050291802
12935727.727674466 4890289.044288171
12935735.133541958 4890290.038284644
12935742.53940945 4890291.032281217
12935749.945276942 4890292.02627789
12935757.351144435 4890293.020274664
12935764.757011928 4890294.014271533
12935772.162879419 4890295.008268505
12935779.568746913 4890296.0022655735
12935786.974614406 4890296.996262743
12935794.3804819 4890297.990260016
12935801.786349392 4890298.984257389
12935809.192320416 4890299.976932857
12935816.598311651 4890300.969350309
12935824.00430289 4890301.96176786
12935831.410294125 4890302.954185514
12935838.81628536 4890303.946603259
12935846.222276598 4890304.93902111
12935853.628267834 4890305.931439059
12935861.03425907 4890306.923857103
12935868.440250307 4890307.916275255
12935875.846241543 4890308.908693501
12935883.252232779 4890309.9011118505
12935890.658224016 4890310.893530294
12935898.064215252 4890311.885948846
12935905.470206488 4890312.878367487
12935912.876197726 4890313.87078623
12935920.289305167 4890314.755154603
12935927.715841562 4890315.435621707
12935935.142377952 4890316.116088859
12935942.568914343 4890316.796556053
12935949.995450733 4890317.477023294
12935957.421987126 4890318.157490586
12935964.848523516 4890318.8379579205
12935972.275059907 4890319.518425305
12935979.7015963 4890320.198892734
12935987.127781622 4890320.885876681
12935994.55381456 4890321.575689235
12936001.9798475 4890322.26550184
12936009.405880438 4890322.95531449
12936016.831913376 4890323.645127192
12936024.257946316 4890324.33493994
12936031.683979254 4890325.024752737
12936039.110012192 4890325.714565581
12936046.523752421 4890326.590548582
12936053.930137953 4890327.577916763
12936061.336523484 4890328.565285044
12936068.742909016 4890329.552653423
12936076.149294548 4890330.540021901
12936083.55568008 4890331.527390475
12936090.962065611 4890332.51475915
12936098.368451143 4890333.502127925
12936105.774836676 4890334.489496795
12936113.181222206 4890335.476865765
12936120.58760774 4890336.464234835
12936127.993993271 4890337.451604003
12936135.400378803 4890338.438973269
12936142.806506978 4890339.429616464
12936150.21138589 4890340.436151529
12936157.616264807 4890341.442686692
12936165.02114372 4890342.44922196
12936172.444056831 4890343.187884288
12936179.869352907 4890343.891151029
12936187.294648984 4890344.594417812
12936194.71994506 4890345.297684648
12936202.145241136 4890346.00095154
12936209.570537211 4890346.704218471
12936216.995833289 4890347.40748546
12936224.421197074 4890348.109526658
12936231.846593034 4890348.810985433
12936239.27198899 4890349.512444255
12936246.697384948 4890350.21390313
12936254.122780906 4890350.915362052
12936261.548176866 4890351.6168210255
12936268.973572824 4890352.318280046
12936276.398968782 4890353.0197391175
12936283.824364739 4890353.72119824
12936291.249760697 4890354.422657411
12936298.675156655 4890355.124116635
12936306.100552615 4890355.825575902
12936313.525948573 4890356.527035226
12936320.950978607 4890357.235034197
12936328.37525418 4890357.95651667
12936335.799529752 4890358.677999194
12936343.223805325 4890359.399481773
12936350.648080897 4890360.120964402
12936358.07287043 4890360.833287561
12936365.498046199 4890361.538727475
12936372.92322197 4890362.244167437
12936380.348397737 4890362.949607452
12936387.773573507 4890363.655047515
12936395.198749278 4890364.36048763
12936402.624061622 4890365.0634508105
12936410.049711943 4890365.760284324
12936417.475362267 4890366.457117892
12936424.901012588 4890367.15395151
12936432.326662911 4890367.850785173
12936439.752313232 4890368.547618883
12936447.177963557 4890369.244452644
12936454.603613878 4890369.941286454
12936462.0292642 4890370.63812032
12936469.45529781 4890371.327905863
12936476.881523112 4890372.014166458
12936484.307741798 4890372.700548886
12936491.733790405 4890373.390075534
12936499.159848679 4890374.079424539
12936506.58590695 4890374.7687736
12936514.011965225 4890375.458122697
12936521.438023496 4890376.147471851
12936528.866129525 4890376.797387736
12936536.295180466 4890377.429107622
12936543.72423141 4890378.060827557
12936551.153282352 4890378.6925475225
12936558.582333293 4890379.324267534
12936566.017977148 4890379.801451261
12936573.455298053 4890380.2348646335
12936580.89370446 4890380.635954235
12936588.336117223 4890380.863343054
12936595.779467983 4890381.05006396
12936603.222903209 4890381.222791789
12936610.66757918 4890381.189973504
12936618.112255152 4890381.157155223
12936625.555801399 4890381.023411573
12936632.998017717 4890380.770857342
12936640.439627357 4890380.495272554
12936647.87746675 4890380.076562681
12936655.313439507 4890379.61160524
12936662.743599629 4890379.00263458
12936670.173759751 4890378.393663957
12936677.603919875 4890377.784693371
12936685.029015439 4890377.081766622
12936692.45092512 4890376.319736305
12936699.873983748 4890375.577187986
12936707.29735303 4890374.839907216
12936714.7220917 4890374.127182456
12936722.148605807 4890373.446294952
12936729.575119914 4890372.765407494
12936737.00811105 4890372.219816293
12936744.44854434 4890371.905171528
12936751.8910409 4890371.680652926
12936759.334851367 4890371.67767092
12936766.776428504 4890371.960646901
12936774.20989326 4890372.4638644885
12936781.619561752 4890373.392680088
12936789.01547051 4890374.506449593
12936796.372159557 4890375.982946586
12936803.688519629 4890377.780086929
12936810.974139115 4890379.775044096
12936818.18911206 4890382.172746373
12936825.334227938 4890384.906363866
12936832.382815976 4890388.04047487
12936839.362521116 4890391.427038794
12936846.277736539 4890395.03245368
12936853.030050624 4890399.130723374
12936859.663535418 4890403.553194027
12936866.192598702 4890408.229818799
12936872.563830351 4890413.269551763
12936878.796553237 4890418.593188407
12936884.729377834 4890424.477716801
12936890.585371751 4890430.49122056
12936896.148340821 4890436.961604887
12936901.463656751 4890443.783026955
12936906.568872614 4890450.869690086
12936911.311832784 4890458.3732336955
12936915.822495392 4890466.122436245
12936919.949538622 4890474.225236248
12936923.790713945 4890482.570780001
12936927.031519871 4890491.33724536
12936929.871071083 4890500.340931059
12936932.409083758 4890509.498941762
12936934.555859564 4890518.827089218
12936936.140761307 4890528.346291237
12936937.09805188 4890538.0078982245
12936937.5595457 4890547.727787381
12936937.662752697 4890557.45958038
12936937.147456765 4890567.17696957
12936936.116467139 4890576.820628892
12936934.625963483 4890586.364308492
12936932.61405099 4890595.741042404
12936930.075099733 4890604.894156413
12936927.144374438 4890613.84315978
12936923.723606749 4890622.490175954
12936920.000598341 4890630.92382008
12936915.878725734 4890639.034163052
12936911.544927571 4890646.954607198
12936906.788367502 4890654.44398345
12936901.744542964 4890661.609905044
12936896.347207902 4890668.318058325
12936890.786022902 4890674.793269319
12936885.030995991 4890680.96971844
12936879.102242205 4890686.859263949
12936872.95995879 4890692.363296424
12936866.701388484 4890697.63752216
12936860.369456585 4890702.760847107
12936853.966589155 4890707.730476622
12936847.520341298 4890712.604255362
12936841.064127237 4890717.455253133
12936834.588564591 4890722.2620212035
12936828.113001948 4890727.068791617
12936821.637439303 4890731.875564367
12936815.16187666 4890736.68233945
12936808.717604712 4890741.5600515865
12936802.299632873 4890746.497343759
12936795.889148371 4890751.4510558
12936789.533889439 4890756.525130713
12936783.240155559 4890761.728543218
12936776.984943498 4890767.011498097
12936770.76372594 4890772.362016092
12936764.584000085 4890777.79499717
12936758.451720295 4890783.31813934
12936752.39009588 4890788.974042363
12936746.368484972 4890794.7030449575
12936740.371383104 4890800.475372689
12936734.46573592 4890806.407391056
12936728.603674551 4890812.412930846
12936722.767960355 4890818.462361531
12936717.145793295 4890824.847524479
12936711.572398856 4890831.306568463
12936705.999997476 4890837.765512495
12936700.475482514 4890844.2959651435
12936694.98747119 4890850.879059719
12936689.569224985 4890857.5603049295
12936684.295712633 4890864.43650645
12936679.143320436 4890871.469052515
12936674.037843553 4890878.559510624
12936669.043979838 4890885.785274255
12936663.988596372 4890892.937100841
12936659.294912076 4890900.499645921
12936654.601445079 4890908.062444351
12936650.025002114 4890915.746475556
12936645.504041314 4890923.486667857
12936641.096988477 4890931.339080801
12936636.665607842 4890939.167911198
12936632.33407683 4890947.091824709
12936628.031610671 4890955.042857879
12936623.802481463 4890963.061083641
12936619.665458586 4890971.161231716
12936615.565220555 4890979.292858302
12936611.55529666 4890987.501761366
12936607.545372767 4890995.71067125
12936603.594632702 4891003.968457246
12936599.659593934 4891012.239215025
12936595.7884943 4891020.561486184
12936591.91878318 4891028.884882876
12936588.049072059 4891037.20828657
12936584.203632098 4891045.550799089
12936580.430526648 4891053.949708737
12936576.7233162 4891062.39857433
12936573.06822216 4891070.886538562
12936569.413128119 4891079.374510088
12936565.758034078 4891087.8624889
12936562.10294004 4891096.350475003
12936558.327297028 4891104.745605186
12936554.521972047 4891113.119762162
12936550.695289996 4891121.477226484
12936546.86384078 4891129.830970263
12936543.03239156 4891138.184721104
12936539.200942341 4891146.538479004
12936535.369493125 4891154.892243957
12936531.538043905 4891163.2460159715
12936527.707073402 4891171.60017108
12936523.87611751 4891179.954344719
12936520.045161618 4891188.308525414
12936516.214205723 4891196.662713176
12936512.385913584 4891205.01899913
12936508.557807874 4891213.375438512
12936504.729702163 4891221.731884948
12936500.901596451 4891230.08833845
12936497.111583447 4891238.474143446
12936493.34448357 4891246.877963329
12936489.57738369 4891255.28179035
12936485.804570504 4891263.681233024
12936482.023849884 4891272.074587167
12936478.239349505 4891280.465034123
12936474.454849131 4891288.855488203
12936470.668111308 4891297.244217908
12936466.87417989 4891305.627387823
12936463.085186074 4891314.01437791
12936459.312459381 4891322.41393743
12936455.518793242 4891330.797276532
12936451.757501997 4891339.204388492
12936447.959666032 4891347.584494104
12936444.172757097 4891355.973143549
12936440.385848159 4891364.361800116
12936436.59893922 4891372.750463792
12936432.79473806 4891381.125573809
12936429.022962878 4891389.525922254
12936425.228273835 4891397.908465284
12936421.459305167 4891406.310985348
12936417.6903365 4891414.71351255
12936413.92522209 4891423.11899711
12936410.177237017 4891431.537600367
12936406.428630209 4891439.955736616
12936402.67996306 4891448.373834013
12936398.931295909 4891456.791938572
12936395.216822237 4891465.2359569315
12936391.505845178 4891473.682631701
12936387.80081175 4891482.133761432
12936384.121246615 4891490.603956863
12936380.44168148 4891499.07415955
12936376.88724011 4891507.63411614
12936373.411849003 4891516.250780012
12936370.00427356 4891524.913345356
12936366.64104736 4891533.6059314655
12936363.276583541 4891542.297702344
12936359.958289046 4891551.019631989
12936356.67906839 4891559.767046967
12936353.418848315 4891568.526603979
12936350.172389474 4891577.294903132
12936346.967574613 4891586.08927901
12936343.822226148 4891594.920533716
12936340.68988677 4891603.759626593
12936337.61410286 4891612.632768639
12936334.540137405 4891621.506977134
12936331.565463977 4891630.438990033
12936328.590790544 4891639.371011006
12936325.616117114 4891648.303040043
12936322.742692018 4891657.2914903825
12936319.885414338 4891666.288945866
12936317.041827805 4891675.293703922
12936314.285452466 4891684.3449346665
12936311.52907713 4891693.396173703
12936308.863550972 4891702.493494538
12936306.240489755 4891711.612359561
12936303.61742854 4891720.731232994
12936301.06737664 4891729.885324578
12936298.542546678 4891739.05158827
12936296.087459099 4891748.249983727
12936293.669670643 4891757.465567695
12936291.25188219 4891766.681160258
12936288.894251995 4891775.9230913995
12936286.590084407 4891785.188430652
12936284.31186925 4891794.464597974
12936282.097162051 4891803.767250032
12936279.882454852 4891813.069910848
12936277.784867901 4891822.418518753
12936275.725525925 4891831.7821364235
12936273.66618395 4891841.145762963
12936271.63289404 4891850.51902247
12936269.647747982 4891859.910076078
12936267.736594753 4891869.3267748095
12936265.911737159 4891878.773381273
12936264.106057355 4891888.22614793
12936262.387050746 4891897.706723551
12936260.668044139 4891907.1873082565
12936258.949037528 4891916.667902058
12936257.25198752 4891926.15513829
12936255.622268308 4891935.662725032
12936254.018176585 4891945.17747709
12936252.541355144 4891954.727777037
12936251.064533703 4891964.278086212
12936249.671146763 4891973.849713563
12936248.296413083 4891983.426114182
12936247.004685985 4891993.022115211
12936245.737152582 4892002.623835732
12936244.474057538 4892012.226519043
12936243.33012081 4892021.85480964
12936242.18618408 4892031.483109606
12936241.042247351 4892041.1114189625
12936239.993881274 4892050.758068713
12936238.97898538 4892060.411147669
12936238.056909943 4892070.079857566
12936237.172967283 4892079.7549946075
12936236.289024625 4892089.43014112
12936235.544890063 4892099.1253223065
12936234.809175536 4892108.821719032
12936234.073461011 4892118.518125269
12936233.40211525 4892128.2223472
12936232.764161626 4892137.930628219
12936232.21553611 4892147.647757208
12936231.731187942 4892157.371255574
12936231.246839778 4892167.094763512
12936230.867238821 4892176.826073408
12936230.506706305 4892186.558811441
12936230.146173786 4892196.291559053
12936229.877927672 4892206.0291587375
12936229.642046446 4892215.768466282
12936229.483808804 4892225.510065647
12936229.385414105 4892235.253433616
12936229.287019406 4892244.996811189
12936229.268785764 4892254.740891749
12936229.268785764 4892264.485139642
12936229.268785764 4892274.229397133
12936229.402568333 4892283.971667083
12936229.572365636 4892293.713409
12936229.788119892 4892303.453400914
12936230.053677997 4892313.191495534
12936230.35063723 4892322.9278746005
12936230.70948218 4892332.660863327
12936231.101679716 4892342.391543577
12936231.532333555 4892352.119560641
12936232.018909518 4892361.842730675
12936232.573974716 4892371.55996227
12936233.175887229 4892381.2721683085
12936233.83932409 4892390.9777713
12936234.502760954 4892400.683383817
12936235.26645463 4892410.376254946
12936236.042962898 4892420.067505784
12936236.906276854 4892429.745833589
12936237.813581975 4892439.417616955
12936238.720887097 4892449.089409777
12936239.658475926 4892458.755999357
12936240.691441303 4892468.406192436
12936241.75236562 4892478.051018633
12936242.880165001 4892487.683023838
12936244.007964384 4892497.31503843
12936245.203034144 4892506.933061536
12936246.424817376 4892516.545363332
12936247.715686295 4892526.142264809
12936249.015594771 4892535.737035688
12936250.374579906 4892545.317830766
12936251.75740267 4892554.892693614
12936253.183643484 4892564.456743787
12936254.643370051 4892574.0120741585
12936256.139820501 4892583.557740105
12936257.640299896 4892593.102337094
12936259.164232068 4892602.640493835
12936260.725077383 4892612.168508736
12936262.311688729 4892621.68914396
12936263.93729803 4892631.198604988
12936265.562907333 4892640.708075167
12936267.198115714 4892650.214682167
12936268.890677478 4892659.704136488
12936270.583239242 4892669.193599921
12936272.275801007 4892678.683072458
12936273.99673553 4892688.16374244
12936275.741497498 4892697.637021464
12936277.486259466 4892707.11030957
12936279.231021434 4892716.583606753
12936280.9757834 4892726.056913015
12936282.720545368 4892735.530228355
12936284.465307336 4892745.003552772
12936286.246431168 4892754.465251511
12936288.037265897 4892763.923852093
12936289.828100625 4892773.382461725
12936291.618935354 4892782.841080408
12936293.409770083 4892792.299708137
12936295.200604815 4892801.758344923
12936296.991439544 4892811.216990758
12936298.782274272 4892820.675645645
12936300.575984435 4892830.133375505
12936302.371499619 4892839.59052807
12936304.1670148 4892849.047689671
12936305.962529985 4892858.504860327
12936307.75804517 4892867.9620400295
12936309.553560352 4892877.419228782
12936311.349075537 4892886.876426577
12936313.144590719 4892896.333633417
12936314.940105904 4892905.79084932
12936316.737107081 4892915.24759005
12936318.538329933 4892924.702964211
12936320.339552779 4892934.158347415
12936322.140775625 4892943.613739658
12936323.93894934 4892953.070132695
12936325.728264164 4892962.529416159
12936327.517578993 4892971.98870867
12936329.30689382 4892981.448010239
12936331.096208649 4892990.907320858
12936332.885523476 4893000.366640528
12936334.674838305 4893009.825969254
12936336.464153131 4893019.285307028
12936338.253467957 4893028.744653861
12936340.042782785 4893038.204009743
12936341.831462823 4893047.663580362
12936343.619853824 4893057.123253691
12936345.408244828 4893066.58293607
12936347.19663583 4893076.042627506
12936348.98502683 4893085.502327992
12936350.77341783 4893094.962037534
12936352.561808836 4893104.421756128
12936354.350199835 4893113.8814837765
12936356.13968424 4893123.340865997
12936357.930831239 4893132.799718256
12936359.721978238 4893142.258579561
12936361.513125233 4893151.717449924
