12936165.43262134 4890367.47761012
12936159.124483466 4890366.6308221575
12936152.816345593 4890365.784034267
12936146.508207722 4890364.937246447
12936140.200069847 4890364.090458699
12936133.891931973 4890363.243671024
12936127.5837941 4890362.3968834225
12936121.275656225 4890361.5500958925
12936114.967518354 4890360.703308439
12936108.65938048 4890359.856521052
12936102.351786695 4890359.002822862
12936096.044226136 4890358.14870276
12936089.736665573 4890357.294582738
12936083.42910501 4890356.440462785
12936077.121544449 4890355.586342907
12936070.813983886 4890354.732223097
12936064.506423322 4890353.87810337
12936058.198010726 4890353.034864252
12936051.889170527 4890352.197085733
12936045.580330329 4890351.359307284
12936039.27149013 4890350.521528901
12936032.962649934 4890349.683750597
12936026.653809736 4890348.845972358
12936020.344969537 4890348.008194195
12936014.036129337 4890347.170416097
12936007.727289138 4890346.332638075
12936001.421581056 4890345.4616289055
12935995.115759857 4890344.58579201
12935988.809938662 4890343.709955191
12935982.504117463 4890342.834118453
12935976.198296266 4890341.958281791
12935969.892475067 4890341.082445208
12935963.586653871 4890340.206608696
12935957.27642291 4890339.387071367
12935950.965951106 4890338.570608945
12935944.655479299 4890337.754146584
12935938.34910961 4890336.885197895
12935932.04299153 4890336.013030015
12935925.736873446 4890335.140862217
12935919.428957822 4890334.291313211
12935913.120648151 4890333.446722643
12935906.812338479 4890332.602132148
12935900.504028808 4890331.757541721
12935894.195719136 4890330.91295137
12935887.887409467 4890330.068361087
12935881.579099795 4890329.223770876
12935875.270790124 4890328.379180742
12935868.962480452 4890327.534590679
12935862.654170781 4890326.690000685
12935856.345861109 4890325.845410765
12935850.03755144 4890325.00082092
12935843.729241768 4890324.156231138
12935837.420932097 4890323.311641437
12935831.112622425 4890322.467051807
12935824.804313341 4890321.622454732
12935818.496148322 4890320.776017077
12935812.187983304 4890319.929579492
12935805.879818283 4890319.083141981
12935799.571653266 4890318.236704543
12935793.263488244 4890317.390267176
12935786.955323227 4890316.543829875
12935780.64715821 4890315.697392656
12935774.33899319 4890314.85095551
12935768.03082817 4890314.004518423
12935761.722663151 4890313.158081421
12935755.414498134 4890312.311644491
12935749.106333112 4890311.46520763
12935742.798168093 4890310.618770844
12935736.490003075 4890309.772334128
12935730.181838054 4890308.925897485
12935723.873673037 4890308.079460913
12935717.565508015 4890307.2330244165
12935711.257342998 4890306.38658799
12935704.949177979 4890305.540151636
12935698.64101296 4890304.693715354
12935692.333130239 4890303.843750146
12935686.02477124 4890302.999793331
12935679.716412243 4890302.155836591
12935673.408239 4890301.309505744
12935667.100075508 4890300.46305034
12935660.791912016 4890299.616595004
12935654.483748524 4890298.770139744
12935648.175585032 4890297.92368456
12935641.867421538 4890297.077229445
12935635.559258047 4890296.230774398
12935629.251094554 4890295.384319431
12935622.942931062 4890294.537864533
12935616.63476757 4890293.691409711
12935610.326604078 4890292.844954958
12935604.018440586 4890291.998500277
12935597.710277094 4890291.15204567
12935591.4021136 4890290.305591133
12935585.093950108 4890289.459136675
12935578.785786616 4890288.61268228
12935572.477623124 4890287.7662279615
12935566.169459632 4890286.919773719
12935559.861296138 4890286.073319546
12935553.55314989 4890285.226645402
12935547.24501239 4890284.379859762
12935540.936097383 4890283.54345107
12935534.62759567 4890282.701525414
12935528.319456233 4890281.854764661
12935522.011316797 4890281.008003976
12935515.703177359 4890280.161243363
12935509.395037923 4890279.314482826
12935503.086898485 4890278.467722362
12935496.778759051 4890277.620961963
12935490.470619611 4890276.774201646
12935484.162480177 4890275.927441392
12935477.854417764 4890275.079699809
12935471.546445508 4890274.230809586
12935465.238473253 4890273.381919433
12935458.930500997 4890272.53302936
12935452.622528743 4890271.684139356
12935446.31455649 4890270.83524942
12935440.006584235 4890269.986359566
12935433.698611977 4890269.137469781
12935427.390639724 4890268.288580068
12935421.082667468 4890267.439690429
12935414.774695214 4890266.590800862
12935408.466722958 4890265.7419113675
12935402.158706874 4890264.89357991
12935395.850678502 4890264.045404946
12935389.542650133 4890263.197230061
12935383.234621761 4890262.349055243
12935376.926593391 4890261.500880498
12935370.61856502 4890260.6527058305
12935364.31053665 4890259.8045312315
12935358.002508277 4890258.956356704
12935351.694479909 4890258.108182248
12935345.386451535 4890257.260007875
12935339.078423167 4890256.411833563
12935332.770394795 4890255.56365933
12935326.462366425 4890254.715485167
12935320.154338052 4890253.867311079
12935313.846309682 4890253.019137061
12935307.53828131 4890252.170963123
12935301.230252942 4890251.322789248
12935294.92222457 4890250.474615451
12935288.6141962 4890249.626441727
12935282.306167828 4890248.778268077
12935275.998031804 4890247.931466778
12935269.689887553 4890247.08477042
12935263.3817433 4890246.238074139
12935257.07359905 4890245.39137793
12935250.765454799 4890244.54468179
12935244.457310546 4890243.697985727
12935238.149166295 4890242.851289735
12935231.841022044 4890242.00459382
12935225.532877792 4890241.157897974
12935219.22473354 4890240.311202193
12935212.91658929 4890239.464506491
12935206.608445037 4890238.617810867
12935200.300300786 4890237.771115307
12935193.992156535 4890236.924419822
12935187.684012286 4890236.077724412
12935181.375868034 4890235.231029073
12935175.067723783 4890234.384333811
12935168.759579532 4890233.53763861
12935162.45143528 4890232.690943489
12935156.143291028 4890231.844248443
12935149.835146777 4890230.997553463
12935143.527002525 4890230.15085856
12935137.218858274 4890229.304163728
12935130.910714023 4890228.457468971
12935124.60256977 4890227.610774282
12935118.294281054 4890226.765926257
12935111.985892426 4890225.922355372
12935105.6775038 4890225.078784556
12935099.369115176 4890224.235213811
12935093.060726548 4890223.391643142
12935086.752337921 4890222.548072544
12935080.443949297 4890221.704502015
12935074.135560669 4890220.860931558
12935067.827172043 4890220.017361177
12935061.518374093 4890219.179069147
12935055.212569816 4890218.3055317765
12935048.903624414 4890217.46915194
12935042.595031394 4890216.628203422
12935036.286438378 4890215.787254972
12935029.977845361 4890214.946306592
12935023.669252343 4890214.105358289
12935017.360659327 4890213.264410052
12935011.05206631 4890212.42346189
12935004.743473291 4890211.582513799
12934998.434880275 4890210.741565778
12934992.1261781 4890209.902022162
12934985.817397527 4890209.063487178
12934979.508616958 4890208.224952266
12934973.19983639 4890207.38641742
12934966.891055817 4890206.54788265
12934960.582275247 4890205.709347949
12934954.273494678 4890204.8708133185
12934947.964714106 4890204.032278761
12934941.65506236 4890203.205113564
12934935.345574405 4890202.375743573
12934929.036086448 4890201.546373638
12934922.72659849 4890200.71700378
12934916.417688502 4890199.880160615
12934910.109154945 4890199.038450085
12934903.800621388 4890198.19673963
12934897.49208783 4890197.355029242
12934891.183554273 4890196.513318924
12934884.875020718 4890195.671608681
12934878.566487161 4890194.829898513
12934872.257953605 4890193.988188408
12934865.949420046 4890193.146478385
12934859.64088649 4890192.304768424
12934853.332352934 4890191.463058542
12934847.023819378 4890190.621348724
12934840.715602003 4890189.775592757
12934834.40745107 4890188.928986632
12934828.099300139 4890188.08238058
12934821.791149206 4890187.235774596
12934815.48299827 4890186.389168689
12934809.17484734 4890185.542562848
12934802.866696406 4890184.695957084
12934796.558545472 4890183.849351396
12934790.25039454 4890183.002745777
12934783.942243608 4890182.15614023
12934777.634092676 4890181.309534757
12934771.325941743 4890180.462929351
12934765.017790811 4890179.616324022
12934758.709639877 4890178.769718768
12934752.401488943 4890177.923113581
12934746.09333801 4890177.076508473
12934739.785187077 4890176.229903431
12934733.477036145 4890175.383298462
12934727.168885212 4890174.536693569
12934720.860383015 4890173.694588312
12934714.551721267 4890172.854526903
12934708.243059523 4890172.014465566
12934701.934452 4890171.173711227
12934695.626582125 4890170.323528136
12934689.318712251 4890169.473345121
12934683.010842374 4890168.623162176
12934676.702656647 4890167.77700292
12934670.39443925 4890166.931247174
12934664.086221853 4890166.085491496
12934657.778004456 4890165.239735892
12934651.469787057 4890164.393980359
12934645.161569659 4890163.548224902
12934638.85335226 4890162.702469513
12934632.545134865 4890161.856714202
12934626.236917466 4890161.0109589575
12934619.929128705 4890160.1597481575
12934613.621372674 4890159.3081208225
12934607.313616645 4890158.456493557
12934601.005860616 4890157.604866372
12934594.698104583 4890156.753239258
12934588.390348554 4890155.901612216
12934582.082592525 4890155.049985249
12934575.774836496 4890154.198358353
12934569.46705766 4890153.347020859
12934563.159262624 4890152.4958889745
12934556.85146759 4890151.644757163
12934550.543672554 4890150.793625425
12934544.23587752 4890149.94249376
12934537.928082485 4890149.091362168
12934531.62028745 4890148.240230651
12934525.312492415 4890147.38909921
12934519.00469738 4890146.537967837
12934512.696902344 4890145.686836539
12934506.389107313 4890144.835705314
12934500.081312275 4890143.9845741615
12934493.764403267 4890143.345147992
12934487.429048333 4890142.999162176
12934481.094452035 4890142.619430771
12934474.759855729 4890142.23969938
12934468.42624513 4890141.832939886
12934462.092827484 4890141.420945949
12934455.761300337 4890140.961888066
12934449.430202037 4890140.492777502
12934443.09910374 4890140.023666968
12934436.76800544 4890139.554556448
12934430.436907142 4890139.085445957
12934424.1169797 4890138.413998766
12934417.80010032 4890137.687342327
12934411.483210444 4890136.960843447
12934405.165530613 4890136.246202951
12934398.847850783 4890135.531562505
12934392.526261862 4890134.881816951
12934386.201044168 4890134.292312665
12934379.875826476 4890133.702808421
12934373.550608784 4890133.113304205
12934367.225391088 4890132.523800024
12934360.900252989 4890131.932835351
12934354.575118046 4890131.341812755
12934348.249983104 4890130.750790193
12934341.924848162 4890130.159767664
12934335.599713223 4890129.568745173
12934329.274578277 4890128.9777227165
12934322.949443338 4890128.3867003
12934316.624308392 4890127.795677913
12934310.299155219 4890127.204990944
12934303.97378746 4890126.6182509195
12934297.6484197 4890126.031510925
12934291.323051943 4890125.444770969
12934284.997684184 4890124.8580310475
12934278.672316426 4890124.271291161
12934272.346948668 4890123.684551311
12934266.02158091 4890123.097811491
12934259.696213152 4890122.51107171
12934253.370845394 4890121.924331964
12934247.045477636 4890121.337592249
12934240.720109876 4890120.750852573
12934234.394742118 4890120.164112926
12934228.069266163 4890119.579375817
12934221.74373823 4890118.995600756
12934215.418210298 4890118.411825738
12934209.092682362 4890117.828050747
12934202.767154425 4890117.244275789
12934196.441626493 4890116.660500869
12934190.11609856 4890116.076725984
12934183.790570624 4890115.49295113
12934177.46504269 4890114.909176311
12934171.139514755 4890114.325401525
12934164.814270917 4890113.736399642
12934158.48927767 4890113.1427870765
12934152.164284423 4890112.549174539
12934145.839291176 4890111.955562043
12934139.51429793 4890111.361949577
12934133.189304683 4890110.768337149
12934126.864311436 4890110.174724753
12934120.539318187 4890109.581112402
12934114.214299677 4890108.98796194
12934107.889180629 4890108.396649527
12934101.564061578 4890107.80533715
12934095.23894253 4890107.214024808
12934088.91382348 4890106.622712501
12934082.58870443 4890106.031400229
12934076.263585381 4890105.440087994
12934069.938466331 4890104.84877579
12934063.613347284 4890104.257463621
12934057.288228234 4890103.666151495
12934050.963109184 4890103.074839401
12934044.637990136 4890102.483527343
12934038.312871085 4890101.892215314
12934031.987752037 4890101.300903326
12934025.662632987 4890100.709591369
12934019.337513937 4890100.118279456
12934013.012394888 4890099.526967572
12934006.687275838 4890098.9356557205
12934000.362204146 4890098.343483344
12933994.037602631 4890097.742766938
12933987.713001113 4890097.142050563
12933981.388399595 4890096.541334227
12933975.063798077 4890095.940617924
12933968.739196563 4890095.339901662
12933962.414595045 4890094.739185436
12933956.089967621 4890094.138937073
12933949.765384974 4890093.537889737
12933943.441065285 4890092.932113946
12933937.116745597 4890092.3263381915
12933930.792425904 4890091.720562475
12933924.467924075 4890091.118085572
12933918.142746096 4890090.527854696
12933911.817568114 4890089.9376238575
12933905.492390135 4890089.347393049
12933899.167212153 4890088.7571622785
12933892.842799248 4890088.153093953
12933886.518570622 4890087.545692661
12933880.196195884 4890086.908105273
12933873.874380374 4890086.259111504
12933867.552564861 4890085.610117786
12933861.23074935 4890084.9611241
12933854.908933839 4890084.312130462
12933848.59019951 4890083.613796873
12933842.271738939 4890082.9110795595
12933835.95327837 4890082.208362295
12933829.636477884 4890081.481098963
12933823.321914928 4890080.720751434
12933817.00735197 4890079.960403966
12933810.69304241 4890079.19650859
12933804.380168982 4890078.412505161
12933798.067295551 4890077.62850179
12933791.758154612 4890076.794939737
12933785.449781116 4890075.951187934
12933779.141407615 4890075.107436211
12933772.833545547 4890074.257425115
12933766.531453062 4890073.336799907
12933760.229360573 4890072.416174781
12933753.927268084 4890071.495549739
12933747.626030093 4890070.565084846
12933741.326771487 4890069.611826456
12933735.027512882 4890068.658568159
12933728.73059113 4890067.679415006
12933722.434927054 4890066.6863255855
12933716.139262976 4890065.693236257
12933709.844510123 4890064.690552257
12933703.554601287 4890063.636863084
12933697.264692452 4890062.583174018
12933690.978669485 4890061.490538062
12933684.692872507 4890060.395637192
12933678.407075532 4890059.300736441
12933672.12348232 4890058.184692313
12933665.843211513 4890057.036772302
12933659.562940706 4890055.88885242
12933653.286555529 4890054.7053923085
12933647.012590067 4890053.499875285
12933640.738624604 4890052.294358408
12933634.464659143 4890051.08884168
12933628.19474657 4890049.847982089
12933621.926720476 4890048.590671739
12933615.65869438 4890047.333361552
12933609.393139988 4890046.055243157
12933603.129206678 4890044.763477626
12933596.865273368 4890043.4717122605
12933590.603383692 4890042.163430922
12933584.348003546 4890040.80254142
12933578.092623401 4890039.441652102
12933571.838508062 4890038.070957492
12933565.58834889 4890036.669592772
12933559.33818972 4890035.268228246
12933553.090857225 4890033.845723314
12933546.848400537 4890032.386752644
12933540.605943847 4890030.927782193
12933534.363487162 4890029.468811949
12933528.128020639 4890027.959535265
12933521.892653815 4890026.4495413015
12933515.657286994 4890024.939547568
12933509.42192017 4890023.429554068
12933503.186553346 4890021.9195608
12933496.9586675 4890020.357977417
12933490.734024405 4890018.774031623
12933484.509381307 4890017.190086089
12933478.28894873 4890015.578366078
12933472.073614934 4890013.933012174
12933465.858281136 4890012.287658546
12933459.644646978 4890010.631508334
12933453.438397301 4890008.92844894
12933447.232147625 4890007.225389838
12933441.025897948 4890005.522331031
12933434.819648271 4890003.819272518
12933428.613398591 4890002.116214292
12933422.418973632 4890000.341104965
12933416.22561107 4889998.559522433
12933410.032248508 4889996.77794023
12933403.841709308 4889994.979833514
12933397.658245044 4889993.14031833
12933391.47478078 4889991.300803492
12933385.290391162 4889989.4666942265
12933379.102523495 4889987.653356684
12933372.930199167 4889985.750856254
12933366.75787484 4889983.848356188
12933360.588882586 4889981.927580332
12933354.425005788 4889979.978747005
12933348.261128984 4889978.029914062
12933342.097252183 4889976.081081502
12933335.936834505 4889974.11376037
12933329.782098863 4889972.11606924
12933323.627363218 4889970.118378512
12933317.480565416 4889968.079335723
12933311.334991958 4889966.033915071
12933305.189418502 4889963.988494841
12933299.05109607 4889961.906259506
12933292.915586546 4889959.809742702
12933286.78007702 4889957.713226338
12933280.645968216 4889955.609814863
12933274.52474808 4889953.442954553
12933268.403527943 4889951.276094717
12933262.282291928 4889949.109312176
12933256.16089344 4889946.9433162315
12933250.039494948 4889944.777320766
12933243.934367888 4889942.534250075
12933237.831356885 4889940.281156391
12933231.728345884 4889938.028063221
12933225.625334883 4889935.774970565
12933219.529532025 4889933.489025227
12933213.44266043 4889931.162373631
12933207.355788834 4889928.8357225815
12933201.268917242 4889926.509072077
12933195.182045648 4889924.182422118
12933189.095174054 4889921.855772714
12933183.021382546 4889919.471766595
12933176.955556318 4889917.05283266
12933170.88973009 4889914.633899323
12933164.823903862 4889912.214966576
12933158.760267634 4889909.786710812
12933152.703371858 4889907.329759107
12933146.652289283 4889904.84856639
12933140.608566584 4889902.336682892
12933134.564843886 4889899.824800036
12933128.521121189 4889897.3129178155
12933122.47739849 4889894.801036237
12933116.446044307 4889892.239073495
12933110.421983298 4889889.647580395
12933104.399889413 4889887.048307061
12933098.383282728 4889884.427329926
12933092.366676042 4889881.806353491
12933086.361395022 4889879.14133281
12933080.35781503 4889876.469697641
12933074.354235036 4889873.7980631925
12933068.350655045 4889871.1264294665
12933062.347075053 4889868.454796467
12933056.35830807 4889865.727081923
12933050.375334878 4889862.977432768
12933044.392361686 4889860.227784378
12933038.41184748 4889857.469073299
12933032.443263978 4889854.666388161
12933026.474680481 4889851.863703809
12933020.51281076 4889849.036872353
12933014.56328676 4889846.165637008
12933008.61376276 4889843.294402493
12933002.664238762 4889840.423168814
12932996.714714766 4889837.551935969
12932990.777245147 4889834.638545057
12932984.848621586 4889831.694216903
12932978.919998024 4889828.749889629
12932972.991374461 4889825.805563222
12932967.062750896 4889822.8612377
12932961.144781096 4889819.880703322
12932955.237965107 4889816.862260567
12932949.331149118 4889813.843818738
12932943.424333127 4889810.825377829
12932937.517517138 4889807.806937843
12932931.610701146 4889804.788498779
12932925.71728266 4889801.725576267
12932919.824925555 4889798.659130564
12932913.932568448 4889795.592685812
12932908.04021134 4889792.52624201
12932902.147854233 4889789.4597991565
12932896.255497124 4889786.3933572555
12932890.363140019 4889783.326916308
12932884.47078291 4889780.260476306
12932878.578425804 4889777.194037259
12932872.686068697 4889774.127599163
12932866.793711592 4889771.061162018
12932860.901354482 4889767.994725823
12932854.982705764 4889765.016325668
12932849.06277673 4889762.042213437
12932843.142847694 4889759.0681021
12932837.215050384 4889756.121393706
12932831.263196375 4889753.258466039
12932825.311342366 4889750.395539202
12932819.340693023 4889747.60092914
12932813.360077715 4889744.842543461
12932807.379462404 4889742.084158553
12932801.365519492 4889739.453962806
12932795.34019095 4889736.867560451
12932789.31486241 4889734.2811587695
12932783.2497146 4889731.859914666
12932777.180993862 4889729.453490451
12932771.107341371 4889727.069234601
12932764.999814572 4889724.837241406
12932758.892287768 4889722.605248718
12932752.774076479 4889720.424146628
12932746.649371743 4889718.274708453
12932740.500835747 4889716.244642017
12932734.340524854 4889714.277837273
12932728.167226203 4889712.380810304
12932721.989837365 4889710.50702594
12932715.804228539 4889708.679951527
12932709.605438804 4889706.93323875
12932703.391654471 4889705.277945293
12932697.177152567 4889703.627481375
12932690.942076394 4889702.115483205
12932684.707000224 4889700.60348526
12932678.457221666 4889699.199376375
12932672.20280181 4889697.831286038
12932665.943345282 4889696.503599677
12932659.671765905 4889695.277050563
12932653.399391117 4889694.057720288
12932647.118471088 4889692.915941101
12932640.826963697 4889691.879768143
12932634.533509988 4889690.863009322
12932628.23459725 4889689.908601811
12932621.92847863 4889689.036497662
12932615.622360008 4889688.164393586
12932609.30789649 4889687.404068896
12932602.990211539 4889686.6903268
12932596.669479538 4889686.024080426
12932590.342854876 4889685.461049396
12932584.01505161 4889684.922423447
12932577.68459113 4889684.438819952
12932571.351253051 4889684.026894198
12932565.016886473 4889683.640846572
12932558.678156218 4889683.408994818
12932552.338411104 4889683.228874917
12932545.998665987 4889683.048755019
12932539.658577498 4889682.890981904
12932533.318153737 4889682.775615128
12932526.976914464 4889682.775615128
12932520.635961533 4889682.851839595
12932514.296248272 4889683.030527448
12932507.956690846 4889683.221624278
12932501.617819669 4889683.444855636
12932495.27999999 4889683.717325083
12932488.9444934 4889684.06970882
12932482.611422682 4889684.484796259
12932476.281639505 4889684.983348981
12932469.953334345 4889685.510806959
12932463.629216565 4889686.12015659
12932457.307768703 4889686.773018707
12932450.990780637 4889687.497901955
12932444.675741095 4889688.251411104
12932438.369158419 4889689.11494865
12932432.065927368 4889690.02209274
12932425.767572483 4889690.985427896
12932419.47400391 4889691.9995738035
12932413.185827972 4889693.070787715
12932406.903313724 4889694.1954022
12932400.630269177 4889695.409007002
12932394.36513542 4889696.689069423
12932388.112343648 4889698.070129837
12932381.859551875 4889699.451190447
12932375.608793415 4889700.8476652745
12932369.377293011 4889702.384697244
12932363.145792605 4889703.921729457
12932356.924840996 4889705.530026748
12932350.713168005 4889707.198094923
12932344.509013444 4889708.91412402
12932338.32734861 4889710.7621344775
12932332.158912038 4889712.686033659
12932325.990899142 4889714.61227595
12932319.826580912 4889716.558598373
12932313.668406593 4889718.53729216
12932307.53571731 4889720.647839999
12932301.41581287 4889722.820400412
12932295.304031942 4889725.0323639
12932289.21071997 4889727.328168845
12932283.136914311 4889729.712524463
12932277.078773009 4889732.164148504
12932271.02093757 4889734.617086643
12932264.97159429 4889737.104934475
12932258.94486818 4889739.685754704
12932252.939216763 4889742.349369077
12932246.96231157 4889745.120898509
12932240.992617706 4889747.919500305
12932235.025801709 4889750.728406106
12932229.08397893 4889753.626792228
12932223.172568668 4889756.628436108
12932217.281132761 4889759.697898074
12932211.390623279 4889762.770349166
12932205.530119233 4889765.939583654
12932199.685597418 4889769.15845043
12932193.86762481 4889772.458852347
12932188.070691414 4889775.822333919
12932182.290138219 4889779.233145098
12932176.53451296 4889782.715983499
12932170.810481481 4889786.286659414
12932165.091399556 4889789.871097242
12932159.412433328 4889793.562788992
12932153.751776049 4889797.30231224
12932148.119447496 4889801.114721786
12932142.511790223 4889804.988183213
12932136.933143632 4889808.933434701
12932131.371218035 4889812.918663383
12932125.836228093 4889816.967394559
12932120.346604029 4889821.120976479
12932114.87692749 4889825.318851316
12932109.44804803 4889829.606788049
12932104.052765844 4889833.966911977
12932098.65748366 4889838.327037834
12932093.31965914 4889842.80661325
12932088.003313063 4889847.329576211
12932082.7446762 4889851.966566621
12932077.493816061 4889856.6188183045
12932072.28485458 4889861.351048618
12932067.12164671 4889866.168316881
12932061.969328038 4889871.005444523
12932056.853905557 4889875.909032176
12932051.800428195 4889880.921654888
12932046.760265883 4889885.956899535
12932041.766784098 4889891.0714468835
12932036.79905618 4889896.228688518
12932031.906601083 4889901.506675885
12932027.054090267 4889906.848531488
12932022.211807162 4889912.205981955
12932017.44137422 4889917.672969712
12932012.717064299 4889923.208002112
12932008.035096757 4889928.804417204
12932003.365488691 4889934.418292267
12931998.769406505 4889940.134900671
12931994.234697472 4889945.935254519
12931989.754643423 4889951.807785792
12931985.280982563 4889957.688763004
12931980.820650835 4889963.586803552
12931976.426715694 4889969.569828072
12931972.110638173 4889975.64873809
12931967.813300703 4889981.750730288
12931963.558969233 4889987.903874383
12931959.326502154 4889994.083026191
12931955.138864856 4890000.313889736
12931950.988791527 4890006.5880052475
12931946.85729459 4890012.883097994
12931942.725797653 4890019.178194749
12931938.594300715 4890025.473295502
12931934.462803777 4890031.768400271
12931930.339880781 4890038.073120503
12931926.2204423 4890044.381750932
12931922.101003822 4890050.690385376
12931917.967418157 4890056.983128686
12931913.830444297 4890063.272091154
12931909.693470435 4890069.561057622
12931905.556496577 4890075.850028087
12931901.419522718 4890082.139002551
12931897.274325572 4890088.418643961
12931893.09948674 4890094.664627509
12931888.877277141 4890100.855840447
12931884.656384774 4890107.048605711
12931880.366173768 4890113.159067021
12931876.003629733 4890119.18138962
12931871.622252502 4890125.180116966
12931867.21357119 4890131.144634581
12931862.804889878 4890137.109155798
12931858.38190525 4890143.055508735
12931853.870274028 4890148.886626309
12931849.355029503 4890154.7130468525
12931844.83978498 4890160.539470833
12931840.315573547 4890166.353974233
12931835.791272912 4890172.168362435
12931831.266972277 4890177.982754058
12931826.74267164 4890183.797149098
12931822.214475833 4890189.606328317
12931817.665532136 4890195.387710288
12931813.112941377 4890201.164168271
12931808.552390212 4890206.929875797
12931803.944959434 4890212.631152606
12931799.320662739 4890218.309253237
12931794.696366042 4890223.987357132
12931790.072069349 4890229.665464287
12931785.450722357 4890235.34743957
12931780.810501054 4890241.003244672
12931776.163953494 4890246.650169153
12931771.51282316 4890252.290582044
12931766.828508172 4890257.88382334
12931762.144193185 4890263.477067793
12931757.440941103 4890269.043029498
12931752.736902632 4890274.607861252
12931748.032864163 4890280.172696138
12931743.300667498 4890285.696209328
12931738.53777957 4890291.174650038
12931733.759193964 4890296.629641243
12931728.980608357 4890302.084635456
12931724.202022754 4890307.539632677
12931719.42343715 4890312.99463291
12931714.613059439 4890318.401557341
12931709.801356291 4890323.806480297
12931704.982116792 4890329.199872483
12931700.1542684 4890334.580088417
12931695.321111165 4890339.952139573
12931690.487953927 4890345.324193646
12931685.640641933 4890350.674225881
12931680.767765813 4890355.984483275
12931675.872231955 4890361.2588541
12931670.96785177 4890366.519215329
12931666.063471586 4890371.77957935
12931661.144112112 4890377.015839154
12931656.208596937 4890382.226101418
12931651.244811693 4890387.390044635
12931646.270596158 4890392.536900038
12931641.29638062 4890397.683758118
12931636.322165087 4890402.830618873
12931631.32883508 4890407.945428344
12931626.304872084 4890413.008870498
12931621.280909091 4890418.072315256
12931616.256946098 4890423.1357625965
12931611.222193072 4890428.180779357
12931606.183610102 4890433.219252835
12931601.160841431 4890438.284736657
12931596.162556577 4890443.391027531
12931591.068549331 4890448.329132907
12931585.91461601 4890453.163723165
12931580.760682689 4890457.998315782
12931575.581937926 4890462.787089349
12931570.388141055 4890467.548067214
12931565.194344182 4890472.309047371
12931560.000547314 4890477.070029821
12931554.793889599 4890481.806771707
12931549.569758592 4890486.510578484
12931544.34562759 4890491.214387492
12931539.121496584 4890495.918198742
12931533.894698406 4890500.616887176
12931528.636569506 4890505.255374976
12931523.378440611 4890509.893864954
12931518.092094379 4890514.476957016
12931512.795451704 4890519.039765302
12931507.475732803 4890523.5563934315
12931502.160616431 4890528.082287991
12931496.847461818 4890532.612133425
12931491.512257926 4890537.097240552
12931486.16719785 4890541.562341058
12931480.78613169 4890545.952760095
12931475.405065525 4890550.343181085
12931470.01170027 4890554.707645569
12931464.614117185 4890559.063209822
12931459.216534104 4890563.418775995
12931453.818951022 4890567.774344092
12931448.40548262 4890572.095965149
12931442.98490452 4890576.4022921035
12931437.530730741 4890580.635412625
12931432.06624168 4890584.8455257155
12931426.581673848 4890589.01085292
12931421.097106017 4890593.176181877
12931415.612538185 4890597.341512596
12931410.119467746 4890601.487572869
12931404.62076918 4890605.620878031
12931399.105623119 4890609.716073559
12931393.54551892 4890613.706154779
12931387.99049137 4890617.708345252
12931382.430913957 4890621.699390869
12931376.838351782 4890625.611059467
12931371.258401148 4890629.553388915
12931365.667850558 4890633.468757514
12931360.053896828 4890637.326446663
12931354.450666526 4890641.210055734
12931348.826576542 4890645.043361706
12931343.189149356 4890648.842952209
12931337.55871385 4890652.660467522
12931331.911071915 4890656.433156264
12931326.269231169 4890660.221666605
12931320.609026853 4890663.962879112
12931314.936345475 4890667.670856148
12931309.239043297 4890671.313807612
12931303.555358486 4890674.993100597
12931297.845135972 4890678.601584219
12931292.134040406 4890682.2079652855
12931286.414895378 4890685.791835895
12931280.679039631 4890689.3300291635
12931274.94070653 4890692.861097395
12931269.215787368 4890696.429797687
12931263.463502506 4890699.921908398
12931257.712435871 4890703.416251638
12931251.954184635 4890706.891311952
12931246.180596802 4890710.322498363
12931240.419966796 4890713.791174724
12931234.635376878 4890717.188796188
12931228.826569144 4890720.513816855
12931223.018604707 4890723.844672393
12931217.181257455 4890727.086111602
12931211.334180143 4890730.297765127
12931205.480424764 4890733.48669417
12931199.616057886 4890736.642616876
12931193.735086493 4890739.746098308
12931187.857401896 4890742.860175238
12931181.956820374 4890745.899689323
12931176.048075233 4890748.911797318
12931170.140218316 4890751.925531354
12931164.225341056 4890754.915490711
12931158.304010574 4890757.885066676
12931152.365330214 4890760.794618148
12931146.427701563 4890763.7072115
12931140.478552366 4890766.579226131
12931134.518288793 4890769.412325024
12931128.560715148 4890772.254661478
12931122.622815708 4890775.166798358
12931116.676761834 4890778.049623134
12931110.724448143 4890780.911203021
12931104.771755945 4890783.771442408
12931098.81906375 4890786.631682619
12931092.864025984 4890789.483538083
12931086.906329034 4890792.32587767
12931080.948632084 4890795.16821808
12931074.9882434 4890798.000816273
12931069.019118179 4890800.80179239
12931063.049992956 4890803.602769305
12931057.080867734 4890806.403747009
12931051.111742513 4890809.204725508
12931045.140109362 4890811.996463632
12931039.158182578 4890814.750272764
12931033.16332125 4890817.454929916
12931027.15418867 4890820.105355393
12931021.141924018 4890822.74353569
12931015.124429438 4890825.361268499
12931009.106934857 4890827.979002004
12931003.089440277 4890830.596736194
12930997.066611484 4890833.193263734
12930991.037542446 4890835.764982444
12930984.99936622 4890838.299680571
12930978.956222309 4890840.814185428
12930972.902686419 4890843.285196377
12930966.841420451 4890845.723854485
12930960.780154485 4890848.1625132
12930954.71888852 4890850.601172515
12930948.651038634 4890853.011423236
12930942.575838191 4890855.3899573255
12930936.494867105 4890857.742915929
12930930.406836053 4890860.064584634
12930924.318805004 4890862.386253884
12930918.230773952 4890864.707923686
12930912.142742902 4890867.029594026
12930906.046009565 4890869.311410193
12930899.93982761 4890871.54995409
12930893.832850361 4890873.784747698
12930887.718353555 4890875.984077518
12930881.591890667 4890878.125469438
12930875.463348515 4890880.25679429
12930869.334806366 4890882.388119592
12930863.204324264 4890884.509857773
12930857.072944446 4890886.627159731
12930850.925536834 4890888.6627678145
12930844.773154587 4890890.673020397
12930838.617083255 4890892.663717335
12930832.456697676 4890894.631544622
12930826.2963121 4890896.599372297
12930820.135926519 4890898.567200369
12930813.97554094 4890900.535028835
12930807.811837163 4890902.484978841
12930801.648067996 4890904.43457691
12930795.471173808 4890906.311296859
12930789.290350778 4890908.166064048
12930783.098460203 4890909.956551239
12930776.906569626 4890911.747038757
12930770.714679047 4890913.537526598
12930764.522396764 4890915.325673956
12930758.325434191 4890917.08585272
12930752.12847162 4890918.846031799
12930745.917025793 4890920.516043725
12930739.703086296 4890922.170542421
12930733.48974042 4890923.8288557315
12930727.276394542 4890925.487169319
12930721.063048664 4890927.145483185
12930714.842698881 4890928.757840686
12930708.6186528 4890930.345944915
12930702.383354226 4890931.856530257
12930696.147896107 4890933.3660167195
12930689.910956226 4890934.864898375
12930683.670815732 4890936.3408733485
12930677.430675242 4890937.816848548
12930671.19053475 4890939.292823967
12930664.95039426 4890940.768799604
12930658.700117236 4890942.169217603
12930652.447951429 4890943.555196288
12930646.191539465 4890944.90806269
12930639.935127502 4890946.260929283
12930633.678715536 4890947.613796063
12930627.422303574 4890948.966663018
12930621.158923697 4890950.262952241
12930614.894542439 4890951.551110649
12930608.627203278 4890952.813841044
12930602.353702527 4890954.023602337
12930596.080201775 4890955.233363784
12930589.799314978 4890956.375403863
12930583.517714776 4890957.510902988
12930577.236114576 4890958.64640224
12930570.954514373 4890959.781901616
12930564.667760298 4890960.866929703
12930558.378758857 4890961.929949656
12930552.089757416 4890962.992969735
12930545.797898198 4890964.0263534505
12930539.504270835 4890965.041400776
12930533.209911585 4890966.048518697
12930526.912619608 4890967.023862267
12930520.613224903 4890967.975046932
12930514.309642177 4890968.878113887
12930508.006059453 4890969.781180932
12930501.702476727 4890970.684248052
12930495.398621785 4890971.584013506
12930489.092928035 4890972.46147601
12930482.787234286 4890973.338938588
12930476.476532238 4890974.1517130425
12930470.16399137 4890974.940059892
12930463.84695399 4890975.66442182
12930457.529916612 4890976.388783803
12930451.212879233 4890977.113145837
12930444.895303728 4890977.829260577
12930438.575880315 4890978.51705422
12930432.256243365 4890979.20126247
12930425.931708077 4890979.803225402
12930419.607172789 4890980.4051883705
12930413.281762639 4890980.991052292
12930406.955787253 4890981.566514828
12930400.62981187 4890982.141977394
12930394.303836484 4890982.717439999
12930387.976882583 4890983.272847406
12930381.646356143 4890983.755033528
12930375.31542214 4890984.227699506
12930368.983357804 4890984.673962064
12930362.650672825 4890985.104158506
12930356.316503614 4890985.495933523
12930349.982334407 4890985.887708557
12930343.648165196 4890986.279483601
12930337.313746184 4890986.663964514
12930330.978193535 4890987.0153436875
12930324.64258578 4890987.3648228515
12930318.30490823 4890987.642932006
12930311.96723068 4890987.921041163
12930305.628761563 4890988.16569471
12930299.290077742 4890988.401273485
12930292.951393919 4890988.63685227
12930286.612710094 4890988.872431056
12930280.273652678 4890989.090029376
12930273.934296075 4890989.2906199135
12930267.594193263 4890989.447729914
12930261.254090447 4890989.60483992
12930254.913664581 4890989.737057145
12930248.57314177 4890989.861804431
12930242.232618961 4890989.986551716
12930235.892096154 4890990.111299003
12930229.551573344 4890990.23604629
12930223.21092425 4890990.347237865
12930216.869962165 4890990.4248320805
12930210.529000081 4890990.5024263
12930204.187958673 4890990.561429675
12930197.846729876 4890990.576513916
12930191.50550108 4890990.591598159
12930185.164272279 4890990.6066824
12930178.823043482 4890990.621766639
12930172.481815074 4890990.637126377
12930166.140587162 4890990.6528364485
12930159.799359253 4890990.668546527
12930153.45813019 4890990.683386781
12930147.116898796 4890990.696469577
12930140.775667403 4890990.709552364
12930134.434436008 4890990.722635155
12930128.093204616 4890990.735717946
12930121.751973223 4890990.748800738
12930115.410736272 4890990.75410554
12930109.069497272 4890990.75654519
12930102.728258273 4890990.75898483
12930096.387019275 4890990.761424474
12930090.045780275 4890990.76386412
12930083.704541275 4890990.766303769
12930077.363302276 4890990.768743415
12930071.02206328 4890990.771183057
12930064.68082428 4890990.773622701
12930058.33958528 4890990.776062347
12930051.99834628 4890990.778501996
12930045.657107282 4890990.780941641
12930039.315868283 4890990.783381283
12930032.974629283 4890990.7858209275
12930026.633390287 4890990.788260573
12930020.292294497 4890990.836144624
12930013.951171586 4890990.874434603
12930007.609934825 4890990.879029324
12930001.268702043 4890990.89090179
12929994.92746926 4890990.902774256
12929988.58623452 4890990.911068193
12929982.244995244 4890990.911068193
12929975.903755972 4890990.911068193
12929969.5625167 4890990.911068193
12929963.221277425 4890990.911068193
12929956.880038153 4890990.911068193
12929950.53879888 4890990.911068193
12929944.197559608 4890990.911068193
12929937.856320333 4890990.911068193
12929931.515081061 4890990.911068193
12929925.173847523 4890990.903025074
12929918.832619293 4890990.887538024
12929912.49139106 4890990.872050973
12929906.15016283 4890990.856563926
12929899.8089346 4890990.841076875
