12985923.862191621 4839174.415459345
12985921.609913554 4839172.156467399
12985919.357635485 4839169.897475972
12985917.105357416 4839167.638485057
12985914.853079345 4839165.37949465
12985912.600801278 4839163.120504758
12985910.348523209 4839160.861515377
12985908.09624514 4839158.602526507
12985905.843967073 4839156.34353815
12985903.591689002 4839154.084550306
12985901.339410933 4839151.825562977
12985899.087132862 4839149.566576158
12985896.834854793 4839147.30758985
12985894.582576726 4839145.048604054
12985892.330298657 4839142.789618773
12985890.077800348 4839140.53100636
12985887.82472593 4839138.273368486
12985885.57165151 4839136.015731123
12985883.318577094 4839133.758094272
12985881.065502675 4839131.500457932
12985878.81242826 4839129.242822104
12985876.559353841 4839126.985186787
12985874.306279423 4839124.727551986
12985872.053205006 4839122.469917694
12985869.79999733 4839120.212509352
12985867.546675395 4839117.955294816
12985865.293353464 4839115.698080786
12985863.040031532 4839113.440867273
12985860.7867096 4839111.183654266
12985858.533387668 4839108.926441779
12985856.280065736 4839106.669229801
12985854.026743803 4839104.41201833
12985851.77342187 4839102.154807369
12985849.520099936 4839099.897596925
12985847.266778005 4839097.640386991
12985845.013456075 4839095.383177565
12985842.76013414 4839093.125968658
12985840.50681221 4839090.868760257
12985838.253490277 4839088.611552365
12985836.000168344 4839086.354344985
12985833.746846411 4839084.0971381245
12985831.49352448 4839081.839931773
12985829.240202546 4839079.582725928
12985826.986880615 4839077.3255205965
12985824.73355868 4839075.068315776
12985822.48023675 4839072.811111472
12985820.226914816 4839070.553907673
12985817.973592885 4839068.296704388
12985815.720270954 4839066.039501616
12985813.46694902 4839063.782299351
12985811.213627089 4839061.525097603
12985808.960305156 4839059.267896362
12985806.706983222 4839057.010695638
12985804.45366129 4839054.75349542
12985802.20033936 4839052.496295712
12985799.947017426 4839050.239096524
12985797.693695495 4839047.98189784
12985795.44037356 4839045.724699668
12985793.18705163 4839043.467502011
12985790.933729697 4839041.210304864
12985788.680574365 4839038.95282651
12985786.42823703 4839036.693965443
12985784.175899694 4839034.435104892
12985781.923562359 4839032.17624485
12985779.671225023 4839029.917385318
12985777.41888769 4839027.6585263
12985775.166550353 4839025.3996677995
12985772.914213018 4839023.140809808
12985770.661875682 4839020.881952328
12985768.40953835 4839018.6230953615
12985766.156905351 4839016.364738766
12985763.903535955 4839014.107628673
12985761.64856308 4839011.8532342855
12985759.39359021 4839009.598840408
12985757.138617339 4839007.344447036
12985754.883644467 4839005.090054185
12985752.628671596 4839002.835661834
12985750.373698723 4839000.5812699925
12985748.118725851 4838998.326878672
12985745.86375298 4838996.072487851
12985743.608780108 4838993.818097545
12985741.353807237 4838991.563707746
12985739.098834366 4838989.309318459
12985736.844240446 4838987.054287842
12985734.590837087 4838984.797241258
12985732.337433727 4838982.540195184
12985730.084833873 4838980.281790716
12985727.832333816 4838978.02321798
12985725.579833759 4838975.764645755
12985723.327333702 4838973.506074044
12985721.074833643 4838971.247502844
12985718.822333585 4838968.988932157
12985716.569833528 4838966.730361982
12985714.317333471 4838964.471792319
12985712.06483341 4838962.213223168
12985709.812333353 4838959.954654528
12985707.559833296 4838957.696086401
12985705.307333238 4838955.437518793
12985703.05483318 4838953.178951682
12985700.802333122 4838950.920385099
12985698.549833065 4838948.661819021
12985696.297333004 4838946.403253454
12985694.04483295 4838944.144688399
12985691.792332893 4838941.886123857
12985689.539832832 4838939.627559827
12985687.287332775 4838937.368996309
12985685.034832718 4838935.110433304
12985682.782332659 4838932.851870809
12985680.529832602 4838930.593308831
12985678.277332544 4838928.334747357
12985676.024730789 4838926.076358388
12985673.771399083 4838923.819204381
12985671.518067373 4838921.562050887
12985669.264735665 4838919.304897904
12985667.011403952 4838917.047745435
12985664.758072244 4838914.790593479
12985662.504740534 4838912.5334420325
12985660.251408828 4838910.27629109
12985657.99807712 4838908.019140671
12985655.744745411 4838905.761990751
12985653.4914137 4838903.504841351
12985651.237967942 4838901.247885748
12985648.981880577 4838898.995407562
12985646.725793213 4838896.742929881
12985644.469705846 4838894.49045271
12985642.213618483 4838892.237976047
12985639.962194106 4838889.977607545
12985637.711052507 4838887.716760942
12985635.459910909 4838885.455914856
12985633.20876931 4838883.195069279
12985630.957627712 4838880.934224215
12985628.706486112 4838878.673379668
12985626.455344513 4838876.412535634
12985624.204202915 4838874.151692109
12985621.953061316 4838871.8908491
12985619.701919718 4838869.630006602
12985617.45077812 4838867.369164614
12985615.199636517 4838865.108323149
12985612.948494919 4838862.847482185
12985610.697353318 4838860.586641744
12985608.44621172 4838858.325801811
12985606.195070121 4838856.0649623955
12985603.943928523 4838853.804123488
12985601.692786925 4838851.543285098
12985599.441645326 4838849.282447221
12985597.190503724 4838847.021609851
12985594.939362125 4838844.760773003
12985592.688220527 4838842.499936659
12985590.437078929 4838840.239100832
12985588.18593733 4838837.97826552
12985585.932868179 4838835.720687831
12985583.679530445 4838833.463564494
12985581.426192712 4838831.206441665
12985579.17285498 4838828.94931935
12985576.919517247 4838826.692197544
12985574.666179514 4838824.435076252
12985572.412841784 4838822.177955467
12985570.15950405 4838819.920835199
12985567.906166317 4838817.663715438
12985565.652828585 4838815.406596192
12985563.399490854 4838813.149477457
12985561.146153122 4838810.892359231
12985558.892815389 4838808.635241517
12985556.639477655 4838806.378124314
12985554.386139922 4838804.121007625
12985552.13280219 4838801.863891444
12985549.879464457 4838799.606775775
12985547.626126723 4838797.34966062
12985545.370558545 4838795.096324999
12985543.114927877 4838792.843095761
12985540.859297208 4838790.589867034
12985538.603666544 4838788.336638817
12985536.348035874 4838786.083411111
12985534.092405207 4838783.830183908
12985531.83677454 4838781.57695722
12985529.581143873 4838779.323731043
12985527.325513205 4838777.070505378
12985525.069882536 4838774.817280213
12985522.81425187 4838772.564055558
12985520.5586212 4838770.310831427
12985518.302990535 4838768.057607794
12985516.047359867 4838765.804384673
12985513.791729199 4838763.551162057
12985511.534412753 4838761.300803635
12985509.276695441 4838759.051126683
12985507.018978132 4838756.801450237
12985504.761260824 4838754.551774297
12985502.503543515 4838752.302098864
12985500.245826205 4838750.052423941
12985497.977038573 4838747.821717662
12985495.70710578 4838745.59297403
12985493.437172985 4838743.364230898
12985491.226713063 4838741.038908176
12985488.975283371 4838738.778581632
12985486.723853681 4838736.518255596
12985484.472423987 4838734.257930072
12985482.220994296 4838731.997605066
12985479.969564606 4838729.737280569
12985477.71813491 4838727.476956589
12985475.46670522 4838725.2166331215
12985473.215275526 4838722.956310161
12985470.963845832 4838720.695987717
12985468.712416142 4838718.435665783
12985466.46098645 4838716.175344363
12985464.20955676 4838713.915023465
12985461.958127065 4838711.65470307
12985459.706697375 4838709.394383188
12985457.45526768 4838707.134063824
12985455.203837989 4838704.873744968
12985452.952408297 4838702.613426626
12985450.700978605 4838700.353108795
12985448.449548911 4838698.092791483
12985446.19811922 4838695.8324746825
12985443.94668953 4838693.572158391
12985441.695259836 4838691.311842613
12985439.442856047 4838689.053173674
12985437.189445551 4838686.796206687
12985434.936035054 4838684.5392402075
12985432.682624558 4838682.282274247
12985430.429214058 4838680.025308787
12985428.175803563 4838677.76834385
12985425.922393067 4838675.511379416
12985423.66898257 4838673.254415497
12985421.415572073 4838670.9974520905
12985419.162161576 4838668.740489194
12985416.90875108 4838666.483526806
12985414.655340584 4838664.226564934
12985412.401930086 4838661.969603568
12985410.148519587 4838659.712642717
12985407.895109091 4838657.455682379
12985405.641698597 4838655.198722548
12985403.388288101 4838652.941763231
12985401.134877602 4838650.684804425
12985398.881467104 4838648.427846128
12985396.628056608 4838646.170888345
12985394.374646112 4838643.9139310755
12985392.121235615 4838641.656974316
12985389.868098972 4838639.399554985
12985387.615792997 4838637.140731522
12985385.363487022 4838634.881908579
12985383.111181047 4838632.623086145
12985380.85887507 4838630.364264226
12985378.606569095 4838628.105442812
12985376.354263118 4838625.846621915
12985374.101957144 4838623.587801529
12985371.849651167 4838621.328981655
12985369.597345194 4838619.070162297
12985367.345039217 4838616.811343448
12985365.09273324 4838614.552525108
12985362.840427266 4838612.293707291
12985360.58812129 4838610.034889974
12985358.335815312 4838607.776073177
12985356.083509339 4838605.5172568895
12985353.831203362 4838603.258441114
12985351.578897387 4838600.99962585
12985349.32712254 4838598.739913867
12985347.075367251 4838596.480169344
12985344.823611967 4838594.220425336
12985342.571856681 4838591.960681839
12985340.320101397 4838589.700938857
12985338.068346111 4838587.441196388
12985335.816590823 4838585.181454432
12985333.564835537 4838582.921712983
12985331.313080253 4838580.661972056
12985329.061324967 4838578.402231637
12985326.809569683 4838576.142491727
12985324.557814393 4838573.882752333
12985322.306059109 4838571.623013453
12985320.054303823 4838569.363275084
12985317.802548539 4838567.103537224
12985315.550793253 4838564.843799881
12985313.299037967 4838562.584063054
12985311.047282679 4838560.324326732
12985308.795527395 4838558.064590927
12985306.543772109 4838555.804855634
12985304.293034483 4838553.543404488
12985302.043427635 4838551.280046698
12985299.793820787 4838549.016689429
12985297.543349888 4838546.754789657
12985295.29193932 4838544.494474917
12985293.040528748 4838542.234160686
12985290.789118176 4838539.97384697
12985288.537707604 4838537.713533772
12985286.286297034 4838535.453221078
12985284.034886463 4838533.192908903
12985281.783475894 4838530.932597241
12985279.53206532 4838528.672286083
12985277.28065475 4838526.411975449
12985275.029244179 4838524.15166532
12985272.779071683 4838521.889272033
12985270.52596158 4838519.631834726
12985268.272851473 4838517.374397931
12985266.019741366 4838515.116961645
12985263.766631259 4838512.859525874
12985261.513521155 4838510.602090614
12985259.260411048 4838508.344655861
12985257.007300943 4838506.087221628
12985254.754190836 4838503.829787903
12985252.501080733 4838501.572354683
12985250.247970626 4838499.314921985
12985247.994860519 4838497.057489796
12985245.741750412 4838494.80005811
12985243.488640308 4838492.542626947
12985241.235530201 4838490.285196291
12985238.982420094 4838488.02776614
12985236.729309991 4838485.7703365125
12985234.476199884 4838483.512907391
12985232.22308978 4838481.255478775
12985229.969979674 4838478.998050681
12985227.716869568 4838476.740623092
12985225.463759461 4838474.483196014
12985223.210649354 4838472.225769451
12985220.95753925 4838469.968343399
12985218.704429144 4838467.710917857
12985216.451319037 4838465.453492829
12985214.198208934 4838463.196068311
12985211.945098827 4838460.938644303
12985209.691988723 4838458.68122081
12985207.438878616 4838456.423797827
12985205.18576851 4838454.166375353
12985202.932658402 4838451.908953394
12985200.679548297 4838449.651531948
12985198.426479641 4838447.394040908
12985196.173576927 4838445.136269729
12985193.920674216 4838442.878499069
12985191.667771498 4838440.620728914
12985189.414868787 4838438.362959274
12985187.161966072 4838436.105190145
12985184.909063358 4838433.847421529
12985182.656160643 4838431.589653422
12985180.403257929 4838429.33188583
12985178.151099933 4838427.072860284
12985175.899370054 4838424.8131118035
12985173.647640172 4838422.553363835
12985171.395910293 4838420.293616379
12985169.144180411 4838418.033869433
12985166.892450534 4838415.774123003
12985164.640720654 4838413.514377081
12985162.388990773 4838411.254631676
12985160.137260893 4838408.99488678
12985157.885531012 4838406.7351424
12985155.633801132 4838404.475398532
12985153.382071251 4838402.215655178
12985151.130341373 4838399.955912332
12985148.878611494 4838397.696170002
12985146.62688161 4838395.436428181
12985144.37515173 4838393.176686874
12985142.123421852 4838390.916946085
12985139.871691972 4838388.657205799
12985137.61996209 4838386.397466036
12985135.368232211 4838384.137726781
12985133.11650233 4838381.877988036
12985130.86477245 4838379.6182498075
12985128.588916345 4838377.403657286
12985126.295564206 4838375.216019188
12985124.04428005 4838372.95552999
12985121.792995896 4838370.695041307
12985119.541711738 4838368.434553138
12985117.290427582 4838366.174065486
12985115.039143426 4838363.913578338
12985112.78785927 4838361.653091707
12985110.536575112 4838359.392605586
12985108.285290958 4838357.132119984
12985106.034006802 4838354.871634889
12985103.782722648 4838352.611150311
12985101.53143849 4838350.3506662445
12985099.280154336 4838348.090182691
12985097.02887018 4838345.829699648
12985094.777586026 4838343.569217121
12985092.526301868 4838341.308735112
12985090.275017712 4838339.048253605
12985088.023733558 4838336.787772614
12985085.7724494 4838334.527292141
12985083.521165244 4838332.266812179
12985081.26988109 4838330.006332726
12985079.018596932 4838327.74585379
12985076.767312778 4838325.485375366
12985074.516028622 4838323.224897455
12985072.264744464 4838320.964420052
12985070.01346031 4838318.703943168
12985067.762176156 4838316.443466798
12985065.510892 4838314.182990941
12985063.259607842 4838311.922515586
12985061.008323688 4838309.662040757
12985058.753467502 4838307.407623934
12985056.49420895 4838305.160673207
12985054.234950399 4838302.913722988
12985051.975691846 4838300.666773276
12985049.716433294 4838298.419824071
12985047.457174744 4838296.1728753755
12985045.200194232 4838293.922061931
12985042.947984563 4838291.663154077
12985040.695774894 4838289.404246732
12985038.443565225 4838287.1453399025
12985036.191355556 4838284.886433582
12985033.93914589 4838282.627527776
12985031.686936222 4838280.368622484
12985029.434726553 4838278.1097177025
12985027.182516882 4838275.850813435
12985024.930307217 4838273.591909679
12985022.678097548 4838271.333006431
12985020.425887879 4838269.0741037
12985018.17367821 4838266.815201474
12985015.921468541 4838264.556299767
12985013.669258872 4838262.297398573
12985011.417049203 4838260.038497887
12985009.164839536 4838257.7795977155
12985006.912629869 4838255.520698054
12985004.6604202 4838253.261798907
12985002.408210529 4838251.002900269
12985000.156000864 4838248.74400215
12984997.903791195 4838246.48510454
12984995.651581526 4838244.226207439
12984993.399371857 4838241.967310854
12984991.147162188 4838239.708414781
12984988.894952519 4838237.449519217
12984986.642742852 4838235.190624167
12984984.390533183 4838232.931729628
12984982.138323516 4838230.672835606
12984979.886113849 4838228.413942094
12984977.633904176 4838226.155049091
12984975.38169451 4838223.896156603
12984973.129484842 4838221.637264626
12984970.877275173 4838219.378373159
12984968.625065504 4838217.119482209
12984966.372855835 4838214.860591767
12984964.120646168 4838212.601701839
12984961.868436499 4838210.34281242
12984959.61622683 4838208.083923519
12984957.364017162 4838205.825035129
12984955.111807492 4838203.566147246
12984952.859597823 4838201.307259881
12984950.607388157 4838199.048373023
12984948.355178488 4838196.789486685
12984946.10296882 4838194.530600856
12984943.85075915 4838192.271715535
12984941.598549483 4838190.01283073
12984939.346339814 4838187.753946437
12984937.094130145 4838185.495062653
12984934.841920476 4838183.236179384
12984932.589710811 4838180.977296624
12984930.337501138 4838178.718414385
12984928.085291471 4838176.459532653
12984925.833081804 4838174.200651428
12984923.580872135 4838171.941770722
12984921.328662466 4838169.682890522
12984919.089637576 4838167.401916519
12984916.851319756 4838165.119758168
12984914.613001935 4838162.83760034
12984912.367332438 4838160.567775815
12984910.113316154 4838158.31195392
12984907.859299874 4838156.056132535
12984905.605283594 4838153.800311666
12984903.351267314 4838151.544491303
12984901.097251033 4838149.288671447
12984898.843234753 4838147.032852113
12984896.589218471 4838144.77703328
12984894.335202191 4838142.521214959
12984892.08118591 4838140.26539715
12984889.823417746 4838138.015950939
12984887.565110438 4838135.767418525
12984885.306806874 4838133.518880243
12984883.048503311 4838131.270342477
12984880.79019975 4838129.021805211
12984878.531896185 4838126.773268456
12984876.273592621 4838124.524732208
12984874.015289057 4838122.276196465
12984871.756985493 4838120.027661233
12984869.498681929 4838117.779126508
12984867.240378367 4838115.53059229
12984864.982074805 4838113.28205858
12984862.72377124 4838111.033525377
12984860.465467675 4838108.784992682
12984858.195021918 4838106.557423362
12984855.913141532 4838104.349595825
12984853.631261144 4838102.141768786
12984851.414935578 4838099.827406571
12984849.277005253 4838097.387635371
12984847.028642561 4838095.122289141
12984844.77495255 4838092.865929731
12984842.52126254 4838090.609570823
12984840.267572528 4838088.35321243
12984838.013882518 4838086.096854548
12984835.760192506 4838083.840497174
12984833.506502492 4838081.584140314
12984831.252812484 4838079.327783966
12984828.99912247 4838077.0714281285
12984826.745432463 4838074.815072806
12984824.491742449 4838072.558717986
12984822.238052437 4838070.302363681
12984819.984362427 4838068.046009884
12984817.730672415 4838065.789656601
12984815.476982405 4838063.533303831
12984813.223292394 4838061.276951573
12984810.96960238 4838059.020599821
12984808.715912372 4838056.7642485835
12984806.462222358 4838054.507897855
12984804.20853235 4838052.251547639
12984801.954842336 4838049.995197929
12984799.701152327 4838047.738848735
12984797.447462315 4838045.482500053
12984795.193772305 4838043.226151877
12984792.940082293 4838040.969804219
12984790.686392281 4838038.713457069
12984788.432702271 4838036.457110426
12984786.17901226 4838034.200764298
12984783.92532225 4838031.944418681
12984781.671632238 4838029.688073575
12984779.417942224 4838027.4317289805
12984777.164252214 4838025.1753849005
12984774.910562202 4838022.919041321
12984772.657529324 4838020.661586682
12984770.40482919 4838018.403569707
12984768.152129054 4838016.145553246
12984765.899428919 4838013.887537288
12984763.64672878 4838011.62952185
12984761.394028647 4838009.371506917
12984759.141328512 4838007.113492496
12984756.888628375 4838004.85547859
12984754.63592824 4838002.597465193
12984752.383228103 4838000.339452321
12984750.130527968 4837998.081439946
12984747.877827832 4837995.823428084
12984745.625127697 4837993.565416738
12984743.372427562 4837991.307405898
12984741.119727425 4837989.04939558
12984738.86702729 4837986.791385761
12984736.614327155 4837984.533376466
12984734.361627016 4837982.275367679
12984732.108926881 4837980.017359399
12984729.85622675 4837977.759351631
12984727.60352661 4837975.501344379
12984725.350826476 4837973.2433376415
12984723.09812634 4837970.985331414
12984720.845426204 4837968.727325694
12984718.592726069 4837966.469320484
12984716.340025933 4837964.211315791
12984714.087325798 4837961.953311606
12984711.83462566 4837959.6953079365
12984709.5828585 4837957.435728493
12984707.331162639 4837955.1760290945
12984705.07946678 4837952.916330203
12984702.827770919 4837950.656631826
12984700.57607506 4837948.39693396
12984698.3243792 4837946.13723661
12984696.07268334 4837943.877539772
12984693.820987482 4837941.617843442
12984691.569291621 4837939.35814763
12984689.317595763 4837937.098452325
12984687.065899901 4837934.838757534
12984684.814204045 4837932.579063257
12984682.562508183 4837930.319369495
12984680.310812322 4837928.05967624
12984678.059116464 4837925.799983502
12984675.807420604 4837923.540291274
12984673.555724746 4837921.280599557
12984671.304028885 4837919.020908361
12984669.052333027 4837916.761217669
12984666.800637165 4837914.50152749
12984664.548941307 4837912.2418378275
12984662.297245447 4837909.982148677
12984660.045549588 4837907.722460036
12984657.793853728 4837905.462771911
12984655.542109082 4837903.203166677
12984653.290363314 4837900.943563844
12984651.03861755 4837898.683961529
12984648.786871783 4837896.424359719
12984646.535126014 4837894.164758433
12984644.283380246 4837891.905157649
12984642.031634482 4837889.645557382
12984639.779888712 4837887.385957634
12984637.528142946 4837885.126358386
12984635.27639718 4837882.866759655
12984633.024651414 4837880.60716144
12984630.772905644 4837878.347563736
12984628.521159876 4837876.087966542
12984626.269414112 4837873.828369864
12984624.017668342 4837871.568773695
12984621.765922576 4837869.309178039
12984619.514176808 4837867.049582895
12984617.262431044 4837864.789988267
12984615.010685274 4837862.530394148
12984612.758939506 4837860.270800546
12984610.50719374 4837858.011207452
12984608.255447976 4837855.751614873
12984606.003702207 4837853.492022809
12984603.751956439 4837851.232431252
12984601.500210674 4837848.972840207
12984599.248464905 4837846.71324968
12984596.996719139 4837844.453659661
12984594.74497337 4837842.1940701585
12984592.493227607 4837839.9344811635
12984590.241481837 4837837.674892681
12984587.989736069 4837835.415304717
12984585.738274787 4837833.15523701
12984583.486977626 4837830.894892759
12984581.23528855 4837828.635210644
12984578.983492551 4837826.375709547
12984576.731696555 4837824.116208964
12984574.47990056 4837821.856708891
12984572.228104562 4837819.597209331
12984569.976308566 4837817.337710283
12984567.724512566 4837815.078211751
12984565.472716572 4837812.818713728
12984563.220920574 4837810.559216213
12984560.96912458 4837808.299719218
12984558.71732858 4837806.040222729
12984556.465532586 4837803.780726755
12984554.213736586 4837801.521231298
12984551.961940594 4837799.26173635
12984549.710144596 4837797.002241913
12984547.458348598 4837794.74274799
12984545.206552604 4837792.483254582
12984542.954756605 4837790.223761683
12984540.70296061 4837787.9642692935
12984538.45116461 4837785.704777423
12984536.199368617 4837783.445286062
12984533.947572619 4837781.185795208
12984531.695776625 4837778.926304875
12984529.443980625 4837776.666815051
12984527.19218463 4837774.407325743
12984524.940388631 4837772.14783694
12984522.688592635 4837769.888348656
12984520.43679664 4837767.628860882
12984518.185000641 4837765.369373616
12984515.933204649 4837763.109886871
12984513.68140865 4837760.850400633
12984511.429612655 4837758.590914908
12984509.177816655 4837756.331429696
12984506.926020661 4837754.071944995
12984504.674224664 4837751.812460811
12984502.42242867 4837749.552977136
12984500.17063267 4837747.293493973
12984497.918836674 4837745.034011324
12984495.666823957 4837742.774895379
12984493.414026538 4837740.517105848
12984491.161229117 4837738.259316833
12984488.908431698 4837736.001528328
12984486.655634278 4837733.743740342
12984484.402836857 4837731.485952856
12984482.150039436 4837729.228165891
12984479.897242019 4837726.970379428
12984477.644444598 4837724.712593486
12984475.391647177 4837722.454808052
12984473.13884976 4837720.197023129
12984470.88605234 4837717.939238719
12984468.63325492 4837715.681454824
12984466.3804575 4837713.423671433
12984464.12766008 4837711.165888558
12984461.87486266 4837708.908106193
12984459.622065239 4837706.650324342
12984457.369267821 4837704.392543002
12984455.1164704 4837702.134762169
12984452.863672983 4837699.876981855
12984450.610875562 4837697.6192020485
12984448.35807814 4837695.361422757
12984446.105280723 4837693.103643971
12984443.852483304 4837690.845865702
12984441.599685883 4837688.588087941
12984439.346888462 4837686.330310697
12984437.094091045 4837684.072533961
12984434.841293624 4837681.814757736
12984432.588496203 4837679.55698202
12984430.335698785 4837677.299206823
12984428.082901364 4837675.041432131
12984425.830103943 4837672.783657953
12984423.577306526 4837670.52588429
12984421.324509107 4837668.268111138
12984419.071711686 4837666.010338491
12984416.818914264 4837663.752566364
12984414.566116847 4837661.494794737
12984412.313319426 4837659.237023633
12984410.060522005 4837656.979253037
12984407.807724588 4837654.721482957
12984405.554927167 4837652.4637133805
12984403.302129745 4837650.205944323
12984401.049332328 4837647.948175769
12984398.796534909 4837645.690407732
12984396.543737488 4837643.432640206
12984394.290940067 4837641.174873192
12984392.03814265 4837638.917106689
12984389.785345228 4837636.659340696
12984387.532547807 4837634.401575218
12984385.27975039 4837632.143810251
12984383.026952969 4837629.886045794
12984380.77415555 4837627.628281846
12984378.52135813 4837625.370518417
12984376.26856071 4837623.112755492
12984374.01576329 4837620.854993085
12984371.76296587 4837618.597231188
12984369.510168452 4837616.339469801
12984367.25737103 4837614.081708923
12984365.004573613 4837611.823948563
12984362.751776192 4837609.566188708
12984360.498593451 4837607.30908101
12984358.24532046 4837605.052126451
12984355.992047466 4837602.7951724
12984353.738774475 4837600.538218864
12984351.485501483 4837598.28126584
12984349.232228488 4837596.024313325
12984346.978955496 4837593.767361323
12984344.725682503 4837591.510409833
12984342.472409511 4837589.253458853
12984340.21913652 4837586.996508384
12984337.965863524 4837584.739558428
12984335.71259053 4837582.48260898
12984333.45931754 4837580.225660042
12984331.206044547 4837577.968711617
12984328.952771552 4837575.711763704
12984326.69949856 4837573.454816305
12984324.446225569 4837571.197869414
12984322.192952575 4837568.940923036
12984319.939679584 4837566.683977168
12984317.686406588 4837564.427031812
12984315.433133597 4837562.170086967
12984313.179860605 4837559.9131426355
12984310.926587611 4837557.656198809
12984308.67331462 4837555.399255497
12984306.420041624 4837553.142312698
12984304.166768633 4837550.88537041
12984301.913495641 4837548.628428632
12984299.660222648 4837546.371487367
12984297.406949656 4837544.114546612
12984295.153676663 4837541.857606369
12984292.90040367 4837539.600666637
12984290.647130677 4837537.343727415
12984288.393857684 4837535.086788703
12984286.14058469 4837532.829850504
12984283.887311699 4837530.572912818
12984281.634038705 4837528.315975641
12984279.380765714 4837526.059038977
12984277.127492722 4837523.802102824
12984274.874219727 4837521.545167182
12984272.620946735 4837519.28823205
12984270.368118072 4837517.030546024
12984268.115362745 4837514.772736489
12984265.862607416 4837512.514927471
12984263.609852089 4837510.257118958
12984261.357096761 4837507.999310957
12984259.104341436 4837505.741503474
12984256.851586109 4837503.4836965
12984254.598830782 4837501.225890035
12984252.346075455 4837498.968084078
12984250.09332013 4837496.7102786405
12984247.840564802 4837494.452473715
12984245.587809475 4837492.194669296
12984243.335054148 4837489.936865388
12984241.082298823 4837487.679061994
12984238.829543496 4837485.421259113
12984236.576788168 4837483.163456741
12984234.324032841 4837480.905654882
12984232.071277516 4837478.647853534
12984229.818522189 4837476.390052699
12984227.565766862 4837474.132252376
12984225.313011535 4837471.874452563
12984223.06025621 4837469.616653261
12984220.807500878 4837467.358854473
12984218.554745553 4837465.101056197
12984216.301990226 4837462.843258428
12984214.049234899 4837460.58546117
12984211.796479572 4837458.327664429
12984209.543724246 4837456.069868196
12984207.29096892 4837453.812072482
12984205.038213592 4837451.554277276
12984202.785458265 4837449.296482577
12984200.53270294 4837447.038688397
12984198.279947612 4837444.780894722
12984196.026751995 4837442.52384617
12984193.773377141 4837440.267101259
12984191.52000229 4837438.01035686
12984189.266627437 4837435.753612967
12984187.013252584 4837433.496869584
12984184.75987773 4837431.240126717
12984182.50650288 4837428.983384362
12984180.253128026 4837426.726642515
12984177.999753173 4837424.469901179
12984175.746378321 4837422.213160356
12984173.493003469 4837419.9564200435
12984171.239628617 4837417.69968024
12984168.986253763 4837415.442940951
12984166.73287891 4837413.1862021675
12984164.479504058 4837410.929463905
12984162.226129206 4837408.672726144
12984159.972754352 4837406.415988901
12984157.7193795 4837404.159252164
12984155.466004647 4837401.902515942
12984153.212629795 4837399.64578023
12984150.959254943 4837397.389045031
12984148.705880089 4837395.1323103355
12984146.452505238 4837392.875576158
12984144.199130384 4837390.618842494
12984141.945755532 4837388.362109334
12984139.692529313 4837386.105125488
12984137.44085029 4837383.845527236
12984135.18917127 4837381.585929489
12984132.935586829 4837379.329553589
12984130.68169832 4837377.073692261
12984128.427809814 4837374.8178314455
12984126.173921304 4837372.56197114
12984123.920032796 4837370.306111344
12984121.66614429 4837368.050252056
12984119.412255783 4837365.794393281
12984117.158367274 4837363.53853502
12984114.904478764 4837361.282677269
12984112.650590258 4837359.026820026
12984110.39670175 4837356.7709632935
12984108.14281324 4837354.515107074
12984105.888924735 4837352.2592513645
12984103.635036228 4837350.003396163
12984101.381147718 4837347.747541477
12984099.12725921 4837345.491687299
12984096.873370703 4837343.235833632
12984094.619482193 4837340.979980476
12984092.366876004 4837338.721961506
12984090.116416648 4837336.460316236
12984087.865957286 4837334.198671482
12984085.615497928 4837331.93702724
12984083.36503857 4837329.675383512
12984081.114579212 4837327.413740303
12984078.864119854 4837325.152097594
12984076.613660492 4837322.890455409
12984074.363201134 4837320.628813735
12984072.112741776 4837318.367172573
12984069.862282416 4837316.105531925
12984067.61545212 4837313.837800938
12984065.372586168 4837311.563416891
12984063.129720217 4837309.289033366
12984060.886854261 4837307.0146503635
12984058.643988313 4837304.740267873
12984056.401122361 4837302.465885899
12984054.15825641 4837300.191504455
12984051.915390458 4837297.917123525
12984049.672524504 4837295.642743113
12984047.429798188 4837293.36813065
12984045.192296943 4837291.084816091
12984042.9547957 4837288.801502052
12984040.722041609 4837286.5103346305
12984038.490574908 4837284.217037833
12984036.259108206 4837281.923741556
12984034.027641503 4837279.630445814
12984031.796174802 4837277.337150595
12984029.5647081 4837275.043855904
12984027.3332414 4837272.75056174
12984025.101774698 4837270.457268108
12984022.870307997 4837268.163975
12984020.640312992 4837265.868267056
12984018.416579353 4837263.562283412
12984016.192845713 4837261.256300294
12984013.96967077 4837258.949405208
12984011.746544212 4837256.642431632
12984009.523417655 4837254.335458593
12984007.300291099 4837252.028486086
12984005.077164542 4837249.721514109
12984002.854037983 4837247.414542668
12984000.630911427 4837245.107571762
12983998.407784868 4837242.800601387
12983996.18465831 4837240.49363155
12983993.962754998 4837238.1846716795
12983991.74538763 4837235.868331087
12983989.52802026 4837233.551991032
12983987.310652891 4837231.235651522
12983985.093285521 4837228.919312545
12983982.875918152 4837226.602974113
12983980.658550782 4837224.286636214
12983978.44118341 4837221.970298856
12983976.223816043 4837219.653962036
12983974.008686397 4837217.334011721
12983971.798678666 4837215.005789832
12983969.588670935 4837212.67756849
12983967.378663203 4837210.349347689
12983965.16865547 4837208.0211274335
12983962.95864774 4837205.692907717
12983960.748640008 4837203.364688549
12983958.538632276 4837201.036469923
12983956.328624543 4837198.708251841
12983954.118616812 4837196.380034309
12983951.908609081 4837194.051817315
12983949.707214637 4837191.70986846
12983947.500321971 4837189.376710582
12983945.288109163 4837187.052046002
12983943.075896353 4837184.72738196
12983940.863683544 4837182.402718451
12983938.651470732 4837180.078055492
12983936.439257924 4837177.753393079
12983934.242139658 4837175.405240099
12983932.070827689 4837173.016713865
12983929.86940628 4837170.67476087
12983927.667984873 4837168.332808414
12983925.466563463 4837165.990856515
12983923.265142057 4837163.648905165
12983921.063720651 4837161.306954364
12983918.862299241 4837158.965004113
12983916.660877831 4837156.623054417
12983914.459456423 4837154.281105267
12983912.258035015 4837151.939156668
12983910.057136584 4837149.596376596
12983907.85753066 4837147.251540755
12983905.65792474 4837144.906705465
12983903.458318818 4837142.56187073
12983901.258712899 4837140.217036544
12983899.059106976 4837137.872202911
12983896.859102275 4837135.528003866
12983894.65879658 4837133.184283934
12983892.458490882 4837130.840564552
12983890.258185187 4837128.496845721
12983888.057879493 4837126.153127444
12983885.871513736 4837123.787464601
12983883.689526195 4837121.414909856
12983881.507538652 4837119.042355668
12983879.325551113 4837116.669802058
12983877.14356357 4837114.2972490005
12983874.961576028 4837111.924696513
12983872.779588487 4837109.552144591
12983870.597600944 4837107.179593236
12983868.415613405 4837104.807042444
12983866.233625863 4837102.434492217
12983864.051638322 4837100.061942555
12983861.86965078 4837097.689393455
12983859.68759813 4837095.316946398
12983857.505137235 4837092.945136187
12983855.322676335 4837090.573326538
12983853.14021544 4837088.201517454
12983850.957754541 4837085.829708935
12983848.775293645 4837083.457900981
12983846.592832746 4837081.0860935915
12983844.426312115 4837078.6896873135
12983842.26217457 4837076.289603977
12983840.096383708 4837073.892057495
12983837.924674867 4837071.503590071
12983835.752966028 4837069.115123216
12983833.58125719 4837066.72665694
12983831.410592161 4837064.336593565
12983829.250551946 4837061.930268388
12983827.09051173 4837059.523943785
12983824.930471515 4837057.117619763
12983822.7704313 4837054.711296327
12983820.610391088 4837052.304973467
12983818.450350873 4837049.898651193
12983816.290310655 4837047.492329496
12983814.130270442 4837045.086008385
12983811.970230227 4837042.679687853
12983809.810190013 4837040.273367899
12983807.650149798 4837037.867048531
12983805.490109582 4837035.460729742
12983803.330069367 4837033.054411532
12983801.170029152 4837030.648093908
12983799.009988938 4837028.241776859
12983796.849948725 4837025.8354603965
12983794.691554835 4837023.42664448
12983792.5342334 4837021.016200571
12983790.376911968 4837018.605757247
12983788.219590534 4837016.195314505
12983786.062269103 4837013.784872347
12983783.904947668 4837011.374430766
12983781.747626234 4837008.963989775
12983779.590304801 4837006.553549368
12983777.432983367 4837004.143109539
12983775.275661932 4837001.732670299
12983773.128967248 4836999.306219166
12983770.983176867 4836996.878406014
12983768.837386483 4836994.450593458
12983766.691596102 4836992.022781488
12983764.545805722 4836989.594970114
12983762.400015337 4836987.167159333
12983760.25939849 4836984.73162723
12983758.119563969 4836982.2949280245
12983755.979729451 4836979.858229424
12983753.839894934 4836977.421531418
12983751.700060416 4836974.984834003
12983749.560225897 4836972.548137187
12983747.420391379 4836970.111440969
12983745.280556861 4836967.674745347
12983743.140722344 4836965.238050314
12983741.000887822 4836962.80135588
12983738.861053308 4836960.364662045
12983736.721218787 4836957.927968804
12983734.588989414 4836955.480015826
12983732.458135735 4836953.03002657
12983730.327282052 4836950.580037921
12983728.196428373 4836948.130049869
12983726.06557469 4836945.680062419
12983723.93472101 4836943.230075581
12983721.7206377 4836940.909335125
12983719.49503742 4836938.606479705
12983717.269437142 4836936.303624824
12983715.043836862 4836934.000770466
12983712.818236582 4836931.697916651
12983710.592636302 4836929.395063358
12983708.367709208 4836927.091114483
12983706.151736254 4836924.772586518
12983703.935763301 4836922.454059092
12983701.719790345 4836920.135532201
12983699.50381739 4836917.817005856
12983697.287844436 4836915.498480044
12983695.071871482 4836913.1799547775
12983692.855900915 4836910.861426183
12983690.639975028 4836908.5428257845
12983688.424049137 4836906.224225923
12983686.208123246 4836903.90562661
12983683.992197357 4836901.5870278375
12983681.776271464 4836899.268429595
12983679.560345575 4836896.949831897
12983677.344419686 4836894.631234744
12983675.128493793 4836892.3126381235
12983672.912567904 4836889.994042043
12983670.696642015 4836887.6754465
12983668.481925596 4836885.354896409
12983666.268859962 4836883.031678401
12983664.055794327 4836880.708460928
12983661.84272869 4836878.385244001
12983659.655463057 4836876.021138939
12983657.474432444 4836873.647152976
12983655.29340183 4836871.273167579
12983653.112371217 4836868.899182753
12983650.935244292 4836866.5191541435
12983648.76359695 4836864.130641697
12983646.591949608 4836861.742129827
12983644.420302266 4836859.353618522
12983642.245321983 4836856.970267431
12983640.06463327 4836854.595753952
12983637.883944564 4836852.22124104
12983635.703255855 4836849.846728692
12983633.522567146 4836847.47221691
12983631.341878435 4836845.097705695
12983629.161189727 4836842.723195045
12983626.980501017 4836840.348684966
12983624.790717432 4836837.988433523
12983622.596476605 4836835.635170281
12983620.402235776 4836833.281907591
12983618.20799495 4836830.928645464
12983616.014492977 4836828.574220477
12983613.825953735 4836826.211981733
12983611.637414489 4836823.849743551
12983609.44887525 4836821.487505923
12983607.260336008 4836819.125268859
12983605.071796764 4836816.763032353
12983602.88486452 4836814.398276682
12983600.698139943 4836812.033195963
12983598.511415362 4836809.668115805
12983596.324690782 4836807.303036209
12983594.137966204 4836804.9379571825
12983591.951241624 4836802.57287871
12983589.764517043 4836800.207800797
12983587.577792464 4836797.842723451
12983585.391067883 4836795.477646662
12983583.204343302 4836793.112570433
12983581.017618723 4836790.747494767
12983578.830894142 4836788.382419661
12983576.644169563 4836786.017345125
12983574.457444983 4836783.652271141
12983572.270720402 4836781.287197721
12983570.083995825 4836778.922124861
12983567.905433692 4836776.544346515
12983565.729878163 4836774.161888515
12983563.554322634 4836771.779431088
12983561.378767107 4836769.396974229
12983559.203211576 4836767.0145179415
12983557.02007051 4836764.643884815
12983554.831136627 4836762.282280772
12983552.642202746 4836759.92067729
12983550.453268861 4836757.559074365
12983548.264334979 4836755.197472002
12983546.075401098 4836752.835870197
12983543.886467213 4836750.474268956
12983541.69753333 4836748.112668268
12983539.508599449 4836745.751068142
12983537.319665568 4836743.38946858
12983535.130731683 4836741.027869577
12983532.9417978 4836738.666271125
12983530.74672731 4836736.3143964475
12983528.541825324 4836733.978099948
12983526.336923337 4836731.641803992
12983524.132021347 4836729.305508584
12983521.927119361 4836726.969213728
12983519.722217372 4836724.632919414
12983517.517315386 4836722.296625647
12983515.312413398 4836719.96033243
12983513.107511409 4836717.624039761
12983510.902609423 4836715.287747638
12983508.697707435 4836712.951456066
12983506.474385181 4836710.64507401
12983504.242644316 4836708.3523617815
12983502.010903452 4836706.05965008
12983499.779162584 4836703.766938906
12983497.54742172 4836701.474228259
12983495.315680854 4836699.181518141
12983493.083939986 4836696.888808549
12983490.842972606 4836694.611479309
12983488.592908312 4836692.349314391
12983486.342844015 4836690.087149981
12983484.092779718 4836687.82498609
12983481.842432259 4836685.563303758
12983479.578744756 4836683.324284266
12983477.315057252 4836681.085265281
12983475.051369747 4836678.846246794
12983472.787682245 4836676.607228812
12983470.503278106 4836674.405019568
12983468.180513915 4836672.270966953
12983465.857749721 4836670.136914791
12983463.394957535 4836668.289154867
12983460.925329536 4836666.455636953
12983458.450084893 4836664.634983758
12983455.961733123 4836662.845274564
12983453.457598474 4836661.09282636
12983450.953463824 4836659.340378458
12983448.440515818 4836657.609585193
12983445.918460602 4836655.901251919
12983443.38971156 4836654.209742069
12983440.860962518 4836652.518232496
12983438.335302925 4836650.818941541
12983435.812361442 4836649.112804531
12983433.278619658 4836647.4340581065
12983430.746360013 4836645.751577134
12983428.2261636 4836644.038581822
12983425.698066335 4836642.345924778
12983423.144192878 4836640.719619768
12983420.59031942 4836639.093315023
12983418.036445959 4836637.467010542
12983415.482572503 4836635.840706327
12983412.90570849 4836634.277401667
12983410.323584752 4836632.728510092
12983407.741461014 4836631.17961875
12983405.148944963 4836629.660794173
12983402.545583375 4836628.173347576
12983399.915946478 4836626.76776474
12983397.273286501 4836625.402756894
12983394.630626526 4836624.037749244
12983391.98796655 4836622.672741774
12983389.33337671 4836621.348579883
12983386.66140072 4836620.083944761
12983383.989424732 4836618.819309795
12983381.317448746 4836617.554674998
12983378.645472758 4836616.290040354
12983375.939944731 4836615.152739176
12983373.234060269 4836614.016790832
12983370.524055913 4836612.898121168
12983367.799487641 4836611.840531639
12983365.07491937 4836610.782942225
12983362.350351097 4836609.725352919
12983359.625782827 4836608.66776373
12983356.890545605 4836607.658286305
12983354.152031666 4836606.663585342
12983351.40868427 4836605.692523684
12983348.652553542 4836604.783982129
12983345.894024443 4836603.88823761
12983343.126048893 4836603.042896552
12983340.35807334 4836602.19755557
12983337.590097787 4836601.352214653
12983334.818549938 4836600.527765731
12983332.036383705 4836599.765416526
12983329.254217472 4836599.003067383
12983326.472051239 4836598.240718293
12983323.67904926 4836597.55055206
12983320.881026106 4836596.893834673
12983318.08300295 4836596.237117334
12983315.284979794 4836595.580400037
12983312.481032599 4836594.969064391
12983309.673376178 4836594.386143617
12983306.865719756 4836593.803222877
12983304.057619639 4836593.2241734145
12983301.241491832 4836592.715165071
12983298.425364029 4836592.206156744
12983295.609236224 4836591.697148448
12983292.79310842 4836591.188140183
12983289.974805072 4836590.702449798
12983287.14689961 4836590.319723607
12983284.318962863 4836589.93738911
12983281.491026113 4836589.555054622
12983278.663089363 4836589.172720163
12983275.833357506 4836588.814581934
12983273.001463948 4836588.485581253
12983270.16957039 4836588.156580576
12983267.337676832 4836587.82757991
12983264.505783277 4836587.498579255
12983261.667954154 4836587.274570308
12983258.829561986 4836587.0605208315
12983255.991169818 4836586.846471359
12983253.152777651 4836586.632421895
12983250.313638551 4836586.437987324
12983247.472895263 4836586.285679855
12983244.632151974 4836586.133372382
12983241.791408684 4836585.981064915
12983238.950665394 4836585.828757449
12983236.108955193 4836585.7135175355
12983233.26681661 4836585.614700055
12983230.424678026 4836585.515882571
12983227.581991993 4836585.450125399
12983224.73922149 4836585.389469111
12983221.89645099 4836585.328812827
12983219.05365701 4836585.27233905
12983216.210509045 4836585.27892361
12983213.367361082 4836585.28550818
12983210.524213118 4836585.292092741
12983207.681065153 4836585.298677304
12983204.837917188 4836585.305261872
12983201.995178955 4836585.354188343
12983199.15280544 4836585.440805538
12983196.310431926 4836585.527422732
12983193.468058411 4836585.614039929
12983190.625684895 4836585.70065713
12983187.78331138 4836585.787274332
12983184.941341413 4836585.889727988
12983182.100804819 4836586.0484317
12983179.260268223 4836586.207135421
12983176.419731628 4836586.365839143
12983173.579195034 4836586.524542869
12983170.738658436 4836586.683246597
12983167.899904165 4836586.887617232
12983165.061633516 4836587.104379193
12983162.223362865 4836587.321141148
12983159.38509221 4836587.537903115
12983156.54682156 4836587.754665086
12983153.710519465 4836588.008851997
12983150.876034027 4836588.297575981
12983148.04154859 4836588.586299972
12983145.20706315 4836588.875023978
12983142.37257771 4836589.163747982
12983139.540610854 4836589.490208771
12983136.71033178 4836589.841958271
12983133.880052716 4836590.19370779
12983131.049773643 4836590.545457321
12983128.219494574 4836590.8972068615
12983125.389215507 4836591.248956417
12983122.564444123 4836591.668464275
12983119.740271213 4836592.095334847
12983116.916098304 4836592.522205438
12983114.091925394 4836592.949076048
12983111.269421002 4836593.393409653
12983108.45094086 4836593.879861749
12983105.63246072 4836594.366313867
12983102.81398058 4836594.852766011
12983099.99550044 4836595.339218172
12983097.177020298 4836595.825670365
12983094.358540159 4836596.312122578
12983091.547870588 4836596.869539061
12983088.737816771 4836597.43255007
12983085.927762954 4836597.995561119
12983083.117709136 4836598.558572198
12983080.307655316 4836599.121583307
12983077.499123354 4836599.696749989
12983074.697114957 4836600.324022506
12983071.895106561 4836600.951295072
12983069.093098165 4836601.578567669
12983066.291089771 4836602.205840307
12983063.489081375 4836602.833112988
12983060.694407005 4836603.512546109
12983057.903322978 4836604.2175141955
12983055.112238951 4836604.922482326
12983052.321154922 4836605.627450512
12983049.530070893 4836606.332418744
12983046.742872434 4836607.062254267
12983043.961942405 4836607.832207149
12983041.181012379 4836608.602160089
12983038.400082348 4836609.372113097
12983035.619152319 4836610.142066161
12983032.83822229 4836610.91201928
12983030.058565015 4836611.6894016955
12983027.289755635 4836612.530104806
12983024.520946257 4836613.370807981
12983021.752136877 4836614.211511229
12983018.983327495 4836615.052214553
12983016.223620383 4836615.94112677
12983013.470805652 4836616.866543544
12983010.717990918 4836617.791960402
12983007.965176187 4836618.717377349
12983005.212361453 4836619.642794378
12983002.460689757 4836620.573937573
12982999.709930848 4836621.5096535245
12982996.959171942 4836622.445369568
12982994.211809892 4836623.397232401
12982991.478517063 4836624.415972318
12982988.745224237 4836625.434712338
12982986.011931408 4836626.453452466
12982983.284875523 4836627.499577245
12982980.566732707 4836628.58478294
12982977.87800152 4836629.787755838
12982975.189363156 4836630.99107094
12982972.516579414 4836632.252812504
12982969.843795674 4836633.514554227
12982967.171011932 4836634.776296105
12982964.49822819 4836636.038038143
12982961.843508694 4836637.362747203
12982959.191284783 4836638.695818309
12982956.55598737 4836640.084732231
12982953.920689953 4836641.473646353
12982951.28539254 4836642.862560667
12982948.651034664 4836644.254445122
12982946.028394297 4836645.6833694475
12982943.405753925 4836647.112293983
12982940.811938696 4836648.627521532
12982938.2202111 4836650.148999722
12982935.629669288 4836651.673885725
12982933.041620417 4836653.205935961
12982930.453571545 4836654.737986431
12982927.865522675 4836656.270037134
12982925.277473805 4836657.802088072
12982922.689424934 4836659.334139245
12982920.103277644 4836660.871580008
12982917.52392918 4836662.428289852
12982914.944580717 4836663.984999952
12982912.365232253 4836665.541710284
12982909.800907506 4836667.139676455
12982907.242102046 4836668.752799031
12982904.683727298 4836670.3670694055
12982902.133342383 4836672.002627206
12982899.582957469 4836673.638185277
12982897.032572553 4836675.273743614
12982894.482187636 4836676.909302222
12982891.931986602 4836678.54534404
12982889.387415214 4836680.196171722
12982886.842843827 4836681.84699968
12982884.317624656 4836683.5469826795
12982881.801930904 4836685.271160604
12982879.28861234 4836687.00117531
12982876.77939294 4836688.74126311
12982874.270781226 4836690.482817074
12982871.775773909 4836692.257188027
12982869.280541357 4836694.031022296
12982866.784550395 4836695.803048704
12982864.288559431 4836697.575075425
12982861.80374854 4836699.37319847
12982859.333592247 4836701.2055279305
12982856.85763469 4836703.024510028
12982854.378551131 4836704.836300069
12982851.899467569 4836706.648090435
12982849.429176655 4836708.480084574
12982846.960722003 4836710.316296042
12982844.494805463 4836712.15827657
12982842.028888922 4836714.000257433
12982839.571533691 4836715.860988389
12982837.149825534 4836717.799788813
12982834.728117373 4836719.738589618
12982832.306409216 4836721.6773908
12982829.884701058 4836723.616192348
12982827.462992901 4836725.554994284
12982825.041284742 4836727.493796597
12982822.619576585 4836729.432599287
12982820.197868427 4836731.37140235
12982817.776160266 4836733.310205791
12982815.354452109 4836735.24900961
12982812.932743952 4836737.187813806
12982810.50989485 4836739.124201917
12982808.087001104 4836741.06049585
12982805.664107356 4836742.996790155
12982803.24121361 4836744.933084839
12982800.818319865 4836746.869379891
12982798.395426117 4836748.805675324
12982795.972532371 4836750.741971136
12982793.549638623 4836752.678267324
12982791.126744878 4836754.614563891
12982788.703851134 4836756.550860823
12982786.280957386 4836758.487158142
12982783.85806364 4836760.423455835
12982781.435169892 4836762.359753906
12982779.012276147 4836764.296052345
12982776.589382399 4836766.232351169
12982774.166488653 4836768.168650361
12982771.743594905 4836770.104949936
12982769.32070116 4836772.041249887
12982766.897807412 4836773.977550208
12982764.474913666 4836775.913850912
12982762.05201992 4836777.850151996
12982759.629126173 4836779.786453447
12982757.206232427 4836781.722755277
12982754.783338679 4836783.659057486
12982752.360444933 4836785.595360067
12982749.937551185 4836787.531663029
12982747.514323981 4836789.467258828
12982745.090215651 4836791.4009854365
12982742.666107323 4836793.334712425
12982740.241998993 4836795.268439791
12982737.817890665 4836797.202167528
12982735.393782338 4836799.135895637
12982732.969674008 4836801.069624125
12982730.54556568 4836803.003352989
12982728.119954785 4836804.933865225
12982725.685216276 4836806.84483557
12982723.250477765 4836808.7558062775
12982720.815739257 4836810.666777355
12982718.38100075 4836812.577748796
12982715.946262239 4836814.488720606
12982713.51152373 4836816.399692782
12982711.076785224 4836818.310665323
12982708.642046714 4836820.221638233
12982706.207308203 4836822.132611506
12982703.75844077 4836824.012747491
12982701.309427356 4836825.892565226
12982698.860413946 4836827.7723833155
12982696.411400536 4836829.6522017615
12982693.962387124 4836831.532020559
12982691.504490495 4836833.391902739
12982689.034683194 4836835.225053652
12982686.56487589 4836837.058204902
12982684.095068587 4836838.891356486
12982681.625261283 4836840.724508411
12982679.155453982 4836842.557660669
12982676.68564668 4836844.3908132715
12982674.227995854 4836846.249909773
12982671.845251393 4836848.268866952
12982669.38922499 4836850.125570454
12982666.926678795 4836851.973612564
12982664.480134265 4836853.858874063
12982662.033589732 4836855.744135915
12982659.587045195 4836857.629398124
12982657.140500663 4836859.514660696
12982654.69395613 4836861.399923614
12982652.247411596 4836863.285186898
12982649.800867062 4836865.170450533
12982647.354322528 4836867.055714527
12982644.907777995 4836868.940978879
12982642.458421921 4836870.820003821
12982640.000025667 4836872.678965848
12982637.54162941 4836874.537928229
12982635.083233152 4836876.396890957
12982632.624836896 4836878.255854029
12982630.166440638 4836880.114817449
12982627.708044384 4836881.973781215
12982625.249648126 4836883.832745326
12982622.791251868 4836885.6917097885
12982620.332855612 4836887.550674598
12982617.874459354 4836889.409639753
12982615.4160631 4836891.268605249
12982612.957666842 4836893.1275710985
12982610.499270584 4836894.986537294
12982608.040874328 4836896.845503835
12982605.582478072 4836898.704470724
12982603.124081817 4836900.563437957
12982600.665685559 4836902.422405537
12982598.2072893 4836904.281373467
12982595.748893047 4836906.140341744
12982593.290496789 4836907.999310369
12982590.832100531 4836909.8582793325
12982588.373704275 4836911.717248645
12982585.91530802 4836913.57621831
12982583.456911763 4836915.435188321
12982580.998515505 4836917.29415868
12982578.540119251 4836919.15312938
12982576.081722993 4836921.012100429
12982573.623326736 4836922.871071827
12982571.16493048 4836924.73004357
12982568.706534224 4836926.589015661
12982566.29623206 4836928.5507863695
12982563.898991317 4836930.540475493
12982561.501750575 4836932.53016501
12982559.104509836 4836934.519854928
12982556.707269097 4836936.509545241
12982554.310028357 4836938.499235953
12982551.912787614 4836940.488927063
12982549.515546873 4836942.478618567
12982547.118306134 4836944.468310471
12982544.72106539 4836946.45800277
12982542.323824652 4836948.447695468
12982539.926583912 4836950.437388562
12982537.529343171 4836952.4270820515
12982535.132102432 4836954.416775943
12982532.734861689 4836956.406470231
12982530.33762095 4836958.396164914
12982527.940380208 4836960.385859996
12982525.542498821 4836962.37424637
12982523.143757494 4836964.360875924
12982520.745016165 4836966.347505867
12982518.346274834 4836968.334136213
12982515.947533505 4836970.320766953
12982513.548792176 4836972.307398092
12982511.150050847 4836974.294029623
12982508.751309516 4836976.28066155
12982506.352568187 4836978.267293874
12982503.953826856 4836980.253926593
12982501.555085527 4836982.240559709
12982499.156344196 4836984.227193225
12982496.757602869 4836986.213827135
12982494.35886154 4836988.200461437
12982491.961155295 4836990.189210698
12982489.564276293 4836992.179650322
12982487.167397294 4836994.170090345
12982484.770518292 4836996.160530766
12982482.373639295 4836998.150971579
12982479.976760294 4837000.1414127955
12982477.579881294 4837002.131854407
12982475.183002295 4837004.122296417
12982472.786123294 4837006.112738828
12982470.389244294 4837008.103181634
12982467.992365293 4837010.093624835
12982465.595486294 4837012.084068432
12982463.198607294 4837014.074512432
12982460.801728293 4837016.064956825
12982458.404849293 4837018.055401623
12982456.007915828 4837020.045735674
12982453.610777698 4837022.035652499
12982451.213639567 4837024.025569722
12982448.816501435 4837026.015487342
12982446.419363303 4837028.005405355
12982444.022225171 4837029.995323767
12982441.625087041 4837031.985242583
12982439.22794891 4837033.975161791
12982436.83081078 4837035.965081395
12982434.433672648 4837037.955001398
12982432.036534516 4837039.944921801
12982429.639396384 4837041.934842599
12982427.242258254 4837043.924763795
12982424.845120123 4837045.914685385
12982422.44798199 4837047.904607377
12982420.050843861 4837049.894529762
12982417.651395736 4837051.879709189
12982415.245844673 4837053.85235716
12982412.840293609 4837055.825005527
12982410.48285358 4837057.892147992
12982408.107217047 4837059.924556838
12982405.717820425 4837061.930145035
12982403.29335942 4837063.863175303
12982400.868898412 4837065.796205948
12982398.444437405 4837067.729236973
12982396.043683242 4837069.711665814
12982393.645648679 4837071.699761825
12982391.247614114 4837073.6878582295
12982388.849579548 4837075.67595503
12982386.451544981 4837077.66405223
12982384.05351042 4837079.652149827
12982381.655475855 4837081.640247816
12982379.257441288 4837083.628346208
12982376.859406723 4837085.616444994
12982374.461372158 4837087.604544178
12982372.063337594 4837089.592643762
12982369.66530303 4837091.58074373
12982367.267268464 4837093.568844104
12982364.869233899 4837095.556944878
12982362.471199336 4837097.545046038
12982360.073164769 4837099.5331476005
12982357.675130203 4837101.521249564
12982355.277095638 4837103.5093519185
12982352.879061073 4837105.497454675
12982350.48102651 4837107.485557823
12982348.082991945 4837109.473661366
12982345.684957378 4837111.461765313
12982343.286922814 4837113.4498696495
12982340.888888247 4837115.437974384
12982338.490853684 4837117.426079522
12982336.092819119 4837119.414185048
12982333.694784554 4837121.402290971
12982331.296749989 4837123.390397299
12982328.898715425 4837125.3785040155
12982326.500978684 4837127.367219344
12982324.10388097 4837129.357240096
12982321.706783261 4837131.347261242
12982319.309685549 4837133.337282785
12982316.912587836 4837135.3273047265
12982314.515490126 4837137.317327067
12982312.118392415 4837139.307349801
12982309.721294703 4837141.297372937
12982307.32419699 4837143.287396466
12982304.927099278 4837145.277420393
12982302.53000157 4837147.267444724
12982300.132903857 4837149.257469443
12982297.735806145 4837151.247494566
12982295.338708432 4837153.2375200875
12982292.94161072 4837155.227545997
12982290.544513011 4837157.217572313
12982288.147415299 4837159.207599026
12982285.750317587 4837161.197626133
12982283.353219874 4837163.187653639
12982280.956122166 4837165.177681542
12982278.559024453 4837167.167709844
12982276.16192674 4837169.157738544
12982273.764829032 4837171.147767635
12982271.36773132 4837173.13779713
12982268.970633607 4837175.127827023
12982266.573535895 4837177.117857309
12982264.176438183 4837179.107887996
12982261.779340474 4837181.097919078
12982259.382242762 4837183.08795056
12982256.98514505 4837185.0779824415
12982254.588047337 4837187.06801471
12982252.190949626 4837189.058047385
12982249.793851916 4837191.048080457
12982247.396754203 4837193.038113921
12982244.999656491 4837195.028147791
12982242.60255878 4837197.018182052
12982240.205461068 4837199.00821671
12982237.808363358 4837200.998251771
12982235.411265645 4837202.9882872235
12982233.014167935 4837204.978323078
12982230.617070224 4837206.968359327
12982228.219525188 4837208.957482353
12982225.82135103 4837210.945320846
12982223.423176872 4837212.933159736
12982221.025002712 4837214.920999024
12982218.626828553 4837216.908838706
12982216.228654396 4837218.896678783
12982213.830480237 4837220.884519256
12982211.432306077 4837222.872360127
12982209.034131922 4837224.860201398
12982206.635957763 4837226.848043058
12982204.237783603 4837228.835885123
12982201.839609446 4837230.82372758
12982199.441435287 4837232.811570433
12982197.043261128 4837234.799413684
12982194.64508697 4837236.787257335
12982192.246912811 4837238.775101381
12982189.848738654 4837240.7629458215
12982187.450564492 4837242.750790658
12982185.052390335 4837244.73863589
12982182.654216176 4837246.726481523
12982180.256042017 4837248.714327551
12982177.857867861 4837250.702173973
12982175.459693702 4837252.690020798
12982173.061519543 4837254.677868014
12982170.663345385 4837256.665715626
12982168.265171226 4837258.653563638
12982165.866997067 4837260.641412045
12982163.468822908 4837262.629260848
12982161.07064875 4837264.6171100475
12982158.672474593 4837266.604959647
12982156.274300436 4837268.592809635
12982153.876126276 4837270.580660028
12982151.477952117 4837272.568510813
12982149.079777958 4837274.556361996
12982146.6816038 4837276.544213574
12982144.283429641 4837278.532065553
12982141.885255482 4837280.51991793
12982139.487223022 4837282.508060042
12982137.090420837 4837284.498714777
12982134.693618653 4837286.489369906
12982132.29681647 4837288.480025431
12982129.900014283 4837290.470681357
12982127.503212102 4837292.46133768
12982125.106409919 4837294.451994402
12982122.709607733 4837296.442651518
12982120.31280555 4837298.4333090335
12982117.916003365 4837300.423966949
12982115.51920118 4837302.414625261
12982113.122398997 4837304.405283967
12982110.725596812 4837306.3959430745
12982108.32879463 4837308.38660258
12982105.931992443 4837310.377262483
12982103.535190262 4837312.367922781
12982101.138388077 4837314.358583479
12982098.741585894 4837316.349244576
12982096.344783708 4837318.33990607
12982093.947981525 4837320.330567964
12982091.55117934 4837322.32123025
12982089.154377155 4837324.311892939
12982086.757574972 4837326.302556023
12982084.360772787 4837328.293219506
12982081.963970603 4837330.283883383
12982079.567168422 4837332.27454766
12982077.170366235 4837334.265212336
12982074.773564052 4837336.255877409
12982072.376761869 4837338.24654288
12982069.979959683 4837340.237208745
12982067.5831575 4837342.227875013
12982065.186355315 4837344.218541676
12982062.788873956 4837346.207822116
12982060.39095674 4837348.196213093
12982057.993039528 4837350.184604474
12982055.595122313 4837352.172996244
12982053.197205098 4837354.161388417
12982050.799287885 4837356.149780979
12982048.40137067 4837358.138173944
12982046.003453456 4837360.12656731
12982043.605536243 4837362.114961068
12982041.207619028 4837364.1033552205
12982038.809701813 4837366.0917497715
12982036.411784599 4837368.080144717
12982034.013867384 4837370.068540066
12982031.61595017 4837372.056935804
12982029.218032956 4837374.045331945
12982026.820115741 4837376.033728479
12982024.422198528 4837378.022125413
12982022.024281314 4837380.010522742
12982019.626364099 4837381.99892047
12982017.228446886 4837383.987318592
12982014.830529671 4837385.97571711
12982012.432612456 4837387.964116026
12982010.034695243 4837389.9525153395
12982007.636778029 4837391.94091505
12982005.238860814 4837393.929315158
12982002.8409436 4837395.917715663
12982000.443026386 4837397.90611656
12981998.045109171 4837399.894517861
12981995.647191957 4837401.882919548
12981993.249274744 4837403.871321643
12981990.851357529 4837405.859724133
12981988.453440314 4837407.848127014
12981986.055523101 4837409.836530296
12981983.657605886 4837411.824933975
12981981.259688672 4837413.813338055
12981978.861771459 4837415.801742523
12981976.463854244 4837417.790147388
12981974.066401195 4837419.779500677
12981971.669076692 4837421.7691169
12981969.271752188 4837423.758733517
12981966.874427684 4837425.7483505355
12981964.477103181 4837427.737967957
12981962.079778677 4837429.727585766
12981959.682454173 4837431.717203975
12981957.285129668 4837433.706822583
12981954.887805168 4837435.696441592
12981952.490480663 4837437.686060991
12981950.09315616 4837439.675680789
12981947.695831656 4837441.6653009895
12981945.298507152 4837443.654921585
12981942.90118265 4837445.644542574
12981940.503858145 4837447.634163961
12981938.106533641 4837449.623785751
12981935.709209137 4837451.613407936
12981933.311884636 4837453.603030513
12981930.914560411 4837455.59265406
12981928.517236354 4837457.582278347
12981926.119912297 4837459.571903036
12981923.72258824 4837461.561528113
12981921.325264184 4837463.551153596
12981918.927940125 4837465.540779469
12981916.53061607 4837467.530405743
12981914.133292012 4837469.520032413
12981911.735967955 4837471.50965948
12981909.338643897 4837473.499286946
12981906.941319842 4837475.4889148045
12981904.543995783 4837477.478543069
12981902.146671727 4837479.468171728
12981899.74934767 4837481.457800781
12981897.352023613 4837483.447430234
12981894.954699555 4837485.43706008
12981892.5573755 4837487.42669033
12981890.16005144 4837489.416320974
12981887.762727385 4837491.405952016
12981885.365403328 4837493.3955834545
12981882.96807927 4837495.385215295
12981880.570755213 4837497.374847528
12981878.173431158 4837499.364480155
12981875.776107103 4837501.354113183
12981873.378783043 4837503.343746607
12981870.981458988 4837505.333380432
12981868.58413493 4837507.323014653
12981866.186810872 4837509.312649267
12981863.789486816 4837511.302284283
12981861.39216276 4837513.291919693
12981858.994838702 4837515.281555503
12981856.597514646 4837517.271191714
12981854.200190589 4837519.260828313
12981851.80286653 4837521.250465314
12981849.405542474 4837523.240102714
12981847.008218419 4837525.229740509
12981844.61089436 4837527.219378706
12981842.213570304 4837529.209017293
12981839.816246247 4837531.198656284
12981837.418922188 4837533.188295666
12981835.021598132 4837535.177935448
12981832.624274077 4837537.1675756285
12981830.226950018 4837539.157216208
12981827.829625962 4837541.146857183
12981825.432301905 4837543.136498552
12981823.034694124 4837545.125560959
12981820.637073409 4837547.114597348
12981818.239452694 4837549.103634129
12981815.841831975 4837551.092671315
12981813.444211261 4837553.081708891
12981811.046590546 4837555.070746868
12981808.648969827 4837557.059785243
12981806.251349112 4837559.048824011
12981803.853728397 4837561.037863181
12981801.45610768 4837563.026902739
12981799.058486965 4837565.015942708
12981796.66086625 4837567.0049830675
12981794.263245532 4837568.994023826
12981791.865624817 4837570.9830649765
12981789.468004102 4837572.972106525
12981787.070383385 4837574.961148472
12981784.67276267 4837576.950190815
12981782.275141954 4837578.939233556
12981779.877521237 4837580.928276695
12981777.479900522 4837582.917320232
12981775.082279807 4837584.906364162
12981772.68465909 4837586.895408493
12981770.287038375 4837588.884453222
12981767.88941766 4837590.873498347
12981765.49179694 4837592.862543862
12981763.094176225 4837594.851589785
12981760.696555508 4837596.840636096
12981758.298934793 4837598.829682812
12981755.901314078 4837600.818729923
12981753.50369336 4837602.807777427
12981751.106072646 4837604.7968253335
12981748.70845193 4837606.785873631
12981746.310831213 4837608.774922331
12981743.913210498 4837610.763971424
12981741.515589783 4837612.753020917
12981739.117969066 4837614.742070803
12981736.72034835 4837616.731121091
12981734.322727636 4837618.720171773
12981731.925106917 4837620.709222855
12981729.527486203 4837622.698274334
12981727.129865488 4837624.687326209
12981724.73224477 4837626.67637848
12981722.334624054 4837628.66543115
12981719.93700334 4837630.65448421
12981717.539382622 4837632.643537679
12981715.141761906 4837634.632591539
12981712.744141191 4837636.621645794
12981710.346520474 4837638.610700447
12981707.948899759 4837640.5997554995
12981705.551279044 4837642.588810945
12981703.153658327 4837644.577866793
12981700.756037612 4837646.566923037
12981698.358416896 4837648.555979675
12981695.96079618 4837650.545036713
12981693.563175464 4837652.534094145
12981691.165554745 4837654.523151977
12981688.767934032 4837656.512210207
12981686.370313317 4837658.501268834
12981683.972692598 4837660.490327854
12981681.575071882 4837662.479387275
12981679.177451167 4837664.468447088
12981676.77983045 4837666.457507305
12981674.382209735 4837668.4465679135
12981671.98458902 4837670.435628923
12981669.586968303 4837672.424690326
12981667.189347588 4837674.413752129
12981664.791726872 4837676.402814326
12981662.394106155 4837678.391876923
12981659.99648544 4837680.380939919
12981657.598864725 4837682.370003307
12981655.201244008 4837684.359067097
12981652.803623293 4837686.348131279
12981650.406002577 4837688.337195862
12981648.00838186 4837690.326260843
12981645.610761145 4837692.315326216
12981643.21314043 4837694.304391993
12981640.815519711 4837696.293458155
12981638.417898996 4837698.282524729
12981636.020278282 4837700.271591694
12981633.622657564 4837702.260659054
12981631.225036846 4837704.2497268105
12981628.827416131 4837706.2387949675
12981626.429795416 4837708.227863518
12981624.032174699 4837710.216932471
12981621.634553984 4837712.206001818
12981619.236933269 4837714.19507156
12981616.839312552 4837716.184141704
12981614.441691836 4837718.173212244
12981612.044071121 4837720.1622831775
12981609.646450402 4837722.151354511
12981607.248829689 4837724.140426243
12981604.851208974 4837726.129498366
12981602.453588255 4837728.118570893
12981600.05596754 4837730.107643811
12981597.658346824 4837732.096717131
12981595.260726107 4837734.085790844
12981592.863105392 4837736.074864959
12981590.465484677 4837738.063939467
12981588.06786396 4837740.053014373
12981585.670243245 4837742.042089676
12981583.27262253 4837744.031165378
12981580.875001812 4837746.020241478
12981578.477381097 4837748.00931797
12981576.079760382 4837749.998394865
12981573.682139667 4837751.987472152
12981571.28451895 4837753.97654984
12981568.88689823 4837755.965627924
12981566.48927752 4837757.954706407
12981564.091656802 4837759.943785282
12981561.694036083 4837761.932864559
12981559.296415368 4837763.921944229
12981556.898794653 4837765.911024299
12981554.501173936 4837767.900104764
12981552.10355322 4837769.889185624
12981549.705932505 4837771.878266887
12981547.308311788 4837773.867348546
12981544.910691073 4837775.856430599
12981542.513070358 4837777.845513052
12981540.11544964 4837779.834595904
12981537.717828926 4837781.823679145
12981535.32020821 4837783.812762791
12981532.922587493 4837785.801846831
12981530.524966778 4837787.7909312695
12981528.127346063 4837789.780016106
12981525.729725344 4837791.7691013375
12981523.33210463 4837793.758186964
12981520.934483916 4837795.7472729925
12981518.536863197 4837797.736359413
12981516.139242481 4837799.725446232
12981513.741621766 4837801.714533449
12981511.34400105 4837803.703621062
12981508.946380334 4837805.692709075
12981506.548759619 4837807.681797482
12981504.151138902 4837809.670886288
12981501.753518187 4837811.659975493
12981499.35589747 4837813.649065094
12981496.958276754 4837815.638155091
12981494.560656039 4837817.627245487
12981492.168400493 4837819.627186336
12981489.784659605 4837821.644346908
12981487.400918717 4837823.6615078915
12981485.010875657 4837825.6659748675
12981482.613704655 4837827.655985513
12981480.216533655 4837829.645996552
12981477.819362657 4837831.636007989
12981475.422191657 4837833.626019827
12981473.025020655 4837835.616032059
12981470.627849655 4837837.6060446855
12981468.230678657 4837839.596057712
12981465.833507657 4837841.586071136
12981463.436336657 4837843.576084958
12981461.039165655 4837845.566099177
12981458.641994657 4837847.556113794
12981456.244823657 4837849.546128809
12981453.847652657 4837851.536144224
12981451.450481659 4837853.526160035
12981449.053310657 4837855.51617624
12981446.656139657 4837857.506192846
12981444.258968659 4837859.496209848
12981441.861797659 4837861.486227242
12981439.464626659 4837863.47624504
12981437.06745566 4837865.466263237
12981434.670284659 4837867.456281831
12981432.273113659 4837869.4463008195
12981429.875942659 4837871.436320202
12981427.47877166 4837873.4263399895
12981425.08160066 4837875.416360171
12981422.684429659 4837877.406380751
12981420.287258659 4837879.3964017285
12981417.89008766 4837881.386423103
12981415.49291666 4837883.376444877
12981413.095745662 4837885.366467043
12981410.69857466 4837887.35648961
12981408.30140366 4837889.346512578
12981405.90423266 4837891.336535939
12981403.507061662 4837893.3265597
12981401.109890662 4837895.316583853
12981398.71271966 4837897.306608408
12981396.31554866 4837899.296633359
12981393.918377662 4837901.286658708
12981391.521206662 4837903.276684455
12981389.124035664 4837905.266710603
12981386.726864664 4837907.256737144
12981384.329693662 4837909.246764081
12981381.932522662 4837911.236791418
12981379.535351664 4837913.226819157
12981377.138180664 4837915.2168472875
12981374.741009664 4837917.206875817
12981372.343838662 4837919.19690474
12981369.946667664 4837921.186934069
12981367.549496664 4837923.17696379
12981365.152325664 4837925.16699391
12981362.755154666 4837927.157024428
12981360.357983664 4837929.147055346
12981357.960812664 4837931.137086656
12981355.563641666 4837933.127118366
12981353.166470665 4837935.117150471
12981350.769299664 4837937.107182974
12981348.372128664 4837939.097215875
12981345.974957665 4837941.087249175
12981343.577786665 4837943.077282872
12981341.180615664 4837945.067316966
12981338.783444664 4837947.057351459
12981336.386273665 4837949.047386348
12981333.989102665 4837951.037421639
12981331.591931667 4837953.027457324
12981329.194760663 4837955.017493405
12981326.797589665 4837957.007529885
12981324.400418665 4837958.9975667605
12981322.003247667 4837960.987604035
12981319.606076665 4837962.977641708
12981317.208905665 4837964.967679778
12981314.811734665 4837966.95771824
12981312.414563667 4837968.947757105
12981310.017392667 4837970.937796368
12981307.620221665 4837972.927836027
12981305.223050665 4837974.917876088
12981302.825879667 4837976.907916542
12981300.428708667 4837978.897957395
12981298.031537669 4837980.887998649
12981295.634366665 4837982.878040292
12981293.237195667 4837984.868082335
12981290.840024667 4837986.858124778
12981288.442853669 4837988.848167618
12981286.045682669 4837990.838210856
12981283.648511667 4837992.82825449
12981281.251340667 4837994.818298521
12981278.854169669 4837996.808342956
12981276.456998669 4837998.798387784
12981274.059827669 4838000.788433007
12981271.66265667 4838002.778478631
12981269.265485669 4838004.76852465
12981266.868314669 4838006.758571064
12981264.47114367 4838008.748617879
12981262.07397267 4838010.738665091
12981259.67680167 4838012.728712704
12981257.279630668 4838014.718760712
12981254.88245967 4838016.708809113
12981252.48528867 4838018.698857918
12981250.08811767 4838020.6889071185
12981247.690946672 4838022.678956716
12981245.29377567 4838024.669006711
12981242.896737853 4838026.659328927
12981240.49974232 4838028.649737836
12981238.102746788 4838030.640147141
12981235.705751255 4838032.63055685
12981233.308755718 4838034.620966946
12981230.911760187 4838036.611377442
12981228.514764654 4838038.601788342
12981226.117769117 4838040.592199637
12981223.720773583 4838042.582611328
12981221.323778052 4838044.573023422
12981218.926782515 4838046.563435905
12981216.529786982 4838048.55384879
12981214.13279145 4838050.544262071
12981211.735795913 4838052.534675753
12981209.33880038 4838054.525089827
12981206.941804847 4838056.515504306
12981204.544809312 4838058.505919179
12981202.147813778 4838060.49633445
12981199.750818245 4838062.486750114
12981197.35382271 4838064.477166186
12981194.956827177 4838066.467582653
12981192.559831643 4838068.457999511
12981190.162836108 4838070.448416773
12981187.765840575 4838072.438834427
12981185.368845042 4838074.429252485
12981182.971849509 4838076.419670933
12981180.574853973 4838078.410089782
12981178.17785844 4838080.40050903
12981175.780862907 4838082.390928679
12981173.383867372 4838084.381348722
12981170.986871839 4838086.371769159
12981168.589876305 4838088.362189997
12981166.19288077 4838090.3526112335
12981163.795885237 4838092.34303287
12981161.398889704 4838094.333454901
12981159.001894169 4838096.323877331
12981156.604898635 4838098.314300154
12981154.207903102 4838100.304723382
12981151.810907569 4838102.295147003
12981149.413912034 4838104.285571023
12981147.0169165 4838106.275995437
12981144.619920967 4838108.266420255
12981142.222925432 4838110.256845468
12981139.825668199 4838112.246736831
12981137.428161105 4838114.236118501
12981135.03065401 4838116.22550057
12981132.633146912 4838118.214883034
12981130.235639816 4838120.204265892
12981127.838132719 4838122.193649153
12981125.440625623 4838124.183032812
12981123.043118525 4838126.17241686
12981120.64561143 4838128.161801314
12981118.248104334 4838130.151186161
12981115.850597236 4838132.140571409
12981113.45309014 4838134.129957046
12981111.055583043 4838136.119343085
12981108.658075947 4838138.108729525
12981106.26056885 4838140.098116358
12981103.863061754 4838142.087503588
12981101.465554658 4838144.076891219
12981099.06804756 4838146.066279246
12981096.670540465 4838148.055667664
12981094.273033367 4838150.045056487
12981091.875526272 4838152.034445704
12981089.478019176 4838154.023835321
12981087.080512078 4838156.013225332
12981084.683004983 4838158.002615741
12981082.285497885 4838159.992006548
12981079.88799079 4838161.981397752
12981077.490483692 4838163.9707893515
12981075.092976596 4838165.960181354
12981072.6954695 4838167.949573748
12981070.297962403 4838169.93896654
12981067.900455307 4838171.92835973
12981065.50294821 4838173.917753316
12981063.105441112 4838175.907147304
12981060.707934016 4838177.896541685
12981058.310426919 4838179.885936464
12981055.912919823 4838181.875331639
12981053.515412727 4838183.864727216
12981051.11790563 4838185.8541231835
12981048.720398534 4838187.843519554
12981046.322891437 4838189.832916319
12981043.92538434 4838191.822313482
12981041.527877245 4838193.811711041
12981039.130370148 4838195.801108997
12981036.732863052 4838197.790507359
12981034.335355954 4838199.779906107
12981031.937848859 4838201.769305259
12981029.540341761 4838203.758704801
12981027.14279114 4838205.748015823
12981024.7447983 4838207.736423815
12981022.346805459 4838209.724832194
12981019.94881262 4838211.713240976
12981017.550819779 4838213.7016501585
12981015.152826939 4838215.690059727
12981012.757179191 4838217.683253228
12981010.361817818 4838219.677031262
12981007.966456447 4838221.670809704
12981005.571095075 4838223.664588548
12981003.175733702 4838225.658367781
12981000.780372329 4838227.652147419
12980998.385010956 4838229.645927458
