12961257.760591343 4889173.582933287
12961263.53972772 4889174.584053712
12961269.318864102 4889175.585174239
12961275.097964494 4889176.58665008
12961280.877157796 4889177.587141723
12961286.66046181 4889178.546172558
12961292.443765827 4889179.505203488
12961298.227069838 4889180.464234512
12961304.01125876 4889181.414064957
12961309.795832427 4889182.359895231
12961315.580406094 4889183.305725595
12961321.364979757 4889184.251556049
12961327.149553424 4889185.1973865945
12961332.93523581 4889186.1314347135
12961338.722385336 4889187.04989148
12961344.509534862 4889187.968348325
12961350.296684386 4889188.886805259
12961356.083833912 4889189.8052622825
12961361.870983439 4889190.723719388
12961367.658132963 4889191.642176574
12961373.445282489 4889192.56063385
12961379.23340737 4889193.468392983
12961385.023591068 4889194.353504182
12961390.813774766 4889195.238615455
12961396.603958467 4889196.123726811
12961402.394142164 4889197.008838249
12961408.184325863 4889197.893949766
12961413.97450956 4889198.779061359
12961419.764693258 4889199.664173034
12961425.555288296 4889200.544603784
12961431.347895978 4889201.402131016
12961437.140503658 4889202.259658322
12961442.933111336 4889203.117185699
12961448.725719018 4889203.974713151
12961454.518326698 4889204.832240678
12961460.31093438 4889205.689768284
12961466.10354206 4889206.547295954
12961471.898560023 4889207.376309884
12961477.694372892 4889208.195920098
12961483.490185758 4889209.01553038
12961489.285998628 4889209.835140727
12961495.081811497 4889210.654751145
12961500.877624363 4889211.474361629
12961506.673630739 4889212.291591982
12961512.471514545 4889213.085729236
12961518.269398356 4889213.8798665535
12961524.067282166 4889214.67400393
12961529.865165973 4889215.468141374
12961535.663049784 4889216.262278884
12961541.462226065 4889217.0400258
12961547.261885393 4889217.811647013
12961553.06154472 4889218.583268284
12961558.861204049 4889219.354889612
12961564.660863379 4889220.126511002
12961570.460522704 4889220.898132451
12961576.260182034 4889221.669753963
12961582.061068285 4889222.425206193
12961587.863456689 4889223.160861959
12961593.665845094 4889223.896517782
12961599.468233498 4889224.632173659
12961605.270621901 4889225.367829591
12961611.073010307 4889226.103485579
12961616.87539871 4889226.839141616
12961622.678190999 4889227.56919761
12961628.483321447 4889228.266833723
12961634.288451891 4889228.964469884
12961640.09358234 4889229.66210609
12961645.898712786 4889230.359742351
12961651.70384323 4889231.057378655
12961657.508973679 4889231.755015017
12961663.314104123 4889232.452651422
12961669.11923457 4889233.150287875
12961674.924365018 4889233.847924383
12961680.731439175 4889234.517242245
12961686.53860321 4889235.18527346
12961692.345767247 4889235.853304717
12961698.152931282 4889236.521336021
12961703.960095318 4889237.189367371
12961709.767461732 4889237.854322586
12961715.576444533 4889238.494708346
12961721.385427335 4889239.13509415
12961727.194410136 4889239.775479992
12961733.003392937 4889240.415865875
12961738.81237574 4889241.056251804
12961744.62135854 4889241.696637774
12961750.431364689 4889242.320600905
12961756.242903624 4889242.919965615
12961762.054442558 4889243.5193303535
12961767.865981493 4889244.118695128
12961773.677520428 4889244.7180599375
12961779.489059363 4889245.317424784
12961785.300598301 4889245.916789675
12961791.112137236 4889246.516154594
12961796.92367617 4889247.115519551
12961802.735215105 4889247.714884546
12961808.547153026 4889248.307400607
12961814.360976733 4889248.8675454175
12961820.174800439 4889249.42769026
12961825.988624146 4889249.987835136
12961831.802447852 4889250.547980041
12961837.61627156 4889251.108124984
12961843.430095267 4889251.668269954
12961849.24391897 4889252.228414956
12961855.0583281 4889252.777998737
12961860.873076446 4889253.321462872
12961866.687824795 4889253.8649270395
12961872.502573144 4889254.408391234
12961878.317321489 4889254.951855459
12961884.13244 4889255.488275296
12961889.94931472 4889255.991273333
12961895.766189445 4889256.494271406
12961901.583064167 4889256.997269504
12961907.39993889 4889257.500267622
12961913.216813613 4889258.00326577
12961919.033688333 4889258.506263941
12961924.850563057 4889259.00926214
12961930.66838909 4889259.492821498
12961936.486785147 4889259.964733165
12961942.305181202 4889260.436644851
12961948.123577258 4889260.908556559
12961953.941973312 4889261.380468289
12961959.76036937 4889261.852380048
12961965.578765424 4889262.324291826
12961971.397912176 4889262.779876328
12961977.217809193 4889263.218957437
12961983.037706211 4889263.6580385575
12961988.857603224 4889264.097119697
12961994.677500242 4889264.536200861
12962000.497397259 4889264.975282043
12962006.318310669 4889265.39052383
12962012.139418773 4889265.801199101
12962017.96052688 4889266.211874385
12962023.781634985 4889266.622549691
12962029.602743091 4889267.033225008
12962035.423851196 4889267.443900344
12962041.245198455 4889267.848561166
12962047.067447444 4889268.230543808
12962052.889696436 4889268.612526469
12962058.711945428 4889268.994509146
12962064.53419442 4889269.376491832
12962070.35644341 4889269.758474537
12962076.178692402 4889270.140457257
12962082.001600603 4889270.504789079
12962087.824571596 4889270.867439661
12962093.647542588 4889271.230090257
12962099.47051358 4889271.5927408645
12962105.29348457 4889271.955391482
12962111.116455566 4889272.31804212
12962116.939589746 4889272.675998097
12962122.763677523 4889273.00652091
12962128.587765299 4889273.337043742
12962134.411853077 4889273.667566577
12962140.235940853 4889273.99808943
12962146.060028633 4889274.328612292
12962151.88411641 4889274.659135168
12962157.708204184 4889274.989658048
12962163.532291964 4889275.320180946
12962169.35637974 4889275.650703848
12962175.180827418 4889275.969816795
12962181.00592226 4889276.268412724
12962186.831017103 4889276.56700866
12962192.656111943 4889276.865604602
12962198.481206786 4889277.164200551
12962204.306301625 4889277.462796513
12962210.132133465 4889277.735558756
12962215.958030056 4889278.0060511865
12962221.78392665 4889278.276543625
12962227.609823246 4889278.547036068
12962233.435719837 4889278.817528514
12962239.261616431 4889279.088020974
12962245.087513026 4889279.358513446
12962250.913409617 4889279.629005918
12962256.739939684 4889279.8746088855
12962262.566681437 4889280.111894473
12962268.393423194 4889280.349180065
12962274.220164947 4889280.5864656605
12962280.047276793 4889280.806768779
12962285.874884322 4889281.004326152
12962291.702491853 4889281.20188353
12962297.53009938 4889281.399440915
12962303.357706912 4889281.596998298
12962309.185314441 4889281.794555691
12962315.012921972 4889281.9921130845
12962320.84096827 4889282.165729098
12962326.66911427 4889282.333905012
12962332.497260265 4889282.502080929
12962338.325406263 4889282.67025685
12962344.15355226 4889282.838432773
12962349.981698258 4889283.0066086985
12962355.809982069 4889283.166382829
12962361.638275543 4889283.325567881
12962367.466569018 4889283.484752935
12962373.294862492 4889283.643937988
12962379.123155968 4889283.803123053
12962384.951449443 4889283.962308114
12962390.779858876 4889284.113447138
12962396.60859527 4889284.241898929
12962402.437331665 4889284.370350714
12962408.266068062 4889284.498802512
12962414.094804458 4889284.627254308
12962419.923540855 4889284.755706102
12962425.75227725 4889284.884157902
12962431.581178717 4889284.99772229
12962437.410309702 4889285.090587661
12962443.239440681 4889285.183453023
12962449.068571666 4889285.276318391
12962454.897702646 4889285.369183764
12962460.72683363 4889285.462049132
12962466.556055645 4889285.5438084
12962472.385367913 4889285.614556968
12962478.214680178 4889285.685305531
12962484.043992449 4889285.756054097
12962489.873304714 4889285.826802666
12962495.702616982 4889285.89755123
12962501.532120641 4889285.931569924
12962507.36162822 4889285.964835668
12962513.191135801 4889285.998101416
12962519.020643383 4889286.031367163
12962524.850150963 4889286.064632909
12962530.679658545 4889286.097898657
12962536.509166123 4889286.131164398
12962542.338707007 4889286.148400039
12962548.168266654 4889286.156602086
12962553.9978263 4889286.164804132
12962559.827385947 4889286.173006183
12962565.656945594 4889286.181208227
12962571.48650524 4889286.189410273
12962577.316064887 4889286.197612324
12962583.145624535 4889286.205814365
12962588.975184182 4889286.214016416
12962594.804737465 4889286.205286359
12962600.63428813 4889286.189583926
12962606.463838795 4889286.173881495
12962612.29338946 4889286.158179069
12962618.122940125 4889286.142476635
12962623.95249079 4889286.126774205
12962629.782041457 4889286.111071772
12962635.611505842 4889286.069808217
12962641.440935086 4889286.018132855
12962647.270364333 4889285.96645749
12962653.099793578 4889285.914782125
12962658.92922282 4889285.863106767
12962664.758582009 4889285.801413241
12962670.587757852 4889285.713501372
12962676.416933699 4889285.625589501
12962682.246109542 4889285.5376776345
12962688.075285386 4889285.449765768
12962693.904461231 4889285.361853899
12962699.73353338 4889285.263553849
12962705.562475443 4889285.1522218995
12962711.391417509 4889285.04088995
12962717.220359575 4889284.92955801
12962723.049301641 4889284.818226056
12962728.878243703 4889284.706894115
12962734.70718577 4889284.595562171
12962740.536035368 4889284.476740515
12962746.364684276 4889284.3416625345
12962752.193333182 4889284.206584549
12962758.021982092 4889284.071506569
12962763.850630999 4889283.93642859
12962769.679279905 4889283.801350615
12962775.50778096 4889283.656202266
12962781.33609411 4889283.498255431
12962787.16440726 4889283.340308604
12962792.99272041 4889283.182361776
12962798.82103356 4889283.024414947
12962804.64934671 4889282.866468122
12962810.477083601 4889282.676596072
12962816.304596664 4889282.474323934
12962822.13210973 4889282.272051796
12962827.959622791 4889282.069779668
12962833.787135856 4889281.867507542
12962839.61464892 4889281.665235416
12962845.442161985 4889281.462963301
12962851.269675046 4889281.2606911855
12962857.09699615 4889281.049540687
12962862.923927953 4889280.820384721
12962868.750859758 4889280.59122876
12962874.577791564 4889280.362072802
12962880.404723369 4889280.132916853
12962886.231655173 4889279.903760904
12962892.058488274 4889279.670454539
12962897.885035276 4889279.425117748
12962903.711582279 4889279.179780959
12962909.538129281 4889278.934444172
12962915.364676286 4889278.689107392
12962921.191223288 4889278.443770622
12962927.016690394 4889278.157933631
12962932.842137104 4889277.871331448
12962938.667583806 4889277.584729274
12962944.493030515 4889277.298127108
12962950.31847722 4889277.0115249455
12962956.143923927 4889276.724922797
12962961.969208665 4889276.432840233
12962967.794173248 4889276.129924928
12962973.619137835 4889275.827009639
12962979.44410242 4889275.5240943525
12962985.269067006 4889275.2211790765
12962991.094031591 4889274.918263814
12962996.918996178 4889274.615348556
12963002.743960762 4889274.312433308
12963008.56881621 4889274.006095218
12963014.392820735 4889273.673070184
12963020.216825258 4889273.3400451625
12963026.040829783 4889273.007020154
12963031.864834307 4889272.673995151
12963037.688838828 4889272.340970161
12963043.512843354 4889272.007945188
12963049.335431978 4889271.635318993
12963055.157760141 4889271.255407892
12963060.980088301 4889270.875496799
12963066.80241646 4889270.495585725
12963072.62474462 4889270.115674663
12963078.447072782 4889269.735763615
12963084.268984642 4889269.3451185655
12963090.090794332 4889268.951839053
12963095.912604023 4889268.558559554
12963101.73441371 4889268.16528007
12963107.5562234 4889267.772000607
12963113.37803309 4889267.378721158
12963119.199842779 4889266.985441726
12963125.021652468 4889266.592162305
12963130.84238221 4889266.1729946695
12963136.66231766 4889265.734786549
12963142.482253112 4889265.296578443
12963148.30218856 4889264.85837036
12963154.122124014 4889264.420162296
12963159.942059467 4889263.981954248
12963165.761939863 4889263.542504832
12963171.581547804 4889263.096911926
12963177.401155742 4889262.651319036
12963183.220763683 4889262.205726168
12963189.040371623 4889261.760133325
12963194.858686352 4889261.28712176
12963200.676504426 4889260.803261472
12963206.494770112 4889260.328605721
12963212.313035795 4889259.85394998
12963218.131301483 4889259.379294271
12963223.949567167 4889258.904638583
12963229.767246606 4889258.418203636
12963235.583418097 4889257.901470036
12963241.399589587 4889257.384736457
12963247.215761079 4889256.868002907
12963253.031932568 4889256.351269389
12963258.848104062 4889255.834535897
12963264.664275551 4889255.31780243
12963270.480447043 4889254.801068989
12963276.29603437 4889254.27329224
12963282.11115102 4889253.73661747
12963287.926267663 4889253.199942724
12963293.741384313 4889252.663268008
12963299.556264468 4889252.122289136
12963305.370247653 4889251.564985389
12963311.184230836 4889251.00768167
12963316.998214023 4889250.450377987
12963322.812197207 4889249.893074335
12963328.626180392 4889249.335770711
12963334.440163579 4889248.7784671215
12963340.254146762 4889248.221163563
12963346.067969887 4889247.661116052
12963351.879245337 4889247.057392849
12963357.690520784 4889246.45366968
12963363.501796233 4889245.849946548
12963369.31307168 4889245.246223458
12963375.124347128 4889244.642500406
12963380.935622575 4889244.038777384
12963386.746898023 4889243.4350544
12963392.558173474 4889242.831331455
12963398.36944892 4889242.227608545
12963404.180293046 4889241.617009059
12963409.989032904 4889240.97286111
12963415.797772763 4889240.3287132075
12963421.606512617 4889239.684565348
12963427.415252477 4889239.040417529
12963433.223992335 4889238.396269754
12963439.03273219 4889237.752122015
12963444.841472048 4889237.107974319
12963450.649086602 4889236.446890103
12963456.45563195 4889235.76971376
12963462.262177303 4889235.092537458
12963468.06872265 4889234.415361206
12963473.875268003 4889233.738184997
12963479.681813354 4889233.061008835
12963485.488358704 4889232.383832715
12963491.294304974 4889231.6981190005
12963497.098009855 4889230.980462626
12963502.901714731 4889230.262806295
12963508.70541961 4889229.545150028
12963514.509124486 4889228.827493808
12963520.312829364 4889228.109837636
12963526.11653424 4889227.392181519
12963531.92023912 4889226.674525456
12963537.723943997 4889225.956869442
12963543.527648874 4889225.239213487
12963549.331353752 4889224.521557572
12963555.135058628 4889223.803901715
12963560.935989046 4889223.048962842
12963566.736481514 4889222.2881388925
12963572.536973983 4889221.527315004
12963578.337466449 4889220.766491173
12963584.137958918 4889220.0056674015
12963589.938451389 4889219.244843686
12963595.738943854 4889218.484020033
12963601.539436324 4889217.723196432
12963607.339221902 4889216.95336452
12963613.136845281 4889216.155978318
12963618.934468659 4889215.358592182
12963624.732092036 4889214.5612061005
12963630.529715413 4889213.763820092
12963636.32733879 4889212.966434149
12963642.1238805 4889212.15575754
12963647.919820216 4889211.337684238
12963653.715759937 4889210.519611007
12963659.511699652 4889209.701537851
12963665.307639373 4889208.883464753
12963671.103579089 4889208.065391723
12963676.89951881 4889207.247318766
12963682.69410131 4889206.41301949
12963688.488067836 4889205.571355886
12963694.28203436 4889204.729692353
12963700.076000884 4889203.888028891
12963705.86996741 4889203.046365502
12963711.663933935 4889202.20470218
12963717.454871228 4889201.328175892
12963723.245224169 4889200.444962533
12963729.035490658 4889199.56077856
12963734.825757148 4889198.676594667
12963740.61602364 4889197.792410851
12963746.406290125 4889196.90822712
12963752.196012719 4889196.0180159155
12963757.98443394 4889195.113382772
12963763.77285516 4889194.208749705
12963769.56127638 4889193.304116725
12963775.349697601 4889192.399483828
12963781.138118818 4889191.49485101
12963786.925402006 4889190.578015272
12963792.710221838 4889189.634765438
12963798.495041676 4889188.691515694
12963804.279861512 4889187.748266041
12963810.064681347 4889186.805016474
12963815.849501181 4889185.861767
12963821.634263715 4889184.917923401
12963827.416831903 4889183.951325198
12963833.199400093 4889182.984727085
12963838.981968284 4889182.018129073
12963844.764536474 4889181.051531149
12963850.54710466 4889180.084933319
12963856.329672853 4889179.118335584
12963862.108878652 4889178.1179398475
12963867.88785982 4889177.115286215
12963873.666840982 4889176.112632683
12963879.445822146 4889175.109979257
12963885.224803312 4889174.107325928
12963891.00378448 4889173.104672705
12963896.782765644 4889172.102019579
12963902.561746806 4889171.099366559
12963908.340727974 4889170.096713642
12963914.11970914 4889169.094060821
12963919.898690304 4889168.091408105
12963925.677671466 4889167.088755494
12963931.456050307 4889166.080241194
12963937.232200755 4889165.0500405785
12963943.008351207 4889164.019840063
12963948.784501655 4889162.989639654
12963954.559428014 4889161.947906691
12963960.33152439 4889160.879511498
12963966.10362077 4889159.811116416
12963971.87571715 4889158.74272145
12963977.647813529 4889157.674326604
12963983.41990991 4889156.605931866
12963989.192006288 4889155.537537249
12963994.964102669 4889154.469142748
12964000.732370326 4889153.366002215
12964006.500028793 4889152.25733333
12964012.26768726 4889151.148664573
12964018.03534573 4889150.039995936
12964023.803004196 4889148.931327424
12964029.570662662 4889147.822659036
12964035.338321129 4889146.713990777
12964041.105979595 4889145.605322633
12964046.873638066 4889144.496654619
12964052.641296532 4889143.387986728
12964058.408954998 4889142.279318969
12964064.173457213 4889141.1430595955
12964069.936434865 4889139.993472817
12964075.699412517 4889138.843886169
12964081.462390173 4889137.694299655
12964087.225367827 4889136.544713283
12964092.988345483 4889135.395127036
12964098.751323137 4889134.245540922
12964104.514300792 4889133.095954945
12964110.277278448 4889131.946369099
12964116.0402561 4889130.796783391
12964121.800953422 4889129.6280306885
12964127.55829374 4889128.431061127
12964133.315634057 4889127.2340917075
12964139.072974375 4889126.037122439
12964144.830314692 4889124.840153312
12964150.58765501 4889123.643184335
12964156.344995327 4889122.4462154955
12964162.102335643 4889121.249246805
12964167.85967596 4889120.052278258
12964173.614224691 4889118.83261351
12964179.367867747 4889117.605585553
12964185.121510802 4889116.378557743
12964190.87515386 4889115.151530087
12964196.628796916 4889113.924502588
12964202.382439973 4889112.697475237
12964208.136083027 4889111.470448039
12964213.889726086 4889110.243420993
12964219.641786866 4889109.003772258
12964225.393511828 4889107.761444861
12964231.145236792 4889106.519117619
12964236.896961756 4889105.2767905295
12964242.648686718 4889104.034463601
12964248.400411682 4889102.792136828
12964254.152136646 4889101.549810214
12964259.903861608 4889100.307483753
12964265.655586574 4889099.065157449
12964271.407311538 4889097.822831301
12964277.159036499 4889096.580505303
12964282.910761463 4889095.338179475
12964288.662486427 4889094.09585379
12964294.41421139 4889092.853528265
12964300.165936353 4889091.611202892
12964305.917661317 4889090.368877683
12964311.669386279 4889089.1265526265
12964317.421111243 4889087.884227727
12964323.172836205 4889086.641902978
12964328.924561169 4889085.399578389
12964334.676286133 4889084.157253961
12964340.428011097 4889082.914929685
12964346.179736057 4889081.672605564
12964351.931461021 4889080.4302816
12964357.683185985 4889079.187957789
12964363.43491095 4889077.945634137
12964369.18636779 4889076.701188886
12964374.93758374 4889075.454837539
12964380.688799689 4889074.208486348
12964386.44001564 4889072.962135312
12964392.19123159 4889071.715784432
12964397.942447538 4889070.469433708
12964403.69366349 4889069.223083147
12964409.445179751 4889067.979307084
12964415.200695734 4889066.770019336
12964420.951538872 4889065.520727511
12964426.702382011 4889064.27143584
12964432.453225149 4889063.022144331
12964438.204585403 4889061.77694024
12964443.956317514 4889060.534675438
12964449.708049625 4889059.292410785
12964455.459781736 4889058.050146296
12964461.21151385 4889056.807881959
12964466.963245962 4889055.565617778
12964472.714978073 4889054.3233537525
12964478.466710184 4889053.081089883
12964484.218442295 4889051.838826174
12964489.970174406 4889050.596562616
12964495.721417187 4889049.350442152
12964501.471414678 4889048.094506072
12964507.221412169 4889046.838570152
12964512.971803239 4889045.585736517
12964518.723513879 4889044.343303537
12964524.475224515 4889043.100870713
12964530.226935154 4889041.8584380485
12964535.97864579 4889040.616005536
12964541.730356429 4889039.373573185
12964547.482067065 4889038.1311409855
12964553.233777704 4889036.888708944
12964558.985488344 4889035.646277057
12964564.73719898 4889034.403845325
12964570.488909619 4889033.161413753
12964576.240620254 4889031.918982334
12964581.992330892 4889030.676551073
12964587.74404153 4889029.434119965
12964593.495752167 4889028.191689022
12964599.247462805 4889026.949258226
12964604.999173442 4889025.706827587
12964610.75088408 4889024.464397104
12964616.502594717 4889023.221966777
12964622.254305355 4889021.979536611
12964628.006015996 4889020.7371066
12964633.757726632 4889019.494676741
12964639.50943727 4889018.252247038
12964645.261147905 4889017.009817496
12964651.012828972 4889015.767153826
12964656.764418025 4889014.523761315
12964662.516007073 4889013.280368953
12964668.267596126 4889012.036976754
12964674.019185178 4889010.793584704
12964679.770774227 4889009.550192813
12964685.522363279 4889008.306801081
12964691.273952331 4889007.063409504
12964697.02554138 4889005.820018082
12964702.777130432 4889004.576626819
12964708.528719483 4889003.333235707
12964714.280308533 4889002.089844754
12964720.031897582 4889000.846453959
12964725.783486634 4888999.603063321
12964731.535075685 4888998.359672838
12964737.286664736 4888997.1162825115
12964743.038253786 4888995.872892341
12964748.789842838 4888994.6295023225
12964754.54143189 4888993.386112469
12964760.29302094 4888992.142722764
12964766.044609992 4888990.899333219
12964771.796098808 4888989.655150871
12964777.547363784 4888988.409197887
12964783.298628764 4888987.163245058
12964789.049893742 4888985.917292388
12964794.801158722 4888984.671339875
12964800.552423699 4888983.4253875185
12964806.303688677 4888982.179435317
12964812.054953655 4888980.933483276
12964817.806218635 4888979.68753139
12964823.557483612 4888978.441579663
12964829.308748592 4888977.195628092
12964835.06001357 4888975.949676678
12964840.811278548 4888974.703725422
12964846.562543528 4888973.457774314
12964852.313808504 4888972.211823375
12964858.065073485 4888970.965872589
12964863.816338463 4888969.71992196
12964869.56760344 4888968.4739714805
12964875.31886842 4888967.228021164
12964881.070133397 4888965.9820710085
12964886.821371976 4888964.7359124115
12964892.572605131 4888963.489711084
12964898.323838282 4888962.243509915
12964904.075071435 4888960.997308902
12964909.826304588 4888959.751108051
12964915.577537742 4888958.504907352
12964921.328770893 4888957.258706812
12964927.080004046 4888956.012506426
12964932.831237199 4888954.766306199
12964938.58247035 4888953.520106128
12964944.333703505 4888952.273906219
12964950.084936658 4888951.027706463
12964955.83616981 4888949.781506865
12964961.587402964 4888948.535307421
12964967.338636117 4888947.289108137
12964973.090031676 4888946.044193421
12964978.841556732 4888944.800302972
12964984.593081787 4888943.5564126745
12964990.344593676 4888942.312418498
12964996.095546564 4888941.064007641
12965001.84649945 4888939.815596934
12965007.597452335 4888938.567186385
12965013.348405223 4888937.318775995
12965019.099358112 4888936.070365765
12965024.850310998 4888934.821955688
12965030.601263886 4888933.573545771
12965036.352216773 4888932.325136019
12965042.10329155 4888931.077688505
12965047.854495438 4888929.831260196
12965053.605699321 4888928.584832043
12965059.356903207 4888927.338404047
12965065.108107092 4888926.091976206
12965070.859310973 4888924.845548528
12965076.61051486 4888923.599121005
12965082.361718744 4888922.352693638
12965088.11292263 4888921.106266429
12965093.864126515 4888919.859839376
12965099.6153304 4888918.613412479
12965105.366534283 4888917.366985737
12965111.11773817 4888916.120559155
12965116.868964415 4888914.8743094895
12965122.620379684 4888913.629554203
12965128.371794952 4888912.384799073
12965134.123210223 4888911.140044099
12965139.874625493 4888909.895289283
12965145.62604076 4888908.650534618
12965151.37745603 4888907.405780114
12965157.128871301 4888906.161025768
12965162.880286569 4888904.916271578
12965168.63170184 4888903.671517541
12965174.38311711 4888902.426763664
12965180.134532377 4888901.182009939
12965185.885947647 4888899.937256375
12965191.637362918 4888898.692502966
12965197.388778185 4888897.447749712
12965203.140193455 4888896.202996618
12965208.891608726 4888894.95824368
12965214.643023994 4888893.713490901
12965220.394439265 4888892.468738277
12965226.145854535 4888891.223985806
12965231.8971013 4888889.977901512
12965237.648298891 4888888.731428677
12965243.39949648 4888887.4849559935
12965249.150694074 4888886.238483468
12965254.901891666 4888884.992011099
12965260.653089259 4888883.7455388885
12965266.404286848 4888882.499066831
12965272.155664375 4888881.254017537
12965277.907141495 4888880.00975586
12965283.658618618 4888878.765494339
12965289.410095742 4888877.521232976
12965295.161572864 4888876.276971767
12965300.913049987 4888875.032710711
12965306.664527109 4888873.788449823
12965312.415750524 4888872.542183189
12965318.16694968 4888871.295724895
12965323.918148836 4888870.049266758
12965329.66934799 4888868.8028087765
12965335.420547146 4888867.556350951
12965341.171746302 4888866.309893285
12965346.922945457 4888865.06343578
12965352.674144609 4888863.816978427
12965358.425343765 4888862.570521231
12965364.176542921 4888861.324064199
12965369.927742075 4888860.077607316
12965375.678941231 4888858.831150589
12965381.430140387 4888857.584694024
12965387.181339541 4888856.338237614
12965392.932538697 4888855.091781364
12965398.683737854 4888853.84532527
12965404.434937006 4888852.598869328
12965410.18613616 4888851.352413553
12965415.937335316 4888850.1059579225
12965421.688534472 4888848.859502461
12965427.439733624 4888847.613047152
12965433.19093278 4888846.366591996
12965438.942131935 4888845.120137001
12965444.69333109 4888843.87368216
12965450.444530247 4888842.62722748
12965456.195745556 4888841.380900652
12965461.947161479 4888840.136159786
12965467.698577402 4888838.891419073
12965473.449993322 4888837.646678513
12965479.201409245 4888836.401938112
12965484.952825168 4888835.157197865
12965490.704241093 4888833.912457776
12965496.455657016 4888832.667717846
12965502.207072936 4888831.422978071
12965507.95848886 4888830.178238457
12965513.709904782 4888828.933498993
12965519.461320706 4888827.688759687
12965525.212736627 4888826.444020544
12965530.96415255 4888825.19928155
12965536.715568474 4888823.954542715
12965542.466984397 4888822.7098040385
12965548.21840032 4888821.465065516
12965553.969816241 4888820.220327147
12965559.721232165 4888818.975588941
12965565.472648086 4888817.730850892
12965571.2236321 4888816.482701411
12965576.974601995 4888815.234440578
12965582.725571891 4888813.986179903
12965588.476541787 4888812.7379193865
12965594.227511683 4888811.489659029
12965599.97848158 4888810.241398828
12965605.729451476 4888808.993138784
12965611.480421372 4888807.7448788965
12965617.231391268 4888806.496619166
12965622.982361164 4888805.2483595945
12965628.733331058 4888804.0001001805
12965634.485041887 4888802.757712991
12965640.237476937 4888801.5210655825
12965645.989911985 4888800.284418337
12965651.742282562 4888799.047258404
12965657.494375817 4888797.807892667
12965663.246469071 4888796.568527086
12965668.998562325 4888795.329161659
12965674.750655582 4888794.089796387
12965680.502748834 4888792.850431272
12965686.254842088 4888791.611066307
12965692.006935345 4888790.371701501
12965697.759028597 4888789.132336851
12965703.511121852 4888787.892972356
12965709.262683121 4888786.649394383
12965715.013817405 4888785.402434597
12965720.76495169 4888784.155474962
12965726.516085971 4888782.908515487
12965732.267220257 4888781.661556168
12965738.01835454 4888780.414597008
12965743.769488823 4888779.167638008
12965749.520623107 4888777.920679158
12965755.27175739 4888776.673720469
12965761.022891672 4888775.426761937
12965766.774025956 4888774.179803559
12965772.525160242 4888772.932845344
12965778.276294526 4888771.6858872855
12965784.027428808 4888770.438929381
12965789.778563092 4888769.191971636
12965795.529697375 4888767.9450140465
12965801.280831657 4888766.698056617
12965807.031965941 4888765.451099342
12965812.783100227 4888764.204142221
12965818.534234507 4888762.957185263
12965824.285368793 4888761.710228463
12965830.036503077 4888760.463271818
12965835.787637359 4888759.21631533
12965841.538771642 4888757.969358999
12965847.289905926 4888756.722402822
12965853.041040208 4888755.475446808
12965858.792174492 4888754.228490946
12965864.543308778 4888752.981535244
12965870.29444306 4888751.734579703
12965876.045267543 4888750.485180712
12965881.79608441 4888749.235721821
12965887.546901276 4888747.986263081
12965893.297718143 4888746.736804509
12965899.048535014 4888745.487346085
12965904.79935188 4888744.237887824
12965910.550168747 4888742.988429725
12965916.300985614 4888741.738971775
12965922.051802482 4888740.489513988
12965927.80261935 4888739.240056362
12965933.553436216 4888737.990598885
12965939.304253083 4888736.741141573
12965945.05506995 4888735.491684419
12965950.805886816 4888734.2422274165
12965956.556703685 4888732.99277058
12965962.307520552 4888731.743313897
12965968.058337418 4888730.493857375
12965973.809154285 4888729.244401005
12965979.559942164 4888727.994717075
12965985.309795786 4888726.737694663
12965991.059649404 4888725.480672413
12965996.809503023 4888724.223650317
12966002.559664605 4888722.969054572
12966008.311388548 4888721.726767583
12966014.06311249 4888720.484480748
12966019.814836433 4888719.242194066
12966025.566560376 4888717.999907544
12966031.318284322 4888716.757621173
12966037.070008265 4888715.51533496
12966042.821732208 4888714.273048905
12966048.573418135 4888713.030461888
12966054.32493642 4888711.786547152
12966060.076454706 4888710.542632566
12966065.82797299 4888709.298718138
12966071.579491274 4888708.054803868
12966077.331009557 4888706.81088975
12966083.082527842 4888705.566975792
12966088.834046125 4888704.32306199
12966094.585564408 4888703.079148342
12966100.337082695 4888701.835234856
12966106.08860098 4888700.591321521
12966111.840119263 4888699.347408342
12966117.591637548 4888698.103495326
12966123.342626728 4888696.855414403
12966129.092664229 4888695.599836728
12966134.84270173 4888694.344259209
12966140.592739232 4888693.088681854
12966146.342776733 4888691.833104656
12966152.093413053 4888690.582240313
12966157.844635429 4888689.335988377
12966163.5958578 4888688.089736598
12966169.346978528 4888686.842682337
12966175.09805017 4888685.595240601
12966180.849121807 4888684.347799029
12966186.598550206 4888683.087461676
12966192.347862571 4888681.826213908
12966198.09717494 4888680.5649663005
12966203.84648731 4888679.303718852
12966209.595799677 4888678.042471566
12966215.328671508 4888676.665390834
12966221.040923595 4888675.142920115
12966226.753175685 4888673.620449633
12966232.465427775 4888672.0979793845
12966238.177679865 4888670.575509366
12966243.889931954 4888669.053039586
12966249.602184044 4888667.53057004
12966255.314436134 4888666.008100729
12966261.02668822 4888664.485631648
12966266.738940313 4888662.963162806
12966272.4511924 4888661.440694199
12966278.16344449 4888659.918225824
12966283.875696579 4888658.395757681
12966289.587948669 4888656.873289775
12966295.300200759 4888655.350822104
12966301.012452848 4888653.828354665
12966306.743731543 4888652.437839679
12966312.478208372 4888651.065836529
12966318.212685201 4888649.693833565
12966323.947162027 4888648.321830795
12966329.681638855 4888646.949828215
12966335.41611568 4888645.577825827
12966341.149154935 4888644.195577079
12966346.882193692 4888642.813324971
12966352.615232449 4888641.431073055
12966358.348271206 4888640.0488213375
12966364.081309963 4888638.666569807
12966369.814348718 4888637.284318472
12966375.547387475 4888635.902067327
12966381.280426232 4888634.519816379
12966386.999623876 4888633.046077672
12966392.685129598 4888631.360915752
12966398.363698056 4888629.636321655
12966404.040129287 4888627.89957954
12966409.71656052 4888626.162837727
12966415.390214862 4888624.410791552
12966421.05757153 4888622.624036446
12966426.724928198 4888620.837281663
12966432.392284865 4888619.050527207
12966438.059641533 4888617.263773069
12966443.718612852 4888615.432324785
12966449.373150893 4888613.5773833785
12966455.0229583 4888611.697892873
12966460.670508461 4888609.8068759255
12966466.31497565 4888607.900115963
12966471.959442835 4888605.993356363
12966477.603910021 4888604.086597127
12966483.247776903 4888602.176801438
12966488.881112946 4888600.215479959
12966494.4992201 4888598.179808383
12966500.104107575 4888596.084690048
12966505.668912005 4888593.8122781105
12966511.231278853 4888591.529557459
12966516.788701478 4888589.2263235925
12966522.34733185 4888586.928086704
12966527.884546982 4888584.545527249
12966533.39817497 4888582.068705516
12966538.907481514 4888579.575494589
12966544.409265071 4888577.0543872295
12966549.903572153 4888574.505216356
12966555.38554417 4888571.9113601325
12966560.857025437 4888569.279351396
12966566.312121835 4888566.590907344
12966571.705723384 4888563.6967675
12966577.077386793 4888560.733730127
12966582.437085176 4888557.733759959
12966587.786795847 4888554.703558719
12966593.121200632 4888551.627330454
12966598.423079578 4888548.456931379
12966603.708912918 4888545.2405347265
12966608.967280688 4888541.947817813
12966614.196127804 4888538.575626816
12966619.42389644 4888535.200533485
12966624.62243582 4888531.749307081
12966629.756808518 4888528.137110755
12966634.881258499 4888524.500910093
12966640.002264356 4888520.856378531
12966645.103899812 4888517.1663581
12966650.159978805 4888513.369976235
12966655.192209898 4888509.519576698
12966660.188016634 4888505.588981558
12966665.13864622 4888501.561908815
12966670.078193327 4888497.511268248
12966674.98865221 4888493.4008799335
12966679.841873582 4888489.17615226
12966684.664062778 4888484.89032132
12966689.454134345 4888480.543223398
12966694.244205909 4888476.196127393
12966699.027797975 4888471.837034974
12966703.759414159 4888467.381698992
12966708.4499744 4888462.8531537615
12966713.118196445 4888458.284776983
12966717.730578806 4888453.620427506
12966722.33706276 4888448.946007673
12966726.939587003 4888444.264913926
12966731.512991592 4888439.535357962
12966736.076256884 4888434.788929228
12966740.639522178 4888430.042502771
12966745.16766055 4888425.238852891
12966749.67186421 4888420.396889998
12966754.169154527 4888415.543872005
12966758.666444842 4888410.690856395
12966763.163735157 4888405.837843161
12966767.676327666 4888401.009233307
12966772.192440122 4888396.186238748
12966776.708552578 4888391.363246528
12966781.224665035 4888386.540256674
12966785.740777493 4888381.7172691645
12966790.25688995 4888376.894284009
12966794.808260398 4888372.128429469
12966799.400458686 4888367.430044014
12966803.995658252 4888362.7367412755
12966808.62970667 4888358.1092810435
12966813.323314866 4888353.585701804
12966818.035936734 4888349.096089224
12966822.756537665 4888344.62104518
12966827.534612287 4888340.251737046
12966832.344251603 4888335.941848809
12966837.2582988 4888331.838660045
12966842.202971032 4888327.798807387
12966847.167546073 4888323.801360913
12966852.179551305 4888319.906454927
12966857.231010204 4888316.100497554
12966862.346117616 4888312.442047378
12966867.523839362 4888308.938289938
12966872.752570536 4888305.565828359
12966878.001774171 4888302.248790409
12966883.324842535 4888299.140880537
12966888.695970204 4888296.177326442
12966894.101163087 4888293.320704102
12966899.55774414 4888290.637585545
12966905.053736854 4888288.095652931
12966910.578525485 4888285.662106592
12966916.15666507 4888283.44646982
12966921.751617456 4888281.305465066
12966927.391833816 4888279.377355794
12966933.05184171 4888277.552640796
12966938.729188582 4888275.822453858
12966944.441572083 4888274.305472656
12966950.186493114 4888273.010738805
12966955.933229791 4888271.729648391
12966961.691352287 4888270.545396132
12966967.471599761 4888269.556598242
12966973.269482024 4888268.768675344
12966979.074976044 4888268.076316737
12966984.885443555 4888267.467626651
12966990.708622387 4888267.121857997
12966996.534162885 4888266.83856765
12967002.361872172 4888266.650235759
12967008.190977938 4888266.6275194
12967014.019418553 4888266.760450203
12967019.845900679 4888266.995652863
12967025.667234696 4888267.390358325
12967031.478634113 4888267.990259814
12967037.282383762 4888268.706719221
12967043.08399972 4888269.452575491
12967048.866723826 4888270.406554574
12967054.634058852 4888271.515677845
12967060.381471388 4888272.789261664
12967066.115556527 4888274.164011894
12967071.827714643 4888275.6852873275
12967077.519307908 4888277.333768591
12967083.18546928 4888279.124403169
12967088.824852593 4888281.056583933
12967094.429680575 4888283.151094775
12967099.99840624 4888285.406745944
12967105.529496172 4888287.813584774
12967111.03566427 4888290.318638449
12967116.483224586 4888293.03386575
12967121.9077455 4888295.827252494
12967127.273124663 4888298.808163406
12967132.601772817 4888301.90037924
12967137.85791104 4888305.197830556
12967143.083126789 4888308.579129976
12967148.227672352 4888312.163975519
12967153.299101498 4888315.924740611
12967158.286399169 4888319.8735629795
12967163.25697292 4888323.8585585
12967168.144059995 4888328.016237453
12967172.928842776 4888332.372535739
12967177.619440876 4888336.900984401
12967182.243632691 4888341.544614776
12967186.801045168 4888346.300338706
12967191.229825627 4888351.257958308
12967195.540251907 4888356.392385055
12967199.76841946 4888361.641704641
12967203.846096097 4888367.091177504
12967207.810385328 4888372.681827677
12967211.670375729 4888378.397126669
12967215.398406778 4888384.259672985
12967218.977265058 4888390.280112224
12967222.399200635 4888396.453896688
12967225.685368463 4888402.751812508
12967228.780707207 4888409.214443689
12967231.760854602 4888415.768375891
12967234.50525437 4888422.497070816
12967237.14596712 4888429.296179601
12967239.501110302 4888436.272212035
12967241.754091132 4888443.3068285845
12967243.78214767 4888450.454504423
12967245.574825423 4888457.712112774
12967247.229786767 4888465.023828592
12967248.510136323 4888472.464669297
12967249.721612222 4888479.925433632
12967250.711340044 4888487.439316244
12967251.412898233 4888495.010850479
12967251.994069714 4888502.599312708
12967252.159060214 4888510.222974346
12967252.198359746 4888517.850113728
12967252.037718866 4888525.472207432
12967251.509174228 4888533.067487071
12967250.89286951 4888540.651906003
12967249.992093757 4888548.186923317
12967248.838286031 4888555.66176192
12967247.511795716 4888563.088077341
12967246.009742435 4888570.457392467
12967244.240002273 4888577.72246774
12967242.245981334 4888584.887969848
12967240.081746655 4888591.969822153
12967237.715320366 4888598.939806917
12967235.196618348 4888605.816702578
12967232.455777822 4888612.548469877
12967229.570473196 4888619.174577065
12967226.545179695 4888625.694311513
12967223.424698861 4888632.136294726
12967220.139224386 4888638.43629679
12967216.754012091 4888644.645916833
12967213.32558389 4888650.814821737
12967209.897155691 4888656.983730494
12967206.468727488 4888663.152643099
12967202.99986709 4888669.282699462
12967199.526803473 4888675.408717431
12967196.112993415 4888681.59150426
12967192.699183358 4888687.7742949575
12967189.340515424 4888694.008533309
12967186.034974512 4888700.291051205
12967182.783699702 4888706.621627607
12967179.630261617 4888713.036670039
12967176.542946126 4888719.505566997
12967173.620432284 4888726.105095168
12967170.838487543 4888732.808028387
12967168.126041675 4888739.558982011
12967165.587725082 4888746.424559418
12967163.197871929 4888753.380814163
12967161.00318058 4888760.446915308
12967158.973255454 4888767.596353326
12967157.073712576 4888774.807485905
12967155.341765078 4888782.089984907
12967153.769524394 4888789.434643946
12967152.354905836 4888796.833316937
12967151.145075 4888804.294551644
12967150.120658446 4888811.803281549
12967149.216950493 4888819.3383278
12967148.45283691 4888826.8994152695
12967147.88844707 4888834.490247175
12967147.458586553 4888842.096849824
12967147.049540965 4888849.705618229
12967146.69726481 4888857.318996741
12967146.419331137 4888864.937635809
12967146.210620882 4888872.560332023
12967146.001910625 4888880.183034119
12967145.793200372 4888887.805742091
12967145.584490117 4888895.428455933
12967145.389050622 4888903.051768681
12967145.19980042 4888910.675363883
12967145.010550216 4888918.298964967
12967144.821300011 4888925.922571924
12967144.632030668 4888933.546183944
12967144.442376882 4888941.169785487
12967144.252723092 4888948.793392902
12967144.063069304 4888956.417006194
12967143.873415515 4888964.040625366
12967143.694306072 4888971.664653849
12967143.534767339 4888979.289463437
12967143.41018842 4888986.915217098
12967143.262924708 4888994.540361721
12967143.131397072 4889002.16604569
12967142.948975772 4889009.789938731
12967142.790031211 4889017.414641463
12967142.6320466 4889025.039468382
12967142.412543656 4889032.661286685
12967142.116051981 4889040.279130437
12967141.819560306 4889047.89698006
12967141.590520732 4889055.51852297
12967141.435046084 4889063.143434503
12967141.307386193 4889070.769344448
12967141.211133154 4889078.395991246
12967141.25520823 4889086.023184864
12967141.392530756 4889093.648232221
12967141.606533622 4889101.270853473
12967141.894807914 4889108.889223615
12967142.208065957 4889116.505818318
12967142.603984762 4889124.115986531
12967143.069412218 4889131.718870274
12967143.614368867 4889139.313238373
12967144.179872718 4889146.90506182
12967144.820735272 4889154.4863035735
12967145.500808705 4889162.062023775
12967146.24318295 4889169.627735744
12967146.985557199 4889177.193453501
12967147.780665524 4889184.7497614855
12967148.660878707 4889192.288958983
12967149.673155032 4889199.800917505
12967150.685431361 4889207.312881727
12967151.697707687 4889214.824851656
12967152.709984016 4889222.336827291
12967153.722260343 4889229.848808633
12967154.763893373 4889237.353913458
12967155.807780158 4889244.858495619
12967156.85166694 4889252.363083476
12967157.895553725 4889259.867677026
12967158.93944051 4889267.372276272
12967159.959298907 4889274.882049584
12967160.92931135 4889282.4036122365
12967161.899323791 4889289.925180613
12967162.869336234 4889297.446754708
12967163.839348676 4889304.968334525
12967164.80936112 4889312.489920068
12967165.779373564 4889320.011511327
12967166.749386005 4889327.533108307
12967167.719398448 4889335.054711009
12967168.689410891 4889342.576319428
12967169.659423333 4889350.097933569
12967170.629435776 4889357.619553429
12967171.599448217 4889365.141179013
12967172.56946066 4889372.662810319
12967173.539473101 4889380.184447344
12967174.509485546 4889387.706090087
12967175.47949799 4889395.227738552
12967176.44951043 4889402.74939274
12967177.419522874 4889410.27105265
12967178.388814399 4889417.792877197
12967179.355695676 4889425.315238779
12967180.289592465 4889432.844736055
12967181.217325862 4889440.3755138
12967182.097228408 4889447.916151278
12967182.977130953 4889455.456794501
12967183.857033499 4889462.997443476
12967184.73120454 4889470.539213864
12967185.566828609 4889478.088493365
12967186.400297133 4889485.638169379
12967187.16456608 4889493.200395369
12967187.928835023 4889500.762627133
12967188.65515498 4889508.331238133
12967189.375146294 4889515.900917815
12967190.095137607 4889523.470603288
12967190.821507249 4889531.039218291
12967191.59262859 4889538.600287822
12967192.402839888 4889546.153918349
12967193.319552166 4889553.686964571
12967194.285978172 4889561.209529694
12967195.252404176 4889568.732100542
12967196.256430313 4889576.246108879
12967197.28953165 4889583.75350321
12967198.322564833 4889591.260919308
12967199.355598016 4889598.768341105
12967200.3886312 4889606.275768594
12967201.421664383 4889613.78320179
12967202.45469757 4889621.290640681
12967203.487730753 4889628.798085271
12967204.520763936 4889636.305535562
12967205.553797118 4889643.812991551
12967206.586830303 4889651.320453244
12967207.619863486 4889658.827920635
12967208.652896669 4889666.335393719
12967209.685929855 4889673.842872511
12967210.718963038 4889681.350356994
12967211.751996221 4889688.857847183
12967212.785029404 4889696.365343068
12967213.818062589 4889703.872844656
12967214.851095771 4889711.380351941
12967215.884128958 4889718.887864924
12967216.917162137 4889726.3953836085
12967217.950195324 4889733.902907995
12967218.983228507 4889741.410438074
12967220.016261691 4889748.91797386
12967221.049294874 4889756.425515345
12967222.082328057 4889763.9330625255
12967223.11536124 4889771.440615405
12967224.148394426 4889778.948173987
12967225.18142761 4889786.455738266
12967226.214460792 4889793.963308246
12967227.247493977 4889801.470883925
12967228.28052716 4889808.978465308
12967229.313560342 4889816.48605239
12967230.346593525 4889823.993645169
12967231.379626712 4889831.501243647
12967232.412567483 4889839.0088696005
12967233.445503013 4889846.516502484
12967234.47843854 4889854.024141071
12967235.511374066 4889861.531785357
12967236.544309592 4889869.039435342
12967237.577245122 4889876.547091028
12967238.610180648 4889884.054752415
12967239.643116174 4889891.5624195
12967240.676051704 4889899.070092286
12967241.70898723 4889906.577770773
12967242.741922757 4889914.0854549585
12967243.774858285 4889921.59314484
12967244.807793811 4889929.100840426
12967245.840729337 4889936.608541712
12967246.873664867 4889944.116248695
12967247.906600393 4889951.623961381
12967248.93953592 4889959.131679767
12967249.97247145 4889966.639403851
12967251.005406976 4889974.147133638
12967252.038342502 4889981.654869124
12967253.071278028 4889989.162610309
12967254.104213558 4889996.670357197
12967255.137149084 4890004.178109779
12967256.170084612 4890011.6858680695
12967257.203020139 4890019.193632048
12967258.235955665 4890026.701401742
12967259.268891195 4890034.2091771215
12967260.301826721 4890041.716958213
12967261.334762247 4890049.224745
12967262.367697774 4890056.732537483
12967263.400633303 4890064.240335671
12967264.43356883 4890071.748139557
12967265.466504356 4890079.255949146
12967266.499439886 4890086.763764431
12967267.532375412 4890094.271585421
12967268.565720469 4890101.779315597
12967269.599157715 4890109.287029754
12967270.632594964 4890116.794749609
12967271.666032214 4890124.302475167
12967272.699469464 4890131.810206421
12967273.73290671 4890139.317943376
12967274.766343959 4890146.825686031
12967275.799781209 4890154.33343439
12967276.833218455 4890161.841188444
12967277.866655705 4890169.348948203
12967278.900092954 4890176.85671366
12967279.933530204 4890184.364484816
12967280.96696745 4890191.872261668
12967282.000404699 4890199.3800442275
12967283.033841949 4890206.887832484
12967284.0672792 4890214.395626441
12967285.100716446 4890221.9034261005
12967286.134153694 4890229.411231462
12967287.167590944 4890236.919042519
12967288.201028194 4890244.426859281
12967289.234465443 4890251.934681741
12967290.267902693 4890259.4425099
12967291.30133994 4890266.950343759
12967292.334777188 4890274.458183321
12967293.368214438 4890281.966028582
12967294.401616873 4890289.473887749
12967295.435004892 4890296.98175602
12967296.46839291 4890304.489629988
12967297.501780929 4890311.997509653
12967298.535168948 4890319.505395021
12967299.568556966 4890327.013286095
12967300.601944985 4890334.521182861
12967301.635333003 4890342.0290853325
12967302.668721022 4890349.536993503
12967303.70210904 4890357.04490737
12967304.73549706 4890364.5528269475
12967305.76888508 4890372.06075222
12967306.802273097 4890379.56868319
12967307.835661115 4890387.076619864
12967308.869049134 4890394.584562243
12967309.902437154 4890402.092510316
12967310.935825173 4890409.600464093
12967311.96921319 4890417.10842357
12967313.00260121 4890424.616388748
12967314.035989229 4890432.124359627
12967315.069377247 4890439.632336203
12967316.102765266 4890447.140318488
12967317.136153284 4890454.648306466
12967318.169541303 4890462.156300147
12967319.202929322 4890469.664299534
12967320.234842949 4890477.172651748
12967321.265934566 4890484.6812032005
12967322.297026183 4890492.189760359
12967323.328117799 4890499.698323216
12967324.359209418 4890507.206891774
12967325.390301034 4890514.715466039
12967326.42139265 4890522.224045998
12967327.452484269 4890529.732631664
12967328.483575884 4890537.241223029
12967329.514727471 4890544.7498059925
12967330.546310065 4890552.258293268
12967331.577892661 4890559.766786247
12967332.609475253 4890567.275284926
12967333.641057847 4890574.783789314
12967334.672640441 4890582.292299394
12967335.704223035 4890589.800815185
12967336.735805629 4890597.309336673
12967337.767388223 4890604.81786386
12967338.802425776 4890612.325581382
12967339.840021236 4890619.832700948
12967340.877616694 4890627.339826212
12967341.915212153 4890634.846957174
12967342.952807613 4890642.354093839
12967343.990403073 4890649.861236203
12967345.02799853 4890657.368384268
12967346.060087316 4890664.876837149
12967347.090976682 4890672.385578704
12967348.121866046 4890679.894325959
12967349.15275541 4890687.403078917
12967350.183644773 4890694.911837579
12967351.21453414 4890702.420601938
12967352.245423505 4890709.929372002
12967353.27631287 4890717.438147769
12967354.307202237 4890724.946929238
12967355.3380916 4890732.455716412
12967356.392197978 4890739.9584769225
12967357.425454874 4890747.466718156
12967358.458711764 4890754.974965087
12967359.491968662 4890762.483217725
12967360.525225554 4890769.991476063
12967361.558482448 4890777.4997401
12967362.591739342 4890785.00800984
12967363.624996236 4890792.516285282
12967364.65825313 4890800.024566424
12967365.691510025 4890807.53285327
12967366.724766918 4890815.041145817
12967367.758023813 4890822.549444063
12967368.791280707 4890830.057748016
12967369.824537601 4890837.566057666
12967370.857794493 4890845.07437302
12967371.891051387 4890852.58269407
12967372.924308281 4890860.091020833
12967373.957565177 4890867.599353288
12967374.99082207 4890875.107691449
12967376.024078965 4890882.61603531
12967377.05733586 4890890.124384871
12967378.090592753 4890897.632740136
12967379.123849647 4890905.141101104
12967380.15710654 4890912.64946777
12967381.190363433 4890920.157840142
12967382.223620329 4890927.666218214
12967383.256877221 4890935.174601985
12967384.290134117 4890942.68299146
12967385.323391011 4890950.191386639
12967386.356647905 4890957.699787517
12967387.389904799 4890965.208194098
12967388.423161693 4890972.716606386
12967389.456418585 4890980.225024365
12967390.489675483 4890987.733448056
12967391.522932373 4890995.241877442
12967392.556189269 4891002.750312534
12967393.589446163 4891010.258753328
12967394.622703057 4891017.767199823
12967395.660601508 4891025.274549777
12967396.703975381 4891032.780603087
12967397.733660316 4891040.289907075
12967398.763345253 4891047.799216765
12967399.793030187 4891055.308532162
12967400.822715124 4891062.817853257
12967401.852400059 4891070.3271800615
12967402.882084996 4891077.836512562
12967403.911769934 4891085.345850772
12967404.941454869 4891092.855194682
12967405.971139805 4891100.364544295
12967407.00082474 4891107.873899614
12967408.030509677 4891115.383260635
12967409.060194612 4891122.892627361
12967410.089879546 4891130.401999787
12967411.119564483 4891137.911377922
12967412.154079631 4891145.419622591
12967413.192131264 4891152.927038916
12967414.2301829 4891160.434460938
12967415.268234534 4891167.941888663
12967416.306286167 4891175.449322087
12967417.344337802 4891182.956761214
12967418.382389437 4891190.464206038
12967419.42044107 4891197.971656562
12967420.458492706 4891205.479112791
12967421.49654434 4891212.986574713
12967422.534595974 4891220.4940423425
12967423.572647605 4891228.001515674
12967424.603923501 4891235.51058924
12967425.629251014 4891243.021068349
12967426.654578527 4891250.531553164
12967427.679906037 4891258.042043684
12967428.705233548 4891265.552539905
12967429.737464748 4891273.06142043
12967430.771516712 4891280.569879034
12967431.80556867 4891288.078343339
12967432.839620633 4891295.586813347
12967433.873672593 4891303.095289057
12967434.907724552 4891310.603770469
12967435.941776514 4891318.112257584
12967436.975828476 4891325.620750401
12967438.009880437 4891333.129248919
12967439.043932399 4891340.637753141
12967440.07739341 4891348.146402334
12967441.109514687 4891355.6553729465
12967442.141635964 4891363.164349268
12967443.17375724 4891370.673331289
12967444.20587852 4891378.182319012
12967445.237999795 4891385.691312438
12967446.270121071 4891393.200311567
12967447.302242348 4891400.709316407
12967448.334363624 4891408.218326944
12967449.366484901 4891415.727343186
12967450.39860618 4891423.236365128
12967451.430727456 4891430.745392774
12967452.462848732 4891438.254426123
12967453.495069811 4891445.763441682
12967454.52732932 4891453.272453889
12967455.559588829 4891460.781471802
12967456.591848342 4891468.290495416
12967457.624107854 4891475.799524734
12967458.656367365 4891483.308559757
12967459.688626874 4891490.817600484
12967460.720886383 4891498.32664691
12967461.753145896 4891505.8356990395
12967462.785405405 4891513.344756877
12967463.81863646 4891520.853591157
12967464.855164856 4891528.361653049
12967465.891693251 4891535.869720647
12967466.928221647 4891543.377793943
12967467.964750044 4891550.885872943
12967469.001278438 4891558.3939576475
12967470.037806835 4891565.902048052
12967471.07433523 4891573.410144157
12967472.110863624 4891580.918245962
12967473.147392021 4891588.426353471
12967474.183920415 4891595.934466681
12967475.220448812 4891603.442585597
12967476.256977208 4891610.950710214
12967477.293505602 4891618.458840528
12967478.330230316 4891625.966930117
12967479.363640804 4891633.47580704
12967480.394567497 4891640.985275458
12967481.425494194 4891648.49474958
12967482.456420887 4891656.004229406
12967483.487347582 4891663.513714935
12967484.518274277 4891671.023206166
12967485.549200973 4891678.532703104
12967486.580127668 4891686.042205746
12967487.611054363 4891693.5517140925
12967488.641981058 4891701.061228139
12967489.672907753 4891708.570747897
12967490.703834448 4891716.080273353
12967491.734761143 4891723.5898045115
12967492.765687836 4891731.0993413795
12967493.796614533 4891738.608883951
12967494.827541227 4891746.118432227
12967495.85846792 4891753.627986206
12967496.889394617 4891761.137545886
12967497.920440823 4891768.647083149
12967498.953004071 4891776.156269065
12967499.98556732 4891783.66546069
12967501.023795584 4891791.173319083
12967502.063167829 4891798.680912794
12967503.102540074 4891806.188512208
12967504.141912322 4891813.696117317
12967505.181284567 4891821.203728136
12967506.220656814 4891828.711344655
12967507.260029059 4891836.218966877
12967508.318571994 4891843.72185034
12967509.445365038 4891851.207848625
12967510.505744478 4891858.710042696
12967511.53247692 4891866.220666472
12967512.55920936 4891873.731295955
12967513.585941803 4891881.241931151
12967514.612674244 4891888.752572047
12967515.639406687 4891896.263218647
12967516.666139126 4891903.773870961
12967517.692871569 4891911.284528973
12967518.708250573 4891918.797773791
12967519.736947775 4891926.307982656
12967520.765644979 4891933.818197232
12967521.79434218 4891941.328417505
12967522.823039386 4891948.838643488
12967523.851736588 4891956.34887518
12967524.880960401 4891963.858988882
12967525.9116969 4891971.368752986
12967526.9424334 4891978.878522795
12967527.973169899 4891986.388298305
12967529.003906399 4891993.89807952
12967530.034642896 4892001.407866443
12967531.064957224 4892008.917758058
12967532.090095142 4892016.428869065
12967533.115233058 4892023.939985775
12967534.140370976 4892031.451108198
12967535.165508896 4892038.962236322
12967536.190646812 4892046.473370155
12967537.21578473 4892053.984509696
12967538.24457046 4892061.494799858
12967539.274823187 4892069.004751854
12967540.305075916 4892076.514709551
12967541.335328642 4892084.024672952
12967542.365581369 4892091.53464206
12967543.40211712 4892099.043134566
12967544.440093193 4892106.551292975
12967545.478069268 4892114.059457087
12967546.516045343 4892121.567626895
12967547.554021416 4892129.075802412
12967548.591997491 4892136.583983631
12967549.629973562 4892144.092170549
12967550.667949637 4892151.600363171
12967551.70514853 4892159.108745151
12967552.738677986 4892166.617999959
12967553.772207443 4892174.127260466
12967554.8057369 4892181.63652668
12967555.839266356 4892189.1457985975
12967556.872795815 4892196.655076223
12967557.906325271 4892204.164359545
12967558.939854728 4892211.673648576
12967559.973384185 4892219.182943311
12967561.006913643 4892226.692243749
12967562.0404431 4892234.201549897
12967563.074499307 4892241.710737459
12967564.109361084 4892249.219740653
12967565.144222861 4892256.728749556
12967566.179084638 4892264.237764165
12967567.214302585 4892271.746700291
12967568.25130114 4892279.255221269
12967569.288299693 4892286.763747946
12967570.325298246 4892294.272280331
12967571.356520232 4892301.782180177
12967572.389217947 4892309.291739199
12967573.422457261 4892316.801176489
12967574.455696577 4892324.3106194865
12967575.488935892 4892331.8200681815
12967576.52217521 4892339.329522592
12967577.555414524 4892346.8389827
12967578.58865384 4892354.348448517
12967579.621893154 4892361.857920034
12967580.65513247 4892369.367397257
12967581.688371785 4892376.876880182
12967582.721611103 4892384.386368818
12967583.754850417 4892391.895863157
12967584.788089732 4892399.405363194
12967585.821329048 4892406.914868942
12967586.854568362 4892414.424380396
12967587.887807678 4892421.9338975465
12967588.921046993 4892429.443420414
12967589.95428631 4892436.952948979
12967590.987525627 4892444.462483245
12967592.020764941 4892451.972023225
12967593.05400426 4892459.481568899
12967594.08762214 4892466.991031008
12967595.121742442 4892474.500380341
12967596.155862741 4892482.009735372
12967597.189983044 4892489.519096104
12967598.224103345 4892497.028462548
12967599.258223645 4892504.537834694
12967600.292343948 4892512.047212548
12967601.404075332 4892519.537228888
12967602.434940998 4892527.04738476
12967603.465806661 4892534.5575463455
12967604.496672329 4892542.067713629
12967605.527537992 4892549.577886626
12967606.55840366 4892557.088065321
12967607.589269323 4892564.598249731
12967608.620134989 4892572.108439841
12967609.651000652 4892579.618635658
12967610.68186632 4892587.128837181
12967611.712731984 4892594.639044413
12967612.739806438 4892602.150112611
12967613.777513923 4892609.658715483
12967614.820110196 4892617.16616494
12967615.862706466 4892624.673620104
12967616.905302737 4892632.181080968
12967617.947899008 4892639.68854753
12967618.99049528 4892647.196019796
12967620.03309155 4892654.703497768
12967621.075006634 4892662.211142963
12967622.110697005 4892669.720269861
12967623.146387381 4892677.229402472
12967624.182077754 4892684.738540779
12967625.217768129 4892692.247684799
12967626.253458502 4892699.756834517
12967627.289148876 4892707.265989943
12967628.324839247 4892714.775151073
12967629.360529622 4892722.28431791
12967630.396219999 4892729.793490447
12967631.431910371 4892737.302668689
12967632.467600746 4892744.811852636
12967633.503291119 4892752.321042288
12967634.53898149 4892759.830237647
12967635.574671865 4892767.339438708
12967636.61036224 4892774.848645472
12967637.646052616 4892782.357857942
12967638.681742989 4892789.867076115
12967639.74257556 4892797.370205088
12967640.83002584 4892804.866887154
12967641.894893566 4892812.3677148605
12967642.883718492 4892819.88704314
12967643.864390757 4892827.408935218
12967644.845063023 4892834.9308330165
12967645.838876748 4892842.449726388
12967646.867904605 4892849.960559415
12967647.896932464 4892857.471398149
12967648.925960321 4892864.982242586
12967649.954988174 4892872.49309273
12967650.984016035 4892880.003948582
12967652.013043892 4892887.514810149
12967653.042071745 4892895.025677414
12967654.071099605 4892902.5365503905
12967655.10012746 4892910.0474290745
12967656.129155315 4892917.558313462
12967657.158183172 4892925.069203555
12967658.187211031 4892932.580099366
12967659.216238886 4892940.0910008745
12967660.245266743 4892947.601908091
12967661.274294602 4892955.112821018
12967662.303322455 4892962.623739653
12967663.335241174 4892970.133984207
12967664.367704442 4892977.644106419
12967665.40016771 4892985.1542343395
12967666.432630977 4892992.6643679645
12967667.465094246 4893000.174507293
12967668.497557513 4893007.684652329
12967669.53002078 4893015.19480307
12967670.562003495 4893022.705072603
12967671.592396073 4893030.215722014
12967672.622788649 4893037.726377133
12967673.653181227 4893045.237037958
12967674.683573805 4893052.747704495
12967675.713966383 4893060.2583767325
12967676.744358959 4893067.769054678
12967677.774751537 4893075.279738336
12967678.805144114 4893082.790427697
12967679.835536689 4893090.301122763
12967680.865929266 4893097.811823538
12967681.896321844 4893105.32253002
12967682.906039916 4893112.8380190395
12967683.902251055 4893120.356634536
12967684.898462193 4893127.875255756
12967685.89467333 4893135.393882696
12967686.89088447 4893142.912515349
12967687.920802694 4893150.423363253
12967688.951814085 4893157.933964201
12967689.982825475 4893165.444570858
12967691.013836866 4893172.955183224
12967692.044848254 4893180.465801295
12967693.075859645 4893187.976425074
12967694.106871039 4893195.487054557
12967695.137882426 4893202.99768975
