12981486.959557457 4832386.206616082
12981489.52349587 4832390.801748623
12981492.087434284 4832395.396883278
12981494.651372695 4832399.992020045
12981497.215311108 4832404.587158935
12981499.779249523 4832409.1822999455
12981502.343187934 4832413.777443071
12981504.8927273 4832418.386048346
12981507.422109278 4832423.01349862
12981509.951491255 4832427.640951034
12981512.480873229 4832432.268405601
12981515.000541272 4832436.904779123
12981517.50340027 4832441.556584494
12981520.00625927 4832446.208392038
12981522.509118268 4832450.860201749
12981525.01197727 4832455.512013627
12981527.511135232 4832460.167167744
12981529.98338974 4832464.846603524
12981532.45564425 4832469.526041504
12981534.927898763 4832474.205481685
12981537.400153272 4832478.884924052
12981539.872407777 4832483.564368618
12981542.32981405 4832488.256929194
12981544.760125557 4832492.973421794
12981547.190437062 4832497.689916632
12981549.62074857 4832502.406413698
12981552.051060075 4832507.122912995
12981554.481371583 4832511.839414522
12981556.897000615 4832516.568571686
12981559.287053505 4832521.319772721
12981561.677106394 4832526.070976012
12981564.067159284 4832530.822181578
12981566.457212172 4832535.573389398
12981568.836097768 4832540.334014529
12981571.192953398 4832545.113215212
12981573.54980903 4832549.892418184
12981575.906664658 4832554.671623447
12981578.26352029 4832559.450830996
12981580.61716204 4832564.23270447
12981582.950090898 4832569.031746849
12981585.28301976 4832573.830791546
12981587.61594862 4832578.629838554
12981589.948877478 4832583.42888787
12981592.253670992 4832588.25083891
12981594.55009837 4832593.079601513
12981596.84652575 4832597.908366451
12981599.142953128 4832602.7371337265
12981601.404985238 4832607.593277372
12981603.663480552 4832612.452238195
12981605.921975868 4832617.311201389
12981608.180471182 4832622.17016695
12981610.43252791 4832627.034139371
12981612.650734078 4832631.924425057
12981614.868940247 4832636.81471314
12981617.087146414 4832641.705003628
12981619.305352585 4832646.59529651
12981621.51897571 4832651.489020468
12981623.697013957 4832656.409785196
12981625.875052202 4832661.330552354
12981628.053090448 4832666.251321938
12981630.231128693 4832671.172093957
12981632.396791954 4832676.102083618
12981634.55481154 4832681.03776771
12981636.712831123 4832685.973454242
12981638.870850708 4832690.909143215
12981641.028870294 4832695.844834634
12981643.18688988 4832700.780528496
12981645.336273834 4832705.722580517
12981647.476080695 4832710.671683618
12981649.61588756 4832715.620789175
12981651.755694421 4832720.569897188
12981653.895501282 4832725.519007662
12981656.035308143 4832730.468120585
12981658.133850945 4832735.446883721
12981660.21365745 4832740.439111163
12981662.293463958 4832745.431341102
12981664.373270463 4832750.423573539
12981666.45307697 4832755.415808477
12981668.532883476 4832760.408045915
12981670.612689983 4832765.400285855
12981672.684049875 4832770.39840544
12981674.720665393 4832775.420702667
12981676.757280914 4832780.44300242
12981678.793896435 4832785.465304703
12981680.830511954 4832790.487609517
12981682.867127476 4832795.5099168625
12981684.879914591 4832800.548361067
12981686.87293724 4832805.600190436
12981688.86595989 4832810.652022368
12981690.858982539 4832815.703856861
12981692.852005191 4832820.755693914
12981694.84417837 4832825.808096008
12981696.810314616 4832830.877741118
12981698.77645086 4832835.947388807
12981700.742587106 4832841.0170390755
12981702.70872335 4832846.086691922
12981704.659158587 4832851.166594894
12981706.606939223 4832856.248233027
12981708.554719858 4832861.329873758
12981710.502500495 4832866.4115170725
12981712.450281126 4832871.493162977
12981714.391414981 4832876.579098091
12981716.320268838 4832881.672955377
12981718.24912269 4832886.766815266
12981720.177976541 4832891.860677753
12981722.106830396 4832896.954542846
12981724.035684252 4832902.048410539
12981725.964538105 4832907.142280837
12981727.893391956 4832912.236153737
12981729.82224581 4832917.330029243
12981731.74165499 4832922.429916775
12981733.647563528 4832927.538397078
12981735.553472066 4832932.646879991
12981737.459380602 4832937.755365528
12981739.337046761 4832942.881526207
12981741.214414554 4832948.007876217
12981743.091782348 4832953.13422887
12981744.969150137 4832958.260584152
12981746.846517932 4832963.386942078
12981748.723885724 4832968.513302639
12981750.5877964 4832973.647962545
12981752.44827546 4832978.7847407935
12981754.308754524 4832983.921521689
12981756.169233585 4832989.058305225
12981758.029712645 4832994.195091414
12981759.890191706 4832999.331880246
12981761.75067077 4833004.468671724
12981763.61114983 4833009.605465854
12981765.471628891 4833014.742262633
12981767.332107954 4833019.879062051
12981769.192587016 4833025.015864114
12981771.053066077 4833030.15266883
12981772.91354514 4833035.289476189
12981774.7740242 4833040.426286196
12981776.634503264 4833045.563098849
12981778.493109358 4833050.701058685
12981780.343434868 4833055.844081324
12981782.193760376 4833060.98710661
12981784.04408588 4833066.130134552
12981785.894411389 4833071.273165145
12981787.744736897 4833076.416198387
12981789.595062405 4833081.5592342885
12981791.445387911 4833086.70227284
12981793.295713417 4833091.845314043
12981795.146038923 4833096.988357905
12981796.994543688 4833102.132512452
12981798.842439966 4833107.277039951
12981800.690336246 4833112.4215701055
12981802.538232522 4833117.566102914
12981804.385828193 4833122.710821057
12981806.231841544 4833127.856503428
12981808.07785489 4833133.002188455
12981809.923868235 4833138.147876142
12981811.769881586 4833143.293566482
12981813.615894932 4833148.439259475
12981815.461908279 4833153.584955129
12981817.307921628 4833158.730653439
12981819.153934974 4833163.876354401
12981820.99994832 4833169.02205802
12981822.845961666 4833174.167764294
12981824.692232735 4833179.313316689
12981826.538602997 4833184.458811491
12981828.384973254 4833189.604308946
12981830.231343513 4833194.749809059
12981832.07771377 4833199.895311829
12981833.92408403 4833205.040817249
12981835.7730447 4833210.184750205
12981837.622357927 4833215.328471443
12981839.471671157 4833220.472195331
12981841.320984384 4833225.615921873
12981843.170297615 4833230.759651069
12981845.019610845 4833235.903382918
12981846.868924072 4833241.047117429
12981848.7182373 4833246.190854584
12981850.567550529 4833251.334594397
12981852.41686376 4833256.478336864
12981854.266176987 4833261.622081985
12981856.115490217 4833266.765829754
12981857.964803444 4833271.909580181
12981859.814116674 4833277.053333267
12981861.663936425 4833282.196780534
12981863.514945205 4833287.339506346
12981865.365953984 4833292.482234807
12981867.216962764 4833297.624965922
12981869.067971544 4833302.767699692
12981870.918980323 4833307.9104361115
12981872.769989103 4833313.053175188
12981874.620997885 4833318.195916915
12981876.472006662 4833323.338661297
12981878.31666706 4833328.485267447
12981880.160465747 4833333.632400088
12981882.004264435 4833338.779535384
12981883.848063122 4833343.926673331
12981885.69186181 4833349.073813949
12981887.535660498 4833354.220957211
12981889.379459186 4833359.368103136
12981891.223257873 4833364.515251718
12981893.06705656 4833369.662402954
12981894.910855249 4833374.809556855
12981896.755992232 4833379.955900293
12981898.605412023 4833385.099644259
12981900.454831809 4833390.243390884
12981902.304251596 4833395.387140159
12981904.153671386 4833400.530892094
12981906.003091177 4833405.674646679
12981907.852510963 4833410.818403919
12981909.701930754 4833415.962163808
12981911.551350541 4833421.105926354
12981913.40077033 4833426.249691556
12981915.25019012 4833431.39345941
12981917.099609908 4833436.537229917
12981918.949029695 4833441.68100308
12981920.798449485 4833446.8247789
12981922.647869272 4833451.968557368
12981924.497289062 4833457.112338496
12981926.346708851 4833462.256122273
12981928.19612104 4833467.399913329
12981930.045438595 4833472.543764645
12981931.89475615 4833477.687618614
12981933.744073704 4833482.83147524
12981935.593391256 4833487.9753345195
12981937.44270881 4833493.1191964485
12981939.292026367 4833498.263061036
12981941.141847271 4833503.406621836
12981942.991816401 4833508.550095053
12981944.841785531 4833513.693570923
12981946.691754665 4833518.837049447
12981948.541723795 4833523.980530624
12981950.391692925 4833529.124014457
12981952.240953708 4833534.267931991
12981954.088938257 4833539.41262881
12981955.936922807 4833544.55732829
12981957.78490736 4833549.702030424
12981959.632891906 4833554.846735207
12981961.480876457 4833559.99144265
12981963.328861006 4833565.136152752
12981965.176845558 4833570.2808655035
12981967.024830109 4833575.425580912
12981968.876464818 4833580.568075602
12981970.729328098 4833585.709824597
12981972.583350383 4833590.850868647
12981974.438330479 4833595.991330586
12981976.292040994 4833601.132569736
12981978.142776143 4833606.275626801
12981979.99351129 4833611.418686522
12981981.844246438 4833616.561748887
12981983.694981586 4833621.704813914
12981985.545764416 4833626.847852543
12981987.39663265 4833631.990841787
12981989.247500883 4833637.133833684
12981991.098369114 4833642.276828235
12981992.949237347 4833647.419825443
12981994.80010558 4833652.562825305
12981996.650973814 4833657.705827812
12981998.501842042 4833662.84883298
12982000.352710277 4833667.991840798
12982002.202713968 4833673.135377567
12982004.050874887 4833678.280038794
12982005.899035806 4833683.424702673
12982007.747196725 4833688.569369207
12982009.595357643 4833693.714038398
12982011.443518562 4833698.858710242
12982013.291679481 4833704.003384743
12982015.139840398 4833709.148061901
12982016.988001317 4833714.2927417075
12982018.836162236 4833719.437424176
12982020.684323154 4833724.5821093
12982022.532484073 4833729.726797072
12982024.37809853 4833734.87303475
12982026.22320499 4833740.019583746
12982028.068311455 4833745.166135399
12982029.913417917 4833750.312689706
12982031.75852438 4833755.459246674
12982033.603630845 4833760.605806293
12982035.450836256 4833765.751092743
12982037.300163629 4833770.89509203
12982039.149491003 4833776.039093975
12982040.998818377 4833781.183098571
12982042.848145748 4833786.327105821
12982044.69747312 4833791.471115725
12982046.546800494 4833796.615128286
12982048.396127868 4833801.759143499
12982050.24545524 4833806.903161371
12982052.094782615 4833812.047181893
12982053.944549385 4833817.19093757
12982055.794387411 4833822.334652518
12982057.64422544 4833827.478370115
12982059.494063467 4833832.62209038
12982061.343901495 4833837.7658132855
12982063.193739522 4833842.909538855
12982065.04357755 4833848.053267067
12982066.892523034 4833853.197540996
12982068.740043761 4833858.342684444
12982070.587564493 4833863.487830552
12982072.435085226 4833868.632979316
12982074.282605955 4833873.778130731
12982076.130126689 4833878.923284803
12982077.977647416 4833884.068441532
12982079.825168146 4833889.213600914
12982081.67268888 4833894.358762955
12982083.520209609 4833899.503927647
12982085.367730342 4833904.649094998
12982087.212431775 4833909.795976484
12982089.05538865 4833914.943919672
12982090.898345526 4833920.091865523
12982092.7413024 4833925.239814024
12982094.584259273 4833930.387765198
12982096.427216152 4833935.535719017
12982098.27196249 4833940.682589245
12982100.119331522 4833945.82787007
12982101.966700556 4833950.97315355
12982103.81406959 4833956.118439695
12982105.661438622 4833961.263728496
12982107.508807654 4833966.409019943
12982109.35617669 4833971.554314049
12982111.203545721 4833976.699610813
12982113.050914753 4833981.8449102305
12982114.898283789 4833986.9902123045
12982116.74565282 4833992.135517035
12982118.593021853 4833997.280824426
12982120.440390889 4834002.426134465
12982122.28775992 4834007.57144716
12982124.135128956 4834012.7167625185
12982125.982497988 4834017.862080526
12982127.829867022 4834023.007401191
12982129.675682897 4834028.153668145
12982131.52125472 4834033.300086037
12982133.366826545 4834038.446506586
12982135.212398367 4834043.592929784
12982137.057970192 4834048.739355643
12982138.903542016 4834053.885784161
12982140.749113841 4834059.032215333
12982142.594685663 4834064.178649168
12982144.440257486 4834069.325085655
12982146.285829311 4834074.471524799
12982148.133236283 4834079.616851047
12982149.982203843 4834084.761231293
12982151.831171406 4834089.905614197
12982153.680138966 4834095.049999756
12982155.52910653 4834100.194387967
12982157.378074089 4834105.338778837
12982159.227041652 4834110.483172361
12982161.07600921 4834115.627568535
12982162.924976774 4834120.771967371
12982164.773944333 4834125.916368855
12982166.622911897 4834131.060773
12982168.471879456 4834136.205179799
12982170.320847018 4834141.349589248
12982172.16981458 4834146.494001358
12982174.018782139 4834151.638416117
12982175.867076116 4834156.783243017
12982177.712746898 4834161.929667221
12982179.558417678 4834167.076094094
12982181.404088458 4834172.222523613
12982183.24975924 4834177.368955795
12982185.095430018 4834182.515390628
12982186.941100802 4834187.661828123
12982188.78677158 4834192.808268275
12982190.632442363 4834197.954711084
12982192.478113143 4834203.101156552
12982194.323783923 4834208.24760467
12982196.169454705 4834213.394055452
12982198.015125483 4834218.5405088905
12982199.860796265 4834223.686964987
12982201.70646705 4834228.833423736
12982203.557260688 4834233.976768252
12982205.408805488 4834239.119658391
12982207.260350283 4834244.262551187
12982209.111895083 4834249.405446634
12982210.96343988 4834254.548344741
12982212.81498468 4834259.691245492
12982214.666529479 4834264.834148904
12982216.518074274 4834269.977054967
12982218.369619073 4834275.119963683
12982220.22116387 4834280.262875051
12982222.07270867 4834285.4057890745
12982223.92425347 4834290.548705754
12982225.77008293 4834295.69509988
12982227.613485627 4834300.842972087
12982229.456888324 4834305.990846951
12982231.300291019 4834311.138724468
12982233.143693715 4834316.286604651
12982234.988070302 4834321.433896335
12982236.834762197 4834326.579785263
12982238.681454094 4834331.725676848
12982240.52814599 4834336.871571091
12982242.375763623 4834342.016904868
12982244.225600153 4834347.160891555
12982246.075436682 4834352.304880888
12982247.925273212 4834357.448872882
12982249.775109742 4834362.592867531
12982251.62494627 4834367.736864834
12982253.4747828 4834372.880864792
12982255.324619327 4834378.024867401
12982257.17445586 4834383.168872668
12982259.024292387 4834388.312880586
12982260.876067655 4834393.455709374
12982262.729083557 4834398.59778455
12982264.582099462 4834403.739862384
12982266.438462842 4834408.879897243
12982268.295884805 4834414.019287868
12982270.153306765 4834419.1586811375
12982272.010728724 4834424.29807706
12982273.868150685 4834429.437475632
12982275.725572648 4834434.576876851
12982277.582994606 4834439.716280722
12982279.440416567 4834444.855687244
12982281.297838526 4834449.995096416
12982283.155260488 4834455.134508238
12982285.0107123 4834460.275126554
12982286.863459649 4834465.417400066
12982288.716206994 4834470.559676233
12982290.568954337 4834475.701955051
12982292.439134274 4834480.833509373
12982294.317918546 4834485.959771647
12982296.19670282 4834491.086036561
12982298.075487092 4834496.212304109
12982299.954271365 4834501.338574294
12982301.833055636 4834506.464847114
12982303.711839909 4834511.591122572
12982305.59435904 4834516.715072629
12982307.48650065 4834521.833027371
12982309.397928638 4834526.938745002
12982311.332000213 4834532.03009493
12982313.266071785 4834537.121447454
12982315.200143358 4834542.212802576
12982317.13421493 4834547.3041603025
12982319.068286506 4834552.39552063
12982321.002358079 4834557.4868835565
12982322.936429651 4834562.578249084
12982324.872714562 4834567.668189598
12982326.815190723 4834572.754139317
12982328.757666884 4834577.840091631
12982330.700143047 4834582.926046539
12982332.642619208 4834588.012004047
12982334.585095368 4834593.0979641415
12982336.527571527 4834598.183926838
12982338.493813321 4834603.254389349
12982340.463019501 4834608.322920714
12982342.432225684 4834613.391454654
12982344.401431862 4834618.459991173
12982346.372407656 4834623.527364291
12982348.346292425 4834628.59282329
12982350.320177196 4834633.6582848625
12982352.294061963 4834638.72374901
12982354.267946733 4834643.789215731
12982356.241831502 4834648.854685028
12982358.215716273 4834653.920156891
12982360.18960104 4834658.985631338
12982362.16348581 4834664.051108354
12982364.138349026 4834669.115939622
12982366.125217093 4834674.172818947
12982368.11208516 4834679.229700837
12982370.098953223 4834684.286585297
12982372.08582129 4834689.343472319
12982374.081012871 4834694.394773224
12982376.096587302 4834699.432390954
12982378.112161737 4834704.470011231
12982380.127736168 4834709.507634055
12982382.145446368 4834714.543810395
12982384.165304668 4834719.57853188
12982386.18516297 4834724.613255903
12982388.20507362 4834729.647946543
12982390.257354826 4834734.660422288
12982392.309636034 4834739.672900561
12982394.36191724 4834744.685381354
12982396.414198449 4834749.697864669
12982398.471785082 4834754.706657548
12982400.536600033 4834759.710421513
12982402.601414982 4834764.714187985
12982404.666229934 4834769.7179569695
12982406.731044887 4834774.721728471
12982408.795859838 4834779.725502484
12982410.860674787 4834784.72927901
12982412.925489739 4834789.73305804
12982414.99030469 4834794.736839591
12982417.059517026 4834799.737535241
12982419.140468052 4834804.729988982
12982421.221419077 4834809.722445221
12982423.302370103 4834814.714903963
12982425.383321127 4834819.707365206
12982427.484741228 4834824.685245841
12982429.595550975 4834829.65643934
12982431.706360722 4834834.62763532
12982433.81717047 4834839.598833778
12982435.927980216 4834844.570034715
12982438.038789963 4834849.541238132
12982440.149599709 4834854.512444029
12982442.260409456 4834859.483652408
12982444.376059411 4834864.451363773
12982446.5045698 4834869.409779454
12982448.633080194 4834874.368197599
12982450.761590589 4834879.326618216
12982452.89010098 4834884.285041293
12982455.018611373 4834889.243466844
12982457.158673445 4834894.193458838
12982459.301980281 4834899.141083695
12982461.445287114 4834904.0887110075
12982463.588593949 4834909.036340769
12982465.731900781 4834913.983972989
12982467.875207618 4834918.931607671
12982470.018514453 4834923.879244804
12982472.161821285 4834928.826884397
12982474.305128122 4834933.774526439
12982476.448434956 4834938.722170943
12982478.609138884 4834943.656963804
12982480.775627889 4834948.587484715
12982482.942116894 4834953.518008068
12982485.108605895 4834958.448533863
12982487.27987816 4834963.375477414
12982489.469502669 4834968.288669829
12982491.659127178 4834973.201864658
12982493.848751688 4834978.115061913
12982496.045033911 4834983.023208261
12982498.253215104 4834987.922325481
12982500.461396294 4834992.8214451065
12982502.669577487 4834997.720567145
12982504.877758678 4835002.61969159
12982507.085939871 4835007.518818441
12982509.29412106 4835012.417947704
12982511.502302255 4835017.3170793755
12982513.710483445 4835022.216213448
12982515.918664638 4835027.115349934
12982518.140250232 4835032.004189765
12982520.369940352 4835036.8868050035
12982522.599630468 4835041.769422637
12982524.835779622 4835046.647032804
12982527.075127827 4835051.522164054
12982529.31447603 4835056.397297696
12982531.553824235 4835061.272433715
12982533.79317244 4835066.14757212
12982536.03252064 4835071.022712908
12982538.271868845 4835075.897856086
12982540.519479947 4835080.7665524
12982542.769815346 4835085.633124754
12982545.020150749 4835090.499699486
12982547.270486146 4835095.366276593
12982549.544048805 4835100.214501871
12982551.824168902 4835105.057547813
12982554.104288997 4835109.9005961055
12982556.384409094 4835114.743646755
12982558.664529188 4835119.586699754
12982560.944649287 4835124.42975511
12982563.224769384 4835129.272812814
12982565.504889477 4835134.115872874
12982567.785009572 4835138.958935287
12982570.06512967 4835143.802000059
12982572.359826071 4835148.633371847
12982574.660746682 4835153.459751972
12982576.961667288 4835158.286134434
12982579.262587897 4835163.112519236
12982581.563508503 4835167.938906375
12982583.86442911 4835172.765295856
12982586.165349716 4835177.591687668
12982588.466270326 4835182.418081819
12982590.767190933 4835187.244478308
12982593.081624785 4835192.059889921
12982595.405819079 4835196.867367946
12982597.730013372 4835201.674848288
12982600.054207664 4835206.482330947
12982602.378401957 4835211.289815927
12982604.70259625 4835216.097303227
12982607.026790544 4835220.904792846
12982609.329300515 4835225.729725015
12982611.678695126 4835230.516429146
12982614.028089736 4835235.303135573
12982616.377484346 4835240.089844298
12982618.726878956 4835244.876555326
12982621.076273566 4835249.663268649
12982623.425668173 4835254.449984272
12982625.775062786 4835259.236702196
12982628.13982675 4835264.010542793
12982630.516230531 4835268.774631435
12982632.89263431 4835273.538722346
12982635.269038087 4835278.302815534
12982637.645441866 4835283.066911004
12982640.021845642 4835287.831008747
12982642.398249421 4835292.595108775
12982644.774653202 4835297.359211072
12982647.15105698 4835302.123315652
12982649.54101299 4835306.875888218
12982651.942228882 4835311.618879784
12982654.343444774 4835316.361873607
12982656.744660666 4835321.104869681
12982659.145876558 4835325.847868018
12982661.54709245 4835330.590868614
12982663.948308343 4835335.333871456
12982666.349524235 4835340.076876565
12982668.750740126 4835344.819883931
12982671.151956018 4835349.562893554
12982673.687118467 4835354.183204814
12982676.30786372 4835358.725120773
12982678.928608974 4835363.267038804
12982681.549354227 4835367.808958907
12982684.17009948 4835372.350881075
12982686.790844731 4835376.8928053165
12982689.411589986 4835381.434731624
12982692.032335239 4835385.97666001
12982694.65308049 4835390.518590454
12982697.273825744 4835395.060522979
12982699.894570997 4835399.6024575615
12982702.515316248 4835404.144394227
12982705.1360615 4835408.686332955
12982707.764228439 4835413.22099357
12982710.397551484 4835417.750598445
12982713.030874524 4835422.280205377
12982715.664197566 4835426.809814368
12982718.297520611 4835431.3394254185
12982720.930843653 4835435.869038527
12982723.564166695 4835440.398653698
12982726.197489737 4835444.928270928
12982728.833198316 4835449.455534423
12982731.47637839 4835453.975421654
12982734.119558467 4835458.495310932
12982736.76273854 4835463.015202259
12982739.405918617 4835467.5350956395
12982742.049098693 4835472.054991068
12982744.692278769 4835476.574888547
12982747.335458845 4835481.094788076
12982749.97863892 4835485.614689658
12982752.621818995 4835490.134593288
12982755.264999071 4835494.654498967
12982757.908179147 4835499.174406695
12982760.551359221 4835503.694316476
12982763.194539297 4835508.214228302
12982765.837719373 4835512.734142181
12982768.480899448 4835517.254058106
12982771.124079524 4835521.773976084
12982773.7672596 4835526.293896112
12982776.410439678 4835530.81381819
12982779.057799177 4835535.329579036
12982781.745044501 4835539.805093973
12982784.456879202 4835544.255607152
12982787.168713907 4835548.706122315
12982789.839305077 4835553.198593259
12982792.502843918 4835557.698240008
12982795.196330577 4835562.166957894
12982797.903127458 4835566.622200303
12982800.582493408 4835571.105909775
12982803.261859361 4835575.589621261
12982805.94122531 4835580.073334764
12982808.666004602 4835584.510046566
12982811.419623174 4835588.916911087
12982814.173241751 4835593.3237775555
12982816.926860325 4835597.730645974
12982819.687999222 4835602.129529328
12982822.453301689 4835606.523992677
12982825.218604157 4835610.918457968
12982828.000109648 4835615.295429527
12982830.808343105 4835619.643542742
12982833.616576564 4835623.991657856
12982836.424810022 4835628.339774867
12982839.23304348 4835632.687893769
12982842.041276937 4835637.036014572
12982844.849510394 4835641.384137269
12982847.65774385 4835645.732261867
12982850.46597731 4835650.080388364
12982853.269899972 4835654.433185412
12982856.045118107 4835658.817071847
12982858.852928948 4835663.165526352
12982861.673724558 4835667.499866085
12982864.49452017 4835671.834207705
12982867.315315785 4835676.168551214
12982870.136111397 4835680.5028965995
12982872.956907008 4835684.837243881
12982875.801215895 4835689.145481285
12982878.64634961 4835693.452804571
12982881.491483329 4835697.760129716
12982884.336617045 4835702.067456731
12982887.181750761 4835706.374785598
12982890.02688448 4835710.682116336
12982892.872018194 4835714.989448931
12982895.71715191 4835719.296783384
12982898.562285628 4835723.604119703
12982901.407419343 4835727.911457882
12982904.25255306 4835732.218797924
12982907.097686775 4835736.526139827
12982909.942820493 4835740.833483597
12982912.78795421 4835745.14082922
12982915.633087924 4835749.448176708
12982918.478221642 4835753.755526058
12982921.323355356 4835758.062877271
12982924.168489074 4835762.37023034
12982927.01362279 4835766.677585277
12982929.858756509 4835770.984942074
12982932.703890223 4835775.2923007365
12982935.549023937 4835779.599661253
12982938.397235345 4835783.903576863
12982941.24567496 4835788.207238753
12982944.094114574 4835792.510902504
12982946.942554187 4835796.814568112
12982949.790993802 4835801.11823558
12982952.639433416 4835805.421904907
12982955.487873029 4835809.725576088
12982958.336312644 4835814.029249134
12982961.184752256 4835818.332924034
12982964.033191869 4835822.636600793
12982966.881631482 4835826.940279414
12982969.730092885 4835831.243935465
12982972.578620894 4835835.547518699
12982975.427148907 4835839.851103791
12982978.275676915 4835844.154690745
12982981.124204926 4835848.4582795575
12982983.972732935 4835852.761870228
12982986.821260948 4835857.065462755
12982989.669788957 4835861.369057138
12982992.518316967 4835865.672653382
12982995.36684498 4835869.976251487
12982998.215372989 4835874.279851445
12983001.063901 4835878.583453267
12983003.912429009 4835882.887056943
12983006.760957021 4835887.190662483
12983009.609485032 4835891.49426988
12983012.458013041 4835895.797879129
12983015.313717598 4835900.093416821
12983018.175664276 4835904.381923785
12983021.037610956 4835908.670432598
12983023.917322023 4835912.938677779
12983026.802695896 4835917.200517321
12983029.695052402 4835921.454142886
12983032.663053103 4835925.618766893
12983035.631053803 4835929.783392636
12983038.626243455 4835933.914641881
12983041.647580316 4835938.013793465
12983044.701393964 4835942.071328917
12983047.803825445 4835946.066564002
12983051.031601775 4835949.889690762
12983054.264970755 4835953.704952498
12983057.565181006 4835957.422077396
12983060.931648888 4835961.035887231
12983064.331792418 4835964.597187466
12983067.828548424 4835967.993744219
12983071.364930015 4835971.322732085
12983074.914458305 4835974.626882405
12983078.564651119 4835977.740843589
12983082.214843933 4835980.854805746
12983085.936321452 4835983.820345337
12983089.700872157 4835986.693888039
12983093.503329216 4835989.481843974
12983097.385320116 4835992.0764052225
12983101.290127566 4835994.613818511
12983105.262739923 4835996.9657864235
12983109.267722106 4835999.222964703
12983113.283354796 4836001.447636564
12983117.362903783 4836003.464875205
12983121.460496845 4836005.420708733
12983125.563293396 4836007.357922066
12983129.713198034 4836009.116617916
12983133.87752225 4836010.815871001
12983138.066753125 4836012.409275735
12983142.281600982 4836013.882234957
12983146.504298845 4836015.318249528
12983150.748445453 4836016.64258832
12983155.015564824 4836017.825589343
12983159.288899677 4836018.980325979
12983163.562861355 4836020.130892413
12983167.85648171 4836021.1499069575
12983172.16212223 4836022.0794035895
12983176.47103973 4836022.981594377
12983180.789389586 4836023.805188882
12983185.114916436 4836024.558252444
12983189.447568955 4836025.24288534
12983193.78397747 4836025.884972658
12983198.123032339 4836026.497083788
12983202.466376353 4836027.054346219
12983206.812632732 4836027.571616002
12983211.162491549 4836028.0360179525
12983215.513135394 4836028.487657343
12983219.867943833 4836028.863294289
12983224.217876332 4836029.3264684295
12983228.572911534 4836029.695422271
12983232.929776324 4836030.030601321
12983237.286641113 4836030.365780385
12983241.643895833 4836030.6918123
12983246.002510102 4836030.985951145
12983250.362233402 4836031.234760366
12983254.726569597 4836031.240970053
12983259.090532076 4836031.181483238
12983263.452236343 4836030.982149961
12983267.812556658 4836030.7345180465
12983272.170428716 4836030.426837776
12983276.524972307 4836030.045624642
12983280.877015226 4836029.617283762
12983285.229058145 4836029.188942902
12983289.575886812 4836028.681450547
12983293.919385767 4836028.126494268
12983298.25667354 4836027.494372022
12983302.58388617 4836026.754034512
12983306.90668789 4836025.970997728
12983311.22948961 4836025.187961016
12983315.543126196 4836024.323879227
12983319.851357335 4836023.415537724
12983324.153180046 4836022.45766494
12983328.441825846 4836021.403451689
12983332.72417588 4836020.30711358
12983337.003754843 4836019.192234358
12983341.28282545 4836018.074150919
12983345.551704274 4836016.891826008
12983349.79761271 4836015.577724788
12983354.038749404 4836014.237031379
12983358.27390233 4836012.86455156
12983362.509055259 4836011.4920719275
12983366.73445 4836010.070523052
12983370.942668945 4836008.564803918
12983375.140223283 4836007.008927914
12983379.312015327 4836005.3398120245
12983383.4837696 4836003.670530384
12983387.653889969 4836001.994419545
12983391.816355553 4836000.28631314
12983395.946734818 4835998.4528103415
12983400.061222367 4835996.558162103
12983404.165370533 4835994.625751494
12983408.269518701 4835992.693341253
12983412.354282305 4835990.693427894
12983416.416980399 4835988.618327945
12983420.466266764 4835986.498921084
12983424.51714384 4835984.384672976
12983428.516915696 4835982.1128371665
12983432.510171302 4835979.8204195
12983436.472269382 4835977.438341481
12983440.432007076 4835975.049471619
12983444.382486682 4835972.63536965
12983448.299166597 4835970.129148067
12983452.215846512 4835967.622927108
12983456.108584814 4835965.0552205285
12983459.977532336 4835962.426415731
12983463.821861442 4835959.737209516
12983467.63532836 4835956.975197872
12983471.43015249 4835954.16934417
12983475.18021403 4835951.263568604
12983478.925801063 4835948.347805534
12983482.671388097 4835945.432043313
12983486.403698312 4835942.488431104
12983490.074457455 4835939.415703808
12983493.745216595 4835936.342977459
12983497.390548607 4835933.22040269
12983500.991366778 4835930.010560461
12983504.552213335 4835926.726695973
12983508.03188097 4835923.298376968
12983511.502303103 4835919.853833136
12983514.97010059 4835916.404905961
12983518.3851713 4835912.867898706
12983521.78419694 4835909.305328322
12983525.128822131 4835905.656083815
12983528.473447325 4835902.006840641
12983531.794222202 4835898.321158908
12983535.094321465 4835894.603889168
12983538.394420732 4835890.88662081
12983541.694326375 4835887.169067313
12983544.948660787 4835883.384077827
12983548.197589599 4835879.591261349
12983551.435675237 4835875.782743172
12983554.673760878 4835871.974226452
12983557.911846519 4835868.165711187
12983561.11666727 4835864.309990593
12983564.311612658 4835860.440257183
12983567.506558048 4835856.570525283
12983570.701503433 4835852.700794884
12983573.89644882 4835848.831065989
12983577.091052737 4835844.960862311
12983580.278250793 4835841.080330407
12983583.465448849 4835837.199800018
12983586.652643614 4835833.31926656
12983589.838441342 4835829.4367920095
12983593.013834443 4835825.540003098
12983596.169441001 4835821.615991137
12983599.325047556 4835817.6919807205
12983602.476800635 4835813.762746003
12983605.61912788 4835809.82073014
12983608.76145513 4835805.878715828
12983611.903782375 4835801.936703085
12983615.046109624 4835797.994691892
12983618.1668621 4835794.023821247
12983621.280982846 4835790.044080786
12983624.395103592 4835786.064341914
12983627.509224338 4835782.084604637
12983630.623345086 4835778.10486894
12983633.73185014 4835774.117722031
12983636.833561363 4835770.121608748
12983639.935272586 4835766.125497067
12983643.036983809 4835762.129386988
12983646.129886955 4835758.121757126
12983649.216033045 4835754.105290322
12983652.302179132 4835750.088825135
12983655.383008927 4835746.065457386
12983658.462579777 4835742.040456299
12983661.54215063 4835738.015456832
12983664.62172148 4835733.990458994
12983667.701292329 4835729.965462782
12983670.748212662 4835725.898683198
12983673.788752148 4835721.823739291
12983676.816669496 4835717.7329179775
12983679.842843603 4835713.6399052935
12983682.869017713 4835709.546894286
12983685.89519182 4835705.453884962
12983688.912369639 4835701.349668844
12983691.92244748 4835697.236608571
12983694.923622902 4835693.112668632
12983697.889176218 4835688.945189784
12983700.854729533 4835684.777712677
12983703.820282849 4835680.610237314
12983706.785836168 4835676.442763692
12983709.740456877 4835672.262169759
12983712.692732165 4835668.078762437
12983715.645007454 4835663.895356874
12983718.597282741 4835659.711953073
12983721.549558027 4835655.5285510225
12983724.501833314 4835651.345150726
12983727.447875658 4835647.154354432
12983730.377468066 4835642.944035807
12983733.307060473 4835638.733718961
12983736.236652877 4835634.5234038895
12983739.166245284 4835630.313090599
12983742.095837688 4835626.1027790895
12983745.020928144 4835621.887176838
12983747.942540033 4835617.6674869545
12983750.864151923 4835613.447798858
12983753.785763811 4835609.2281125495
12983756.707375702 4835605.008428025
12983759.62898759 4835600.78874529
12983762.55059948 4835596.569064341
12983765.472211372 4835592.349385178
12983768.39382326 4835588.1297078
12983771.31543515 4835583.9100322155
12983774.237047039 4835579.690358409
12983777.15865893 4835575.470686395
12983780.075712292 4835571.2456942145
12983782.982914755 4835567.009203185
12983785.890117217 4835562.772713953
12983788.797319677 4835558.536226527
12983791.704522135 4835554.2997409
12983794.611724598 4835550.063257071
12983797.51892706 4835545.826775051
12983800.421338296 4835541.58473675
12983803.32236155 4835537.341090125
12983806.223384801 4835533.097445301
12983809.124408055 4835528.853802289
12983812.025431307 4835524.610161078
12983814.926454557 4835520.366521683
12983817.82747781 4835516.122884088
12983820.728501063 4835511.8792483
12983823.629524317 4835507.635614325
12983826.530547567 4835503.39198215
12983829.45725045 4835499.178460459
12983832.398762397 4835494.982303772
12983835.340274347 4835490.786148852
12983838.285366537 4835486.594292581
12983841.261395397 4835482.439567168
12983844.237424254 4835478.284843485
12983847.213453116 4835474.130121539
12983850.189481976 4835469.975401317
12983853.156123638 4835465.809348347
12983856.11701845 4835461.636358129
12983859.07791326 4835457.46336966
12983862.038808074 4835453.290382937
12983864.999702882 4835449.117397964
12983867.960597696 4835444.9444147395
12983870.921492508 4835440.771433259
12983873.882387318 4835436.59845353
12983876.84328213 4835432.425475542
12983879.655842256 4835428.086126425
12983882.390202139 4835423.659069456
12983885.12456202 4835419.232014462
12983887.858921899 4835414.804961435
12983890.57693599 4835410.36092029
12983893.290014796 4835405.911751313
12983896.003093602 4835401.462584324
12983898.716172408 4835397.013419319
12983901.429251218 4835392.564256302
12983904.142330024 4835388.115095273
12983906.85540883 4835383.665936228
12983909.568487637 4835379.216779168
12983912.279905964 4835374.765912568
12983914.986415086 4835370.309987823
12983917.692924209 4835365.854065072
12983920.39943333 4835361.398144315
12983923.10594245 4835356.94222555
12983925.80158844 4835352.475192045
12983928.490653902 4835348.001426399
12983931.179719359 4835343.527662761
12983933.868784819 4835339.053901131
12983936.557850279 4835334.580141509
12983939.246915737 4835330.106383892
12983941.935981197 4835325.632628291
12983944.62504666 4835321.15887469
12983947.314112118 4835316.6851231055
12983949.995230203 4835312.203328362
12983952.66555828 4835307.710612863
12983955.335886354 4835303.217899394
12983958.00621443 4835298.72518795
12983960.676542504 4835294.232478525
12983963.315310301 4835289.709316497
12983965.991808107 4835285.228472259
12983968.734242918 4835280.810952659
12983971.423621366 4835276.33753783
12983974.084059652 4835271.834923544
12983976.744268589 4835267.332071074
12983979.405408338 4835262.830151932
12983982.066548089 4835258.328234824
12983984.727687836 4835253.82631975
12983987.388827583 4835249.324406717
12983990.049967332 4835244.822495709
12983992.711107083 4835240.320586734
12983995.37224683 4835235.8186797965
12983998.033386577 4835231.316774896
12984000.694526328 4835226.814872023
12984003.355666075 4835222.312971185
12984006.016805824 4835217.811072385
12984008.677945575 4835213.3091756115
12984011.339085322 4835208.807280872
12984014.000225069 4835204.305388169
12984016.661364818 4835199.803497503
12984019.322504569 4835195.301608863
12984021.983644316 4835190.799722262
12984024.64179952 4835186.2948540095
12984027.298283214 4835181.788316768
12984029.954766909 4835177.281781564
12984032.611250605 4835172.775248393
12984035.2677343 4835168.268717263
12984037.924217992 4835163.762188171
12984040.580701685 4835159.255661118
12984043.23718538 4835154.7491361005
12984045.893669076 4835150.2426131265
12984048.550152771 4835145.736092181
12984051.206636462 4835141.229573276
12984053.86312016 4835136.723056408
12984056.519603854 4835132.216541585
12984059.176087547 4835127.710028791
12984061.832571242 4835123.203518035
12984064.489054935 4835118.697009318
12984067.14553863 4835114.190502645
12984069.802022325 4835109.683998002
12984072.45850602 4835105.1774954
12984075.114989713 4835100.670994837
12984077.771473408 4835096.164496308
12984080.4279571 4835091.657999815
12984083.084440796 4835087.151505365
12984085.74092449 4835082.645012952
12984088.397408184 4835078.138522572
12984091.053891879 4835073.632034234
12984093.710375573 4835069.125547931
12984096.366859267 4835064.619063667
12984099.023342961 4835060.11258144
12984101.679826654 4835055.606101255
12984104.33631035 4835051.099623101
12984106.992794044 4835046.593146985
12984109.64927774 4835042.086672915
12984112.305761432 4835037.580200874
12984114.962245127 4835033.073730872
12984117.618728824 4835028.567262905
12984120.275212515 4835024.060796985
12984122.93169621 4835019.5543330945
12984125.588179903 4835015.047871241
12984128.244663598 4835010.54141143
12984130.901147295 4835006.034953657
12984133.557630986 4835001.528497916
12984136.214114683 4834997.022044216
12984138.870598374 4834992.515592552
12984141.527082069 4834988.009142928
12984144.183565766 4834983.502695338
12984146.84004946 4834978.996249793
12984149.496533154 4834974.489806278
12984152.153016848 4834969.983364801
12984154.809500543 4834965.476925368
12984157.465984236 4834960.970487965
12984160.122467931 4834956.464052602
12984162.778951624 4834951.957619273
12984165.43543532 4834947.451187992
12984168.091919014 4834942.944758739
12984170.748402707 4834938.438331525
12984173.404886402 4834933.931906351
12984176.061370095 4834929.425483216
12984178.71785379 4834924.919062113
12984181.374337485 4834920.412643053
12984184.03082118 4834915.906226024
12984186.687304873 4834911.39981104
12984189.343788568 4834906.8933980875
12984192.000272263 4834902.3869871795
12984194.656755956 4834897.880578303
12984197.31323965 4834893.374171463
12984199.969723344 4834888.867766668
12984202.626207039 4834884.361363904
12984205.282690734 4834879.854963176
12984207.939174427 4834875.348564487
12984210.595658122 4834870.842167842
12984213.252141815 4834866.335773226
12984215.90862551 4834861.829380652
12984218.565109205 4834857.322990114
12984221.221592901 4834852.8166016145
12984223.878076592 4834848.310215151
12984226.53456029 4834843.803830726
12984229.191043984 4834839.297448336
12984231.847527675 4834834.791067987
12984234.504011372 4834830.284689671
12984237.160495063 4834825.778313397
12984239.816779312 4834821.271740122
12984242.472181538 4834816.764288659
12984245.127583763 4834812.256839231
12984247.782985989 4834807.749391844
12984250.438388215 4834803.241946494
12984253.093790438 4834798.734503184
12984255.749192664 4834794.227061913
12984258.404594893 4834789.719622682
12984261.059997115 4834785.212185485
12984263.715399342 4834780.70475033
12984266.370801568 4834776.197317208
12984269.026203794 4834771.689886128
12984271.68160602 4834767.18245709
12984274.33932249 4834762.677340979
12984276.997800482 4834758.172987314
12984279.656278474 4834753.668635695
12984282.314756468 4834749.164286111
12984284.97323446 4834744.659938553
12984287.631712453 4834740.15559304
12984290.290190445 4834735.651249554
12984292.948668437 4834731.146908113
12984295.60714643 4834726.642568702
12984298.265624423 4834722.138231327
12984300.924102414 4834717.6338959895
12984303.582580408 4834713.129562687
12984306.2410584 4834708.625231419
12984308.899536392 4834704.120902189
12984311.558014385 4834699.616574989
12984314.216492375 4834695.112249827
12984316.874970369 4834690.6079267
12984319.533448359 4834686.103605614
12984322.191926355 4834681.599286559
12984324.850404344 4834677.09496954
12984327.50888234 4834672.590654556
12984330.166912902 4834668.0858949
12984332.821814444 4834663.578013289
12984335.476715986 4834659.070133721
12984338.131617527 4834654.562256192
12984340.786519071 4834650.054380703
12984343.441420613 4834645.546507248
12984346.096322155 4834641.038635829
12984348.751223696 4834636.530766457
12984351.406125238 4834632.022899122
12984354.06102678 4834627.515033821
12984356.715928322 4834623.007170558
12984359.370829865 4834618.4993093405
12984362.025731405 4834613.991450158
12984364.680632949 4834609.483593017
12984367.33553449 4834604.975737908
12984369.990436032 4834600.467884847
12984372.646095665 4834595.960790602
12984375.304209733 4834591.456148597
12984377.962323798 4834586.951508628
12984380.620437866 4834582.446870694
12984383.27855193 4834577.9422347965
12984385.936665995 4834573.437600927
12984388.594780061 4834568.932969101
12984391.25289413 4834564.428339314
12984393.911008194 4834559.923711553
12984396.569122262 4834555.419085838
12984399.227236327 4834550.914462152
12984401.885350395 4834546.409840505
12984404.54346446 4834541.905220892
12984407.201578524 4834537.400603314
12984409.85969259 4834532.895987778
12984412.517806655 4834528.39137427
12984415.175920723 4834523.886762798
12984417.834034787 4834519.382153366
12984420.492148856 4834514.877545969
12984423.15026292 4834510.372940608
12984425.808376988 4834505.868337282
12984428.466491053 4834501.363735988
12984431.124605117 4834496.859136735
12984433.782719184 4834492.354539513
12984436.44083325 4834487.8499443345
12984439.098178167 4834483.344582915
12984441.755048612 4834478.838749607
12984444.41191905 4834474.33291834
12984447.068789495 4834469.827089107
12984449.725659935 4834465.321261909
12984452.38253038 4834460.815436749
12984455.039400818 4834456.309613623
12984457.696271261 4834451.803792537
12984460.353141705 4834447.297973489
12984463.010012144 4834442.792156477
12984465.66688259 4834438.2863415005
12984468.32375303 4834433.780528559
12984470.98032438 4834429.274419095
12984473.63635202 4834424.767768932
12984476.29237966 4834420.261120797
12984478.9484073 4834415.754474703
12984481.604434943 4834411.247830644
12984484.260462584 4834406.74118863
12984486.916490223 4834402.234548646
12984489.572517866 4834397.727910703
12984492.230713073 4834393.223439652
12984494.889352301 4834388.7194140935
12984497.54746651 4834384.214866008
12984500.204831066 4834379.709570944
12984502.862195618 4834375.204277908
12984505.519560173 4834370.698986917
12984508.176924726 4834366.193697958
12984510.83428928 4834361.688411032
12984513.491653834 4834357.183126145
12984516.149018388 4834352.677843299
12984518.806382943 4834348.172562484
12984521.463747496 4834343.66728371
12984524.121112052 4834339.16200697
12984526.778476607 4834334.656732262
12984529.43584116 4834330.151459593
12984532.093205715 4834325.646188964
12984534.748021321 4834321.138376521
12984537.402834069 4834316.6305632675
12984540.057646815 4834312.122752053
12984542.712459564 4834307.614942873
12984545.36727231 4834303.107135735
12984548.02208506 4834298.599330638
12984550.676897807 4834294.091527573
12984553.331710557 4834289.58372655
12984555.986523302 4834285.075927567
12984558.64133605 4834280.568130623
12984561.296148797 4834276.0603357125
12984563.950961545 4834271.552542845
12984566.605774295 4834267.044752016
12984569.26058704 4834262.536963224
12984571.921006573 4834258.0347825205
12984574.584654814 4834253.535832143
12984577.248303054 4834249.036883788
12984579.911951292 4834244.537937468
12984582.575599533 4834240.038993179
12984585.239247773 4834235.540050921
12984587.902896013 4834231.041110695
12984590.566544255 4834226.542172493
12984593.230192492 4834222.043236329
12984595.893840734 4834217.54430219
12984598.557488974 4834213.045370082
12984601.221137214 4834208.546440007
12984603.884785453 4834204.047511961
12984606.56224575 4834199.562537068
12984609.250962822 4834195.088934291
12984611.939679895 4834190.615333523
12984614.628396964 4834186.141734766
12984617.317114038 4834181.668138013
12984620.005831106 4834177.194543264
12984622.694548178 4834172.720950526
12984625.383265251 4834168.247359792
12984628.07198232 4834163.773771074
12984630.762501247 4834159.30203159
12984633.475720532 4834154.853566101
12984636.188939823 4834150.405102596
12984638.902159108 4834145.956641074
12984641.615378397 4834141.50818154
12984644.328597682 4834137.059723989
12984647.041816968 4834132.611268428
12984649.755036255 4834128.16281485
12984652.477074793 4834123.723503091
12984655.201916099 4834119.2870979635
12984657.926757403 4834114.850694804
12984660.651598709 4834110.414293623
12984663.376440015 4834105.977894416
12984666.104452014 4834101.544816729
12984668.851469593 4834097.13163879
12984671.598487172 4834092.7184628
12984674.345504753 4834088.305288767
12984677.092522332 4834083.892116689
12984679.839539912 4834079.478946565
12984682.58655749 4834075.065778394
12984685.333575072 4834070.652612179
12984688.08059265 4834066.239447915
12984690.82761023 4834061.826285602
12984693.582672045 4834057.421669528
12984696.355387153 4834053.03580606
12984699.12810226 4834048.64994452
12984701.900817368 4834044.264084911
12984704.673532479 4834039.87822723
12984707.446247585 4834035.492371481
12984710.218962695 4834031.106517661
12984712.991677804 4834026.720665771
12984715.764392914 4834022.334815813
12984718.53710802 4834017.948967778
12984721.309823131 4834013.563121681
12984724.085255267 4834009.180208345
12984726.883368365 4834004.821762758
12984729.681481464 4834000.463319078
12984732.479594562 4833996.104877297
12984735.277707659 4833991.746437427
12984738.075820759 4833987.387999465
12984740.873933855 4833983.029563399
12984743.672046956 4833978.671129248
12984746.470160052 4833974.312696998
12984749.268273152 4833969.954266653
12984752.066386249 4833965.595838215
12984754.86449935 4833961.237411682
12984757.67812149 4833956.895991064
12984760.504477741 4833952.568533918
12984763.330833998 4833948.241078651
12984766.157190248 4833943.9136252655
12984768.983546503 4833939.586173755
12984771.809902756 4833935.258724126
12984774.63625901 4833930.931276373
12984777.462615265 4833926.603830503
12984780.288971517 4833922.276386507
12984783.115327772 4833917.948944393
12984785.941684024 4833913.621504154
12984788.772542497 4833909.29908508
12984791.625461567 4833905.001262048
12984794.478380632 4833900.703440869
12984797.331299702 4833896.405621545
12984800.18421877 4833892.107804073
12984803.037137836 4833887.809988454
12984805.890056906 4833883.512174687
12984808.74297597 4833879.214362774
12984811.59589504 4833874.916552714
12984814.451357407 4833870.621620213
12984817.323897952 4833866.345999824
12984820.1964385 4833862.070381275
12984823.068979045 4833857.794764562
12984825.941519594 4833853.519149682
12984828.814060142 4833849.243536629
12984831.686600687 4833844.967925416
12984834.559141235 4833840.692316038
12984837.431681782 4833836.416708489
12984840.304222329 4833832.141102779
12984843.176762875 4833827.865498899
12984846.072721686 4833823.616754298
12984848.971830692 4833819.371624341
12984851.870939698 4833815.126496186
12984854.770048704 4833810.881369849
12984857.66915771 4833806.636245315
12984860.568266716 4833802.39112259
12984863.467375724 4833798.146001669
12984866.36648473 4833793.900882559
12984869.265593736 4833789.655765254
12984872.164702741 4833785.41064976
12984875.066949826 4833781.169184878
12984877.984136853 4833776.94509325
12984880.901323888 4833772.7210034095
12984883.818220291 4833768.496575603
12984886.734802391 4833764.271782153
12984889.651384493 4833760.046990494
12984892.567966597 4833755.822200624
12984895.484548695 4833751.597412546
12984898.410798976 4833747.383997564
12984901.347518966 4833743.182898394
12984904.284238959 4833738.9818009995
12984907.22095895 4833734.780705371
12984910.157678943 4833730.57961151
12984913.094398933 4833726.378519428
12984916.031118926 4833722.177429112
12984918.967838917 4833717.976340568
12984921.90455891 4833713.775253796
12984924.8412789 4833709.574168788
12984927.783159476 4833705.379237963
12984930.743255872 4833701.206025635
12984933.703352269 4833697.032815055
12984936.663448667 4833692.859606222
12984939.623545064 4833688.686399135
12984942.58364146 4833684.513193801
12984945.543737857 4833680.33999021
12984948.503834255 4833676.166788361
12984951.464255221 4833671.9939794475
12984954.435819982 4833667.834603127
12984957.407384736 4833663.675228553
12984960.378949493 4833659.515855704
12984963.35051425 4833655.356484596
12984966.327965876 4833651.204274256
12984969.31667192 4833647.065752168
12984972.305377962 4833642.927231799
12984975.294084005 4833638.788713147
12984978.282790048 4833634.650196212
12984981.271496095 4833630.511680998
12984984.260202138 4833626.373167499
12984987.24890818 4833622.234655721
12984990.237614224 4833618.096145659
12984993.234871922 4833613.9681453025
12984996.239339653 4833609.84900609
12984999.243807385 4833605.729868585
12985002.248275116 4833601.61073278
12985005.252742847 4833597.491598678
12985008.257210575 4833593.372466274
12985011.261678306 4833589.2533355765
12985014.266146038 4833585.134206575
12985017.284261601 4833581.032041638
12985020.309009785 4833576.938121803
12985023.333608212 4833572.844016354
12985026.357667737 4833568.749238644
12985029.381727263 4833564.654462613
12985032.405786786 4833560.559688264
12985035.433288962 4833556.469237488
12985038.470045812 4833552.390406686
12985041.506802665 4833548.311577557
12985044.543559514 4833544.232750089
12985047.580316367 4833540.153924296
12985050.617073216 4833536.075100166
12985053.653830068 4833531.9962777095
12985056.690586919 4833527.917456919
12985059.742006784 4833523.8572232155
12985062.79612258 4833519.800408261
12985065.850238375 4833515.743594955
12985068.904354176 4833511.68678331
12985071.95846997 4833507.629973306
12985075.012585767 4833503.573164956
12985078.066701563 4833499.516358259
12985081.125149747 4833495.465095475
12985084.190727485 4833491.422954896
12985087.256305223 4833487.3808159605
12985090.321882961 4833483.33867866
12985093.387460697 4833479.296543003
12985096.453038435 4833475.254408983
12985099.518616173 4833471.212276599
12985102.584193911 4833467.170145859
12985105.649771648 4833463.128016757
12985108.724234637 4833459.097363062
12985111.807492428 4833455.078067966
12985114.890750222 4833451.058774488
12985117.974008014 4833447.039482635
12985121.057265809 4833443.0201924
12985124.148780178 4833439.011670705
12985127.244652791 4833435.008833945
12985130.340525402 4833431.005998799
12985133.436398013 4833427.003165248
12985136.532270622 4833423.000333313
12985139.628143234 4833418.997502984
12985142.724015843 4833414.994674259
12985145.819888456 4833410.991847144
12985148.915761065 4833406.989021631
12985152.023973316 4833403.002472583
12985155.14205912 4833399.02894743
12985158.260144917 4833395.055423855
12985161.37823072 4833391.081901865
12985164.496316519 4833387.108381461
12985167.61440232 4833383.134862639
12985170.73421053 4833379.16363783
12985173.857901491 4833375.1975823175
12985176.981592448 4833371.231528385
12985180.10528341 4833367.265476027
12985183.228974368 4833363.299425249
12985186.352665326 4833359.333376047
12985189.476356287 4833355.367328426
12985192.602562053 4833351.404654887
12985195.74368187 4833347.461983523
12985198.884801684 4833343.519313722
12985202.025921503 4833339.5766454805
12985205.167041318 4833335.633978799
12985208.308161138 4833331.691313676
12985211.449280951 4833327.748650108
12985214.590400767 4833323.805988109
12985217.732763924 4833319.865014471
12985220.89152609 4833315.946290552
12985224.050288256 4833312.027568165
12985227.209050424 4833308.108847324
12985230.36781259 4833304.190128025
12985233.526574757 4833300.271410265
12985236.685336923 4833296.35269404
12985239.847286956 4833292.438351213
12985243.020914095 4833288.540023962
12985246.194541233 4833284.641698238
12985249.368168367 4833280.743374039
12985252.541795505 4833276.845051364
12985255.715422643 4833272.946730217
12985258.88904978 4833269.048410587
12985262.062676918 4833265.150092484
12985265.236304056 4833261.251775907
12985268.41709603 4833257.36337551
12985271.602781847 4833253.481748705
12985274.788467666 4833249.600123412
12985277.974153487 4833245.718499632
12985281.159839306 4833241.836877358
12985284.345525125 4833237.955256599
12985287.531210944 4833234.073637351
12985290.716896765 4833230.192019612
12985293.915772902 4833226.32883163
12985297.11788142 4833222.470161123
12985300.319989938 4833218.611492111
12985303.522098456 4833214.7528245915
12985306.724206975 4833210.894158566
12985309.926315494 4833207.0354940295
12985313.128424011 4833203.17683099
12985316.335749526 4833199.325541149
12985319.55492621 4833195.490998684
12985322.774102893 4833191.656457694
12985325.99327957 4833187.821918184
12985329.212456252 4833183.987380139
12985332.431632938 4833180.152843573
12985335.650809616 4833176.318308488
12985338.869986298 4833172.483774872
12985342.095829343 4833168.6587586645
12985345.327817027 4833164.842515124
12985348.559804711 4833161.026273047
12985351.791792398 4833157.210032431
12985355.023780083 4833153.393793272
12985358.25576777 4833149.577555578
12985361.487755455 4833145.761319344
12985364.719743138 4833141.945084565
12985367.963901646 4833138.146402853
12985371.212867567 4833134.354655374
12985374.461833488 4833130.562909343
12985377.710799407 4833126.771164751
12985380.959765326 4833122.979421601
12985384.208731249 4833119.187679891
12985387.45769717 4833115.395939628
12985390.706663089 4833111.604200802
12985393.956845932 4833107.814238529
12985397.221969925 4833104.0460721515
12985400.487093918 4833100.277907194
12985403.75221791 4833096.50974366
12985407.017341902 4833092.7415815545
12985410.282465896 4833088.973420873
12985413.547589887 4833085.205261613
12985416.81271388 4833081.437103782
12985420.081722876 4833077.6746660955
12985423.356856039 4833073.921244602
12985426.631989207 4833070.167824527
12985429.907122372 4833066.414405864
12985433.182255536 4833062.660988614
12985436.457388703 4833058.907572777
12985439.732521866 4833055.15415835
12985443.00765503 4833051.400745341
12985446.282788197 4833047.647333743
12985449.572989255 4833043.916366091
12985452.8717022 4833040.198077653
12985456.170415143 4833036.479790611
12985459.469128087 4833032.761504954
12985462.76784103 4833029.043220676
12985466.06655397 4833025.324937795
12985469.365266917 4833021.606656298
12985472.663979862 4833017.888376187
12985475.962692805 4833014.17009746
12985479.264587184 4833010.456603796
12985482.574030017 4833006.754529868
12985485.879501775 4833003.046432685
12985489.184530102 4832999.337665305
12985492.489558427 4832995.62889931
12985495.794586753 4832991.920134688
12985499.109797057 4832988.226817522
12985502.430516966 4832984.541859805
12985505.751236873 4832980.8569034515
12985509.071956784 4832977.171948463
12985512.392676692 4832973.486994833
12985515.713396601 4832969.802042566
12985519.035693986 4832966.119508158
12985522.368041031 4832962.452369928
12985525.700388076 4832958.785233047
12985529.032735122 4832955.118097518
12985532.365082165 4832951.450963334
12985535.69742921 4832947.7838305
12985539.029776255 4832944.116699018
12985542.3621233 4832940.449568881
12985545.694470344 4832936.782440092
12985549.034395816 4832933.127040615
12985552.383378265 4832929.485658565
12985555.732360713 4832925.844277834
12985559.081343157 4832922.2028984325
12985562.430325607 4832918.561520371
12985565.779308055 4832914.92014363
12985569.136908261 4832911.292240699
12985572.49726084 4832907.668641971
12985575.85761342 4832904.04504456
12985579.217966 4832900.421448465
12985582.57831858 4832896.797853689
12985585.938671162 4832893.174260228
12985589.29902374 4832889.550668088
12985592.65937632 4832885.927077263
12985596.0197289 4832882.303487756
12985599.39181858 4832878.698416131
12985602.765666543 4832875.096119695
12985606.139514508 4832871.493824562
12985609.513362471 4832867.891530737
12985612.887210438 4832864.289238209
12985616.261058401 4832860.68694698
12985619.634906366 4832857.084657053
12985623.008754333 4832853.482368435
12985626.382602297 4832849.88008111
12985629.760412863 4832846.284114746
12985633.150225388 4832842.707290701
12985636.540037915 4832839.1304679345
12985639.929850442 4832835.553646453
12985643.319662968 4832831.976826252
12985646.709475497 4832828.40000734
12985650.09928802 4832824.823189711
12985653.48910055 4832821.246373356
12985656.88507554 4832817.679473293
12985660.282673836 4832814.1151863
12985663.680272134 4832810.550900573
12985667.07787043 4832806.986616122
12985670.475468729 4832803.422332946
12985673.873067023 4832799.858051042
