12980774.99977117 4838364.701369906
12980778.383294782 4838361.892854904
12980781.766818393 4838359.084340694
12980785.150342006 4838356.275827276
12980788.533865616 4838353.467314649
12980791.917389225 4838350.658802816
12980795.300912838 4838347.850291772
12980798.684436448 4838345.0417815205
12980802.067960061 4838342.233272063
12980805.451483674 4838339.4247633945
12980808.835007284 4838336.616255521
12980812.218530895 4838333.807748436
12980815.602054507 4838330.9992421465
12980818.985578118 4838328.190736647
12980822.36910173 4838325.382231939
12980825.75262534 4838322.573728022
12980829.13614895 4838319.765224897
12980832.519672563 4838316.956722563
12980835.90317873 4838314.148185406
12980839.286669256 4838311.339617116
12980842.670159785 4838308.531049612
12980846.053650312 4838305.722482907
12980849.437140841 4838302.91391699
12980852.820631368 4838300.105351864
12980856.204121897 4838297.296787531
12980859.587612422 4838294.488223996
12980862.971102953 4838291.679661239
12980866.354593482 4838288.871099283
12980869.738084009 4838286.062538121
12980873.121574538 4838283.253977745
12980876.505065065 4838280.445418162
12980879.888555594 4838277.636859376
12980883.272046119 4838274.8283013785
12980886.655536646 4838272.019744168
12980890.039027175 4838269.211187757
12980893.435673693 4838266.4297383865
12980896.827564334 4838263.638554479
12980900.204642124 4838260.816951342
12980903.581719913 4838257.995349011
12980906.958797704 4838255.17374747
12980910.335875493 4838252.35214673
12980913.713433467 4838249.531521022
12980917.091118224 4838246.711153331
12980920.46880298 4838243.890786438
12980923.846487736 4838241.070420347
12980927.22830997 4838238.25847478
12980930.611317722 4838235.448942534
12980933.994325476 4838232.639411077
12980937.377333233 4838229.8298804145
12980940.760340987 4838227.020350541
12980944.143348742 4838224.210821467
12980947.526356496 4838221.401293172
12980950.90936425 4838218.591765687
12980954.292372005 4838215.782238975
12980957.675379759 4838212.972713072
12980961.058387512 4838210.163187948
12980964.441395266 4838207.353663629
12980967.824403021 4838204.54414009
12980971.207410775 4838201.734617356
12980974.590418529 4838198.925095406
12980977.973426284 4838196.115574253
12980981.356434038 4838193.306053887
12980984.739441795 4838190.496534319
12980988.122449549 4838187.687015538
12980991.504996505 4838184.876558543
12980994.88537754 4838182.061688701
12980998.265758578 4838179.2468196405
12981001.646139616 4838176.431951387
12981005.026520655 4838173.617083922
12981008.406901693 4838170.80221726
12981011.787282731 4838167.987351386
12981015.16766377 4838165.172486306
12981018.548559077 4838162.35866933
12981021.930332126 4838159.5466406485
12981025.312105171 4838156.7346127685
12981028.693878217 4838153.92258567
12981032.075651262 4838151.110559365
12981035.45742431 4838148.298533862
12981038.839197354 4838145.486509148
12981042.2209704 4838142.674485229
12981045.602743449 4838139.862462107
12981048.984516494 4838137.050439776
12981052.36628954 4838134.238418236
12981055.748062585 4838131.426397492
12981059.129835632 4838128.6143775415
12981062.512091177 4838125.803343752
12981065.8979731 4838122.999716573
12981069.283855023 4838120.196090186
12981072.669736944 4838117.392464586
12981076.05561887 4838114.588839778
12981079.44150079 4838111.785215755
12981082.827382714 4838108.981592529
12981086.213264635 4838106.177970087
12981089.599146556 4838103.374348433
12981092.985028481 4838100.57072757
12981096.370910404 4838097.767107495
12981099.756792327 4838094.963488206
12981103.141922984 4838092.158334349
12981106.525135372 4838089.3492608955
12981109.908347758 4838086.540188238
12981113.291560143 4838083.731116368
12981116.674772533 4838080.922045291
12981120.057984916 4838078.112975007
12981123.441197306 4838075.303905517
12981126.824409692 4838072.494836816
12981130.207622077 4838069.685768906
12981133.590834467 4838066.876701793
12981136.974046852 4838064.067635468
12981140.35725924 4838061.258569932
12981143.740471626 4838058.449505193
12981147.123684011 4838055.640441249
12981150.506896397 4838052.831378092
12981153.890108787 4838050.022315728
12981157.27332117 4838047.213254157
12981160.65653356 4838044.404193377
12981164.039745945 4838041.595133386
12981167.422958331 4838038.7860742
12981170.80617072 4838035.9770157905
12981174.189383104 4838033.1679581795
12981177.572595494 4838030.358901362
12981180.95580788 4838027.549845332
12981184.339020265 4838024.740790098
12981187.722232655 4838021.931735657
12981191.10544504 4838019.122682004
12981194.488657426 4838016.313629145
12981197.871869814 4838013.504577076
12981201.2550822 4838010.695525804
12981204.638294585 4838007.886475319
12981208.021506974 4838005.077425628
12981211.404719358 4838002.268376731
12981214.787931748 4837999.4593286235
12981218.171144133 4837996.650281304
12981221.55435652 4837993.841234791
12981224.937568909 4837991.032189055
12981228.320781292 4837988.223144116
12981231.70399368 4837985.414099973
12981235.087206068 4837982.605056617
12981238.470418453 4837979.796014052
12981241.853630839 4837976.986972281
12981245.236843228 4837974.177931308
12981248.620055612 4837971.368891117
12981252.003268002 4837968.559851722
12981255.386480387 4837965.750813122
12981258.769692773 4837962.941775311
12981262.152905162 4837960.13273829
12981265.536117546 4837957.323702068
12981268.919329934 4837954.514666631
12981272.302542321 4837951.705631988
12981275.685754707 4837948.896598136
12981279.068967093 4837946.087565081
12981282.45217948 4837943.278532814
12981285.835391866 4837940.469501338
12981289.218604255 4837937.660470658
12981292.601816641 4837934.851440768
12981295.985029027 4837932.042411664
12981299.368241416 4837929.233383369
12981302.7514538 4837926.424355851
12981306.134666188 4837923.615329126
12981309.517878575 4837920.806303199
12981312.901090961 4837917.99727806
12981316.28430335 4837915.188253713
12981319.667515734 4837912.379230158
12981323.050728122 4837909.570207401
12981326.43394051 4837906.761185427
12981329.817152895 4837903.952164249
12981333.20036528 4837901.143143864
12981336.583577666 4837898.334124271
12981339.966790054 4837895.525105467
12981343.364980597 4837892.74695376
12981346.766991213 4837889.976675067
12981350.151368743 4837887.170054927
12981353.534836737 4837884.361561003
12981356.91830473 4837881.553067871
12981360.301772725 4837878.744575527
12981363.68524072 4837875.936083982
12981367.06870871 4837873.127593222
12981370.452176707 4837870.3191032605
12981373.835644698 4837867.510614087
12981377.219112692 4837864.702125701
12981380.602580685 4837861.89363811
12981383.98604868 4837859.085151309
12981387.369516674 4837856.276665302
12981390.752984669 4837853.46818009
12981394.136452662 4837850.659695664
12981397.519920655 4837847.851212029
12981400.90338865 4837845.042729189
12981404.28685664 4837842.234247144
12981407.670324635 4837839.425765884
12981411.05379263 4837836.61728542
12981414.437260622 4837833.808805743
12981417.820728617 4837831.000326862
12981421.204196611 4837828.191848772
12981424.587664604 4837825.383371471
12981427.971132597 4837822.5748949675
12981431.354600592 4837819.76641925
12981434.738068586 4837816.957944328
12981438.121536579 4837814.149470199
12981441.505004574 4837811.340996857
12981444.888472568 4837808.532524309
12981448.27194056 4837805.724052549
12981451.655408554 4837802.915581585
12981455.038876547 4837800.107111411
12981458.422344541 4837797.298642031
12981461.805812534 4837794.490173438
12981465.189280529 4837791.681705641
12981468.572748523 4837788.873238638
12981471.956216516 4837786.064772419
12981475.33968451 4837783.2563069975
12981478.72261609 4837780.446748203
12981482.104543736 4837777.635142392
12981485.489502855 4837774.829750578
12981488.873818561 4837772.023026756
12981492.25732881 4837769.214651556
12981495.64083906 4837766.4062771415
12981499.024349308 4837763.597903523
12981502.407859556 4837760.7895306945
12981505.791369807 4837757.981158657
12981509.174880054 4837755.172787413
12981512.558390304 4837752.364416959
12981515.941900553 4837749.5560473
12981519.325410804 4837746.747678427
12981522.708921054 4837743.9393103495
12981526.092431301 4837741.130943056
12981529.475941552 4837738.322576566
12981532.859451802 4837735.514210856
12981536.242962051 4837732.7058459455
12981539.626472298 4837729.89748183
12981543.009982549 4837727.089118495
12981546.393492797 4837724.28075596
12981549.777003048 4837721.47239422
12981553.160513295 4837718.664033258
12981556.544023545 4837715.855673097
12981559.927533794 4837713.047313729
12981563.311044045 4837710.238955146
12981566.694554295 4837707.430597361
12981570.078064542 4837704.6222403655
12981573.461574793 4837701.813884158
12981576.845085042 4837699.005528747
12981580.22859529 4837696.197174128
12981583.612105539 4837693.388820299
12981586.99561579 4837690.5804672595
12981590.379126038 4837687.7721150145
12981593.762636287 4837684.963763561
12981597.146146536 4837682.155412897
12981600.529656786 4837679.347063025
12981603.913167033 4837676.538713947
12981607.296677284 4837673.730365657
12981610.680187535 4837670.922018162
12981614.063697783 4837668.113671459
12981617.447208034 4837665.3053255435
12981620.83071828 4837662.496980421
12981624.214228531 4837659.688636093
12981627.59773878 4837656.880292548
12981630.981249027 4837654.0719498
12981634.364759278 4837651.263607846
12981637.748269528 4837648.455266683
12981641.131779777 4837645.646926309
12981644.515290027 4837642.83858673
12981647.898800274 4837640.030247942
12981651.282310525 4837637.221909946
12981654.665820776 4837634.413572737
12981658.049331024 4837631.605236324
12981661.432841271 4837628.796900704
12981664.816351522 4837625.988565871
12981668.19986177 4837623.180231832
12981671.583372021 4837620.371898585
12981674.966882268 4837617.56356613
12981678.350392519 4837614.755234463
12981681.73390277 4837611.946903592
12981685.117413018 4837609.138573508
12981688.500923268 4837606.330244219
12981691.884433515 4837603.521915722
12981695.267943766 4837600.71358801
12981698.651454015 4837597.905261099
12981702.034964265 4837595.096934978
12981705.418474512 4837592.28860964
12981708.801984763 4837589.480285104
12981712.185495012 4837586.671961357
12981715.569005262 4837583.863638394
12981718.952515509 4837581.055316233
12981722.33602576 4837578.2469948605
12981725.719536008 4837575.438674272
12981729.103046259 4837572.6303544855
12981732.48655651 4837569.82203548
12981735.870066756 4837567.013717275
12981739.253577007 4837564.20539986
12981742.637087256 4837561.397083237
12981746.020597506 4837558.588767402
12981749.404107753 4837555.780452361
12981752.787618002 4837552.972138112
12981756.171128253 4837550.163824652
12981759.554638503 4837547.355511988
12981762.93814875 4837544.547200113
12981766.321659 4837541.73888903
12981769.70516925 4837538.930578737
12981773.0886795 4837536.122269238
12981776.47218975 4837533.313960527
12981779.855699997 4837530.50565261
12981783.239210248 4837527.697345478
12981786.622720497 4837524.8890391495
12981790.005359003 4837522.078955028
12981793.387754133 4837519.268375143
12981796.77014926 4837516.457796056
12981800.152544387 4837513.647217758
12981803.534939516 4837510.836640252
12981806.917334644 4837508.026063534
12981810.299729774 4837505.215487613
12981813.682124902 4837502.404912487
12981817.064520027 4837499.594338154
12981820.447168985 4837496.784282295
12981823.829973238 4837493.974543963
12981827.21277749 4837491.164806421
12981830.59558174 4837488.35506967
12981833.978385992 4837485.545333707
12981837.361190243 4837482.735598543
12981840.743994493 4837479.925864172
12981844.126798743 4837477.116130586
12981847.509602997 4837474.306397797
12981850.892407248 4837471.496665802
12981854.275211498 4837468.686934601
12981857.658015748 4837465.8772041835
12981861.04082 4837463.067474564
12981864.423634542 4837460.257766743
12981867.807671176 4837457.450554265
12981871.191707807 4837454.643342585
12981874.575744439 4837451.836131697
12981877.959781071 4837449.028921591
12981881.343817705 4837446.221712281
12981884.727854338 4837443.414503763
12981888.111890968 4837440.607296037
12981891.495927602 4837437.800089097
12981894.879964232 4837434.992882952
12981898.264000867 4837432.1856775945
12981901.648037497 4837429.378473033
12981905.032074127 4837426.571269257
12981908.416110761 4837423.764066275
12981911.800147396 4837420.956864084
12981915.184184026 4837418.149662684
12981918.568220658 4837415.342462073
12981921.952257292 4837412.535262253
12981925.336293923 4837409.728063228
12981928.720330553 4837406.920864991
12981932.104367187 4837404.113667543
12981935.488507887 4837401.306683472
12981938.872759867 4837398.499927501
12981942.257011848 4837395.69317232
12981945.641263826 4837392.886417934
12981949.025515808 4837390.079664335
12981952.40976779 4837387.272911525
12981955.794019768 4837384.466159514
12981959.178271746 4837381.659408288
12981962.562523728 4837378.852657851
12981965.946775706 4837376.045908204
12981969.331051527 4837373.239208064
12981972.715382628 4837370.432621652
12981976.099713733 4837367.626036024
12981979.484044835 4837364.819451192
12981982.868375937 4837362.012867152
12981986.252707042 4837359.206283898
12981989.637038143 4837356.39970144
12981993.021369245 4837353.593119769
12981996.405700346 4837350.786538889
12981999.79003145 4837347.9799588
12982003.174362551 4837345.173379502
12982006.558693655 4837342.366800996
12982009.943024756 4837339.560223281
12982013.32735586 4837336.753646351
12982016.711686961 4837333.947070216
12982020.096018065 4837331.140494872
12982023.480349166 4837328.333920311
12982026.86468027 4837325.527346548
12982030.249011373 4837322.720773575
12982033.633342475 4837319.91420139
12982037.017673578 4837317.107629999
12982040.40200468 4837314.301059397
12982043.786335781 4837311.494489588
12982047.170666883 4837308.687920568
12982050.554997984 4837305.881352335
12982053.93932909 4837303.074784895
12982057.323660191 4837300.268218248
12982060.707991293 4837297.461652387
12982064.092322398 4837294.65508732
12982067.4766535 4837291.848523044
12982070.860031141 4837289.04001295
12982074.242959725 4837286.23058684
12982077.625888309 4837283.421161522
12982081.008816894 4837280.611737
12982084.391745478 4837277.802313266
12982087.774674064 4837274.992890327
12982091.157602647 4837272.183468183
12982094.540531233 4837269.374046821
12982097.923459817 4837266.564626261
12982101.306388399 4837263.755206492
12982104.69001464 4837260.947211368
12982108.073672023 4837258.139280589
12982111.4573294 4837255.331350602
12982114.84098678 4837252.523421406
12982118.22464416 4837249.715493005
12982121.60830154 4837246.907565389
12982124.991958924 4837244.099638566
12982128.3756163 4837241.29171254
12982131.759273682 4837238.4837873
12982135.14293106 4837235.675862856
12982138.526588442 4837232.867939193
12982141.910245825 4837230.060016334
12982145.293903202 4837227.252094257
12982148.677560585 4837224.4441729775
12982152.061217966 4837221.636252487
12982155.444875343 4837218.82833279
12982158.828532726 4837216.02041388
12982162.212190103 4837213.212495761
12982165.595847486 4837210.404578438
12982168.979504867 4837207.596661904
12982172.363162246 4837204.7887461595
12982175.746819627 4837201.980831207
12982179.130477007 4837199.172917049
12982182.514134387 4837196.365003681
12982185.897791767 4837193.557091099
12982189.281449147 4837190.749179312
12982192.665106528 4837187.941268321
12982196.048763908 4837185.133358116
12982199.432421288 4837182.325448706
12982202.816078668 4837179.517540081
12982206.19973605 4837176.709632255
12982209.583544442 4837173.902033668
12982212.968045635 4837171.095850935
12982216.352546824 4837168.289668999
12982219.737048017 4837165.483487845
12982223.12154921 4837162.677307485
12982226.506050399 4837159.871127916
12982229.890551591 4837157.064949135
12982233.275052784 4837154.258771148
12982236.659553973 4837151.452593945
12982240.044055166 4837148.646417539
12982243.428556357 4837145.840241922
12982246.81305755 4837143.03406709
12982250.19755874 4837140.227893054
12982253.582059931 4837137.421719806
12982256.966561124 4837134.615547349
12982260.351062315 4837131.809375683
12982263.735563505 4837129.003204808
12982267.120064698 4837126.19703472
12982270.504565887 4837123.390865426
12982273.88906708 4837120.584696921
12982277.273568273 4837117.778529204
12982280.658069462 4837114.972362281
12982284.042517316 4837112.166087175
12982287.426614828 4837109.359097122
12982290.81071234 4837106.552107854
12982294.194809852 4837103.745119383
12982297.578907365 4837100.938131701
12982300.963004878 4837098.131144811
12982304.34710239 4837095.324158711
12982307.7311999 4837092.517173397
12982311.115297412 4837089.71018888
12982314.499394925 4837086.903205151
12982317.883289628 4837084.095808047
12982321.267011415 4837081.288058596
12982324.650733195 4837078.480309943
12982328.034454979 4837075.672562073
12982331.418176763 4837072.864815007
12982334.801898547 4837070.05706872
12982338.185620328 4837067.249323234
12982341.569342112 4837064.44157853
12982344.953063896 4837061.633834619
12982348.336785676 4837058.826091502
12982351.72050746 4837056.018349176
12982355.104229245 4837053.210607639
12982358.487951027 4837050.402866895
12982361.871672811 4837047.595126947
12982365.255394595 4837044.787387783
12982368.639116377 4837041.97964941
12982372.02283816 4837039.171911827
12982375.406559944 4837036.364175044
12982378.790281728 4837033.556439043
12982382.174003508 4837030.748703843
12982385.557725292 4837027.940969425
12982388.941447077 4837025.133235799
12982392.32516886 4837022.325502968
12982395.708892394 4837019.517774504
12982399.092632556 4837016.71008078
12982402.476372717 4837013.902387843
12982405.860112876 4837011.094695692
12982409.243853036 4837008.28700434
12982412.627593199 4837005.479313781
12982416.01133336 4837002.671624006
12982419.39507352 4836999.86393503
12982422.77881368 4836997.056246843
12982426.16255384 4836994.248559444
12982429.546294 4836991.440872839
12982432.93003416 4836988.633187017
12982436.313774321 4836985.825501993
12982439.697514484 4836983.017817762
12982443.081641505 4836980.210924871
12982446.46702041 4836977.406590995
12982449.852399312 4836974.602257906
12982453.237778217 4836971.797925609
12982456.623157118 4836968.993594102
12982460.008428115 4836966.189042713
12982463.393590434 4836963.384269867
12982466.778752752 4836960.579497813
12982470.163915068 4836957.774726546
12982473.549077384 4836954.969956066
12982476.934239702 4836952.16518638
12982480.319402019 4836949.36041748
12982483.704564335 4836946.555649372
12982487.089726653 4836943.750882053
12982490.474888971 4836940.946115518
12982493.860051287 4836938.141349778
12982497.245213604 4836935.336584825
12982500.63037592 4836932.531820665
12982504.016240615 4836929.728494356
12982507.402592953 4836926.926166556
12982510.788945287 4836924.123839538
12982514.175297625 4836921.321513313
12982517.561649961 4836918.519187881
12982520.9480023 4836915.716863226
12982524.334354637 4836912.914539368
12982527.720706973 4836910.112216294
12982531.097865174 4836907.29128324
12982534.461915197 4836904.443817442
12982537.825965222 4836901.596352452
12982541.190015247 4836898.748888283
12982544.591188338 4836895.977521095
12982548.0019098 4836893.225727267
12982551.39050312 4836890.4280834
12982554.775694516 4836887.623391345
12982558.160885913 4836884.818700075
12982561.54607731 4836882.014009595
12982564.93126871 4836879.209319906
12982568.316460107 4836876.404631008
12982571.701651504 4836873.5999428965
12982575.086842902 4836870.795255573
12982578.472034298 4836867.990569036
12982581.857225696 4836865.1858833
12982585.242417092 4836862.381198346
12982588.627608493 4836859.57651418
12982592.012799889 4836856.771830805
12982595.397991287 4836853.967148223
12982598.783182682 4836851.162466426
12982602.169611415 4836848.360735839
12982605.483359175 4836845.415053779
12982608.797106937 4836842.469372584
12982612.110854696 4836839.52369226
12982615.424602456 4836836.57801281
12982618.73835022 4836833.632334229
12982622.052097978 4836830.686656522
12982625.365845738 4836827.74097968
12982628.6795935 4836824.795303711
12982631.99334126 4836821.849628617
12982635.307089021 4836818.9039543895
12982638.620836783 4836815.958281032
12982641.934584541 4836813.012608548
12982645.248332301 4836810.066936936
12982648.562080063 4836807.121266193
12982651.875827823 4836804.175596319
12982655.189575585 4836801.229927321
12982658.503323346 4836798.284259186
12982661.817071106 4836795.338591925
12982665.130818864 4836792.392925539
12982668.444566628 4836789.447260019
12982671.758314388 4836786.501595375
12982675.072062148 4836783.555931596
12982678.38580991 4836780.610268691
12982681.692989463 4836777.652130506
12982684.999691911 4836774.693086951
12982688.30639436 4836771.734044275
12982691.613096807 4836768.775002474
12982694.919799257 4836765.815961555
12982698.226501703 4836762.856921514
12982701.53320415 4836759.897882348
12982704.8399066 4836756.938844069
12982708.146609047 4836753.979806662
12982711.453978838 4836751.022126634
12982714.801250996 4836748.141403304
12982718.148523156 4836745.260680803
12982721.495795313 4836742.379959139
12982724.843067475 4836739.499238304
12982728.190339632 4836736.618518303
12982731.537611792 4836733.737799128
12982734.88488395 4836730.857080791
12982738.232156109 4836727.976363288
12982741.579428267 4836725.095646622
12982744.922964824 4836722.207603452
12982748.26296761 4836719.312629694
12982751.602970395 4836716.417656766
12982754.942973182 4836713.522684688
12982758.28297597 4836710.627713447
12982761.622978756 4836707.732743051
12982764.962981543 4836704.8377734935
12982768.30298433 4836701.942804775
12982771.606485942 4836698.977816379
12982774.906954903 4836696.007029782
12982778.207423862 4836693.036244075
12982781.507892821 4836690.0654592505
12982784.80836178 4836687.094675317
12982788.108830739 4836684.123892267
12982791.409299698 4836681.153110099
12982794.709768655 4836678.182328819
12982798.010237614 4836675.211548433
12982801.308042105 4836672.23577449
12982804.59980074 4836669.248668756
12982807.891559375 4836666.261563912
12982811.183318011 4836663.274459966
12982814.47507665 4836660.287356923
12982817.766835283 4836657.300254769
12982821.055857234 4836654.308071371
12982824.336209996 4836651.299789832
12982827.616562758 4836648.291509198
12982830.896915523 4836645.283229481
12982834.177268285 4836642.274950662
12982837.45762105 4836639.266672757
12982840.737973811 4836636.258395761
12982844.018326573 4836633.25011967
12982847.298679335 4836630.24184449
12982850.574982014 4836627.226146592
12982853.838271441 4836624.186596923
12982857.101560868 4836621.147048173
12982860.364850294 4836618.107500355
12982863.628139721 4836615.06795346
12982866.891429149 4836612.028407493
12982870.154718576 4836608.988862456
12982873.406606065 4836605.928705364
12982876.656521734 4836602.8649844695
12982879.906437403 4836599.801264514
12982883.156353071 4836596.737545496
12982886.40626874 4836593.6738274265
12982889.656184409 4836590.610110296
12982892.885084022 4836587.508982088
12982896.113768416 4836584.407471715
12982899.34245281 4836581.305962305
12982902.571137203 4836578.204453864
12982905.799821597 4836575.102946386
12982909.02850599 4836572.001439878
12982912.257190384 4836568.899934333
12982915.46071769 4836565.754590512
12982918.662003491 4836562.60534161
12982921.863289293 4836559.456093698
12982925.064575095 4836556.306846782
12982928.213408966 4836553.06976965
12982931.34813999 4836549.809078235
12982934.482871016 4836546.548387886
12982937.587917974 4836543.240020292
12982940.646353176 4836539.85934212
12982943.684086462 4836536.446670554
12982946.704777567 4836533.008712703
12982949.700278308 4836529.533378211
12982952.655403461 4836526.000276225
12982955.595703013 4836522.445997151
12982958.490831511 4836518.829433717
12982961.385960009 4836515.212871591
12982964.26070613 4836511.569601682
12982967.058923388 4836507.82604962
12982969.857140644 4836504.082498964
12982972.602326613 4836500.274395974
12982975.285094524 4836496.390314436
12982977.967862431 4836492.506234402
12982980.6248523 4836488.592698745
12982983.23678555 4836484.627677415
12982985.813401481 4836480.62405763
12982988.362255806 4836476.590097453
12982990.805964258 4836472.447955389
12982993.23325824 4836468.288926371
12982995.660552219 4836464.129899087
12982998.063851401 4836459.947768297
12983000.409482095 4836455.710108727
12983002.727652244 4836451.4472293295
12983005.009151164 4836447.150670424
12983007.22597037 4836442.797484087
12983009.423671296 4836438.427560957
12983011.608678421 4836434.047293695
12983013.669653092 4836429.56593603
12983015.730627764 4836425.084580391
12983017.74933625 4836420.571356415
12983019.711152585 4836416.015235613
12983021.672968922 4836411.459116897
12983023.567994952 4836406.855435984
12983025.399042714 4836402.208094442
12983027.19232228 4836397.536174725
12983028.936891155 4836392.832756101
12983030.621834652 4836388.093158299
12983032.268265769 4836383.330192975
12983033.914696883 4836378.567229927
12983035.411746703 4836373.721939309
12983036.894017156 4836368.868505566
12983038.376287611 4836364.015074186
12983039.778756995 4836359.122146024
12983041.11832184 4836354.199228562
12983042.410164192 4836349.254473583
12983043.592257228 4836344.2639863575
12983044.747271702 4836339.262217471
12983045.902286178 4836334.2604511
12983047.025698137 4836329.246997569
12983048.064453444 4836324.202232366
12983049.040564993 4836319.136622473
12983049.964935603 4836314.054654374
12983050.808443792 4836308.948567762
12983051.618764935 4836303.833521413
12983052.405743292 4836298.712173823
12983053.045552066 4836293.556457375
12983053.675806727 4836288.398512232
12983054.287474796 4836283.237241677
12983054.750813084 4836278.049414135
12983055.214151371 4836272.861589302
12983055.646556105 4836267.670007622
12983055.929217516 4836262.460229428
12983056.211878926 4836257.250453957
12983056.478315618 4836252.039613741
12983056.600759037 4836246.8193025375
12983056.723202456 4836241.598994069
12983056.758588385 4836236.377326187
12983056.732603978 4836231.15470081
12983056.69876667 4836225.9322815705
12983056.565080324 4836220.712451272
12983056.368317284 4836215.496564236
12983056.117260287 4836210.28407178
12983055.735917937 4836205.085054098
12983055.329203187 4836199.889504555
12983054.84770483 4836194.704522441
12983054.255029816 4836189.540459194
12983053.588657139 4836184.390263691
12983052.873705922 4836179.251924293
12983052.061453927 4836174.137329498
12983051.249201931 4836169.022737323
12983050.25234656 4836163.964272393
12983049.239579007 4836158.910647784
12983048.173267584 4836153.876281364
12983047.04875983 4836148.86284625
12983045.839278214 4836143.883149203
12983044.589734383 4836138.920485482
12983043.28099411 4836133.983370147
12983041.972253842 4836129.046257257
12983040.61951943 4836124.129690539
12983039.218117464 4836119.235852258
12983037.804475715 4836114.348114694
12983036.336694485 4836109.487353785
12983034.858454078 4836104.632000513
12983033.364398366 4836099.784822905
12983031.870342651 4836094.9376476575
12983030.307555078 4836090.127559266
12983028.65982884 4836085.365495066
12983026.89367841 4836080.676421113
12983025.10714361 4836075.9999127835
12983023.300633801 4836071.336605999
12983021.4944034 4836066.672934976
12983019.686011868 4836062.010685266
12983017.852991175 4836057.364802029
12983015.996293375 4836052.734937028
12983014.130778514 4836048.111007345
12983012.233081277 4836043.509283932
12983010.307589235 4836038.927339617
12983008.171500675 4836034.516813202
12983005.785589354 4836030.317614906
12983003.41110181 4836026.110459317
12983001.048736472 4836021.8887743475
12982998.675701719 4836017.677225287
12982996.323824357 4836013.445699475
12982993.9759757 4836009.2103236
12982991.622801544 4836004.979945963
12982989.231546478 4836000.785924574
12982986.86232179 4835996.570777138
12982984.48449259 4835992.364027868
12982982.114596095 4835988.149499122
12982979.745402893 4835983.93430364
12982977.382385807 4835979.713240803
12982975.020808868 4835975.490814525
12982972.659231927 4835971.268390029
12982970.297654985 4835967.045967326
12982967.936078046 4835962.8235464115
12982965.5745011 4835958.6011272855
12982963.213466574 4835954.378196189
12982960.8524564 4835950.155243802
12982958.491446225 4835945.932293211
12982956.130436052 4835941.709344413
12982953.76942588 4835937.486397394
12982951.408415707 4835933.263452171
12982949.047405533 4835929.040508739
12982946.686395362 4835924.8175671
12982944.325385187 4835920.594627244
12982941.964375013 4835916.371689174
12982939.603364842 4835912.1487529
12982937.242354669 4835907.925818418
12982934.881344495 4835903.702885713
12982932.52033432 4835899.479954808
12982930.15932415 4835895.2570256945
12982927.798313975 4835891.034098361
12982925.437303802 4835886.8111728225
12982923.07629363 4835882.588249073
12982920.715283457 4835878.365327118
12982918.354273286 4835874.142406949
12982915.993263109 4835869.919488561
12982913.632252937 4835865.69657197
12982911.271242764 4835861.473657172
12982908.910232592 4835857.250744154
12982906.549222419 4835853.027832931
12982904.188212246 4835848.804923499
12982901.82720207 4835844.582015855
12982899.466191899 4835840.359109997
12982897.105181726 4835836.136205932
12982894.744110113 4835831.9133618465
12982892.382850133 4835827.690697947
12982890.021590156 4835823.468035832
12982887.660330176 4835819.245375509
12982885.299070196 4835815.022716973
12982882.937810216 4835810.800060229
12982880.57655024 4835806.577405276
12982878.21529026 4835802.354752106
12982875.854030281 4835798.13210073
12982873.492770301 4835793.909451144
12982871.131510325 4835789.686803338
12982868.770250345 4835785.4641573345
12982866.408990365 4835781.241513115
12982864.047730384 4835777.018870678
12982861.686470408 4835772.796230033
12982859.325210428 4835768.573591182
12982856.963950448 4835764.35095412
12982854.60269047 4835760.128318842
12982852.241430491 4835755.905685359
12982849.880170513 4835751.683053664
12982847.518910533 4835747.4604237545
12982845.157650556 4835743.237795638
12982842.796390576 4835739.015169311
12982840.435130596 4835734.792544769
12982838.073870616 4835730.569922016
12982835.717630614 4835726.342787572
12982833.332390329 4835722.143601541
12982830.963514885 4835717.928500435
12982828.630206969 4835713.679648521
12982826.296899056 4835709.430798424
12982823.963591143 4835705.181950137
12982821.630283229 4835700.933103659
12982819.296975316 4835696.684258996
12982816.963667404 4835692.43541614
12982814.630359491 4835688.186575097
12982812.297051579 4835683.937735864
12982809.963743662 4835679.68889845
12982807.63043575 4835675.44006284
12982805.33250504 4835671.1588602
12982803.050169246 4835666.863390644
12982800.767833447 4835662.567922934
12982798.485497652 4835658.272457078
12982796.203161854 4835653.976993069
12982793.920826059 4835649.681530917
12982791.638490262 4835645.38607061
12982789.356154462 4835641.090612161
12982787.073818667 4835636.79515556
12982784.79148287 4835632.499700809
12982782.509147072 4835628.204247911
12982780.226811273 4835623.908796864
12982777.94447548 4835619.613347668
12982775.693403075 4835615.290139227
12982773.452484945 4835610.957915928
12982771.211566811 4835606.62569451
12982768.970648678 4835602.29347498
12982766.729730545 4835597.961257332
12982764.488812413 4835593.629041568
12982762.24789428 4835589.296827685
12982760.004628494 4835584.96675925
12982757.785657687 4835580.615895743
12982755.546931773 4835576.2817716515
12982753.316019734 4835571.940895439
12982751.104878018 4835567.58285408
12982748.853189658 4835563.2602847135
12982746.614314059 4835558.926295748
12982744.383666672 4835554.585351961
12982742.240063904 4835550.170550267
12982740.08568027 4835545.764633206
12982737.933026772 4835541.357286491
12982735.78135382 4835536.949130373
12982733.624484126 4835532.5453069005
12982731.47605648 4835528.134476433
12982729.323751858 4835523.726848485
12982727.170171544 4835519.320279126
12982725.013307385 4835514.916431676
12982722.846337413 4835510.521052503
12982720.657437105 4835506.144069455
12982718.490043858 4835501.749307253
12982716.359013751 4835497.324680894
12982714.177013477 4835492.941873495
12982711.995392643 4835488.558749803
12982709.821088055 4835484.169465551
12982707.654159205 4835479.7740220055
12982705.493276205 4835475.373530081
12982703.332393201 4835470.9730400955
12982701.196126243 4835466.552251201
12982699.061151942 4835462.130398209
12982696.94613115 4835457.692362651
12982694.836102774 4835453.2502796585
12982692.7260744 4835448.80819865
12982690.616046023 4835444.366119617
12982688.548008895 4835439.890777488
12982686.49278787 4835435.405434508
12982684.458618062 4835430.903828677
12982682.424448252 4835426.402224879
12982680.409142187 4835421.886503412
12982678.442141904 4835417.334626626
12982676.561316315 4835412.722091297
12982674.700745352 4835408.095053192
12982672.840174388 4835403.468017227
12982670.979603423 4835398.840983419
12982669.119032457 4835394.213951755
12982667.258461492 4835389.5869222395
12982665.397890529 4835384.959894871
12982663.537319561 4835380.332869653
12982661.6767486 4835375.705846584
12982659.816177633 4835371.078825661
12982657.955606667 4835366.451806886
12982655.775222601 4835362.069600075
12982653.57183608 4835357.705003048
12982651.368449556 4835353.340407937
12982649.165063035 4835348.975814735
12982646.96167651 4835344.6112234425
12982644.75828999 4835340.246634062
12982642.554903464 4835335.882046597
12982640.351516943 4835331.517461039
12982638.148130422 4835327.152877394
12982635.944743898 4835322.788295662
12982633.741357377 4835318.423715843
12982631.537970852 4835314.05913793
12982629.347226212 4835309.683819242
12982627.162730845 4835305.303192024
12982624.978235478 4835300.922566726
12982622.793740114 4835296.54194336
12982620.619463006 4835292.152723425
12982618.446191208 4835287.762659469
12982616.27291941 4835283.37259745
12982614.099647615 4835278.982537362
12982611.926375816 4835274.592479211
12982609.75310402 4835270.202422994
12982607.57983222 4835265.8123687105
12982605.406560421 4835261.422316362
12982603.233288625 4835257.032265942
12982601.061680805 4835252.640831452
12982598.908488106 4835248.23406002
12982596.755295409 4835243.827290536
12982594.602465943 4835239.420223299
12982592.458173916 4835235.00611367
12982590.313881893 4835230.592005991
12982588.16958987 4835226.177900266
12982586.025297843 4835221.763796494
12982583.881005816 4835217.349694684
12982581.736713793 4835212.935594828
12982579.59242177 4835208.521496923
12982577.448129743 4835204.107400976
12982575.307448737 4835199.690350817
12982573.178334896 4835195.263833155
12982571.049221056 4835190.8373174565
12982568.920107214 4835186.410803717
12982566.790993372 4835181.984291952
12982564.661879534 4835177.557782147
12982562.54116431 4835173.124472978
12982560.430063661 4835168.683379758
12982558.318963008 4835164.242288506
12982556.210393792 4835159.799172769
12982554.116518354 4835155.344296304
12982552.022642918 4835150.889421829
12982549.92876748 4835146.434549349
12982547.834892042 4835141.979678856
12982545.741016608 4835137.524810352
12982543.647141168 4835133.069943847
12982541.553265734 4835128.615079333
12982539.459390296 4835124.160216805
12982537.365514858 4835119.705356273
12982535.275296006 4835115.247596151
12982533.19095623 4835110.78517287
12982531.106616452 4835106.322751584
12982529.022276673 4835101.860332295
12982526.937936896 4835097.397915008
12982524.85359712 4835092.935499719
12982522.769257339 4835088.47308642
12982520.706154037 4835083.994000878
12982518.644473646 4835079.513800118
12982516.582793254 4835075.033601373
12982514.521112863 4835070.553404637
12982512.459354933 4835066.073270352
12982510.39755948 4835061.593167322
12982508.335782064 4835057.113052248
12982506.284558529 4835052.6250350345
12982504.251925832 4835048.122426341
12982502.21929313 4835043.619819686
12982500.186660433 4835039.117215064
12982498.154027738 4835034.614612477
12982496.126039667 4835030.108469953
12982494.101019738 4835025.600065978
12982492.075999808 4835021.09166404
12982490.050979879 4835016.583264144
12982488.02595995 4835012.074866289
12982486.000940021 4835007.566470469
12982483.975920092 4835003.058076696
12982481.95090016 4834998.54968496
12982479.925880231 4834994.041295259
12982477.900860302 4834989.5329076
12982475.88375352 4834985.018528051
12982473.871484213 4834980.500486335
12982471.85921491 4834975.982446667
12982469.846945604 4834971.464409048
12982467.8346763 4834966.946373471
12982465.828078702 4834962.424098671
12982463.84175264 4834957.886666965
12982461.855426576 4834953.349237319
12982459.869100515 4834948.81180974
12982457.882774452 4834944.274384228
12982455.89644839 4834939.736960781
12982453.91465214 4834935.19619782
12982451.943201603 4834930.64780505
12982449.971751062 4834926.0994143635
12982448.000300525 4834921.5510257445
12982446.028849985 4834917.002639205
12982444.057399448 4834912.454254738
12982442.085948907 4834907.905872351
12982440.110438643 4834903.360481446
12982438.129493909 4834898.819094317
12982436.148549179 4834894.277709267
12982434.178417407 4834889.728395977
12982432.218988765 4834885.171235008
12982430.259560127 4834880.614076125
12982428.300131489 4834876.056919319
12982426.356915405 4834871.488060812
12982424.423176508 4834866.9123628605
12982422.48943761 4834862.336666999
12982420.555698713 4834857.76097325
12982418.621959817 4834853.185281593
12982416.688220916 4834848.609592037
12982414.758321388 4834844.031168268
12982412.836964816 4834839.446658053
12982410.915608238 4834834.862149944
12982408.994251667 4834830.277643942
12982407.07289509 4834825.693140054
12982405.151538517 4834821.108638265
12982403.230181944 4834816.524138591
12982401.308825368 4834811.93964103
12982399.387468794 4834807.355145571
12982397.466112219 4834802.770652226
12982395.544755645 4834798.186160985
12982393.636194447 4834793.592630606
12982391.727884931 4834788.998924509
12982389.819575418 4834784.405220531
12982387.911265902 4834779.8115186645
12982386.027592795 4834775.200635046
12982384.144520232 4834770.589334685
12982382.261447668 4834765.978036449
12982380.378375106 4834761.366740352
12982378.495302541 4834756.755446389
12982376.61222998 4834752.144154554
12982374.732921245 4834747.530276679
12982372.866396984 4834742.907609764
12982370.999872722 4834738.284944994
12982369.133348463 4834733.662282364
12982367.2668242 4834729.039621885
12982365.401306912 4834724.4162757415
12982363.537895793 4834719.791493156
12982361.674484674 4834715.16671271
12982359.811073555 4834710.541934413
12982357.957438257 4834705.910512236
12982356.104612872 4834701.278541592
12982354.251787487 4834696.646573103
12982352.419804327 4834692.000590559
12982350.588084025 4834687.354433414
12982348.756363723 4834682.708278435
12982346.924643422 4834678.062125618
12982345.09292312 4834673.415974967
12982343.261202818 4834668.769826485
12982341.429482516 4834664.123680166
12982339.60148872 4834659.475054949
12982337.777716184 4834654.823621437
12982335.958277613 4834650.169337512
12982334.159743058 4834645.501296899
12982332.361208502 4834640.833258476
12982330.562673945 4834636.165222237
12982328.76413939 4834631.497188179
12982326.965604834 4834626.829156314
12982325.16707028 4834622.161126632
12982323.368535725 4834617.493099136
12982321.570001168 4834612.825073827
12982319.771466613 4834608.157050703
12982317.972932057 4834603.48902977
12982316.183180043 4834598.815303487
12982314.395976493 4834594.139923223
12982312.608772945 4834589.464545144
12982310.821569394 4834584.789169262
12982309.034365844 4834580.113795574
12982307.247162297 4834575.438424075
12982305.459958747 4834570.763054772
12982303.672755199 4834566.087687663
12982301.8974226 4834561.404685115
12982300.127604809 4834556.718136605
12982298.357787019 4834552.031590304
12982296.587969227 4834547.3450462045
12982294.818151431 4834542.658504306
12982293.048333643 4834537.97196461
12982291.27851585 4834533.285427123
12982289.530483665 4834528.585103827
12982287.790129155 4834523.879923583
12982286.049774647 4834519.1747455625
12982284.310752137 4834514.468738141
12982282.579440733 4834509.757918625
12982280.848129328 4834505.047101329
12982279.116817925 4834500.336286262
12982277.385506518 4834495.625473423
12982275.654195115 4834490.914662814
12982273.92288371 4834486.203854422
12982272.191572303 4834481.493048261
12982270.462109981 4834476.781101932
12982268.751304235 4834472.057631447
12982267.04049849 4834467.334163205
12982265.329692742 4834462.610697201
12982263.618886996 4834457.887233435
12982261.908081248 4834453.16377191
12982260.19964633 4834448.438863196
12982258.497776015 4834443.709943401
12982256.795905704 4834438.981025853
12982255.094035389 4834434.252110546
12982253.392165078 4834429.523197485
12982251.690294763 4834424.794286662
12982249.98842445 4834420.065378089
12982248.286554137 4834415.336471755
12982246.584683824 4834410.607567669
12982244.881952241 4834405.879192163
12982243.172207061 4834401.155105071
12982241.462461881 4834396.43102022
12982239.7527167 4834391.706937602
12982238.042971522 4834386.982857227
12982236.33322634 4834382.258779092
12982234.623481162 4834377.534703199
12982232.91373598 4834372.810629536
12982231.2039908 4834368.086558114
12982229.50016579 4834363.3588753985
12982227.801698307 4834358.627924814
12982226.103230823 4834353.896976476
12982224.404763341 4834349.166030382
12982222.706295855 4834344.435086533
12982221.007828373 4834339.704144931
12982219.309360892 4834334.97320557
12982217.611360235 4834330.241985467
12982215.92078507 4834325.506266326
12982214.230209902 4834320.770549436
12982212.539634736 4834316.034834802
12982210.849059569 4834311.299122409
12982209.158484401 4834306.563412275
12982207.467909236 4834301.827704383
12982205.77733407 4834297.091998741
12982204.086758902 4834292.356295351
12982202.396183735 4834287.620594213
12982200.694800777 4834282.891465173
12982198.994091881 4834278.161916446
12982197.29338299 4834273.432369965
12982195.592674097 4834268.70282573
12982193.891965203 4834263.973283734
12982192.191256309 4834259.24374399
12982190.490547417 4834254.514206488
12982188.789838523 4834249.784671227
12982187.089129629 4834245.055138216
12982185.388420735 4834240.32560744
12982183.687711842 4834235.596078913
12982181.98700295 4834230.866552634
12982180.286294054 4834226.137028592
12982178.585585162 4834221.407506799
12982176.88487627 4834216.677987245
12982175.184167374 4834211.9484699415
12982173.483458482 4834207.218954873
12982171.78274959 4834202.489442059
12982170.082040697 4834197.759931483
12982168.381331801 4834193.030423148
12982166.68062291 4834188.300917064
12982164.979914017 4834183.571413221
12982163.281674612 4834178.840409424
12982161.583618646 4834174.109296288
12982159.885562679 4834169.378185395
12982158.187506715 4834164.647076754
12982156.489450749 4834159.915970352
12982154.791394781 4834155.184866196
12982153.093338817 4834150.453764289
12982151.395282852 4834145.7226646235
12982149.697226884 4834140.991567208
12982147.99917092 4834136.260472034
12982146.301114954 4834131.529379105
12982144.603058986 4834126.798288423
12982142.905003022 4834122.0671999855
12982141.206947057 4834117.336113794
12982139.508891089 4834112.60502985
12982137.810641766 4834107.874065822
12982136.108758338 4834103.145315584
12982134.406874908 4834098.416567592
12982132.70499148 4834093.687821841
12982131.003108054 4834088.9590783315
12982129.301224623 4834084.230337073
12982127.599341197 4834079.501598052
12982125.89745777 4834074.772861276
12982124.19557434 4834070.044126743
12982122.493690912 4834065.315394456
12982120.791807482 4834060.586664405
12982119.089924054 4834055.857936607
12982117.388040628 4834051.129211044
12982115.686157197 4834046.400487725
12982113.98427377 4834041.671766652
12982112.28239034 4834036.943047821
12982110.580506913 4834032.214331235
12982108.878753811 4834027.485537583
12982107.180864856 4834022.754394793
12982105.482975902 4834018.023254251
12982103.785086947 4834013.292115951
12982102.087197993 4834008.560979899
12982100.389309037 4834003.829846088
12982098.69142008 4833999.098714525
12982096.993531127 4833994.367585209
12982095.295642171 4833989.63645814
12982093.597693244 4833984.905369755
12982091.899521936 4833980.174418765
12982090.201350626 4833975.443470014
12982088.503179317 4833970.712523509
12982086.80500801 4833965.981579252
12982085.1068367 4833961.250637241
12982083.408665389 4833956.5196974715
12982081.710494084 4833951.788759951
12982080.012322772 4833947.057824676
12982078.314151464 4833942.32689164
12982076.615980156 4833937.5959608555
12982074.917808846 4833932.865032316
12982073.21963754 4833928.134106018
12982071.52146623 4833923.403181969
12982069.82329492 4833918.672260165
12982068.125123613 4833913.941340604
12982066.42630843 4833909.210815186
12982064.724044355 4833904.482391175
12982063.021780279 4833899.7539694095
12982061.319516206 4833895.0255498905
12982059.61725213 4833890.297132615
12982057.914988054 4833885.568717578
12982056.212723982 4833880.840304786
12982054.510459905 4833876.111894237
12982052.80819583 4833871.383485931
12982051.105931757 4833866.655079868
12982049.411370592 4833861.921998811
12982047.719828112 4833857.187087052
12982046.028285634 4833852.452177542
12982044.33674315 4833847.717270282
12982042.645200672 4833842.982365267
12982040.95365819 4833838.2474625055
12982039.26211571 4833833.512561988
12982037.57057323 4833828.7776637245
12982035.879030747 4833824.042767705
12982034.187488267 4833819.307873943
12982032.495945785 4833814.572982422
12982030.804403305 4833809.838093154
12982029.112860823 4833805.103206131
12982027.4230417 4833800.367280913
12982025.73670714 4833795.629254198
12982024.050372576 4833790.891229727
12982022.364038017 4833786.153207519
12982020.677703457 4833781.415187557
12982018.991368897 4833776.677169846
12982017.303917777 4833771.939830682
12982015.603356745 4833767.210434354
12982013.902795712 4833762.481040273
12982012.202234682 4833757.751648433
12982010.50167365 4833753.022258839
12982008.801112618 4833748.292871485
12982007.100551587 4833743.563486382
12982005.399990553 4833738.834103516
12982003.699429523 4833734.104722899
12982001.99886849 4833729.3753445195
12982000.298307458 4833724.645968389
12981998.597746424 4833719.916594502
12981996.897185395 4833715.187222853
12981995.196624365 4833710.457853453
12981993.496063331 4833705.728486294
12981991.7955023 4833700.999121382
12981990.094941266 4833696.269758708
12981988.394380236 4833691.540398287
12981986.693145337 4833686.811450639
12981984.990599759 4833682.083303719
12981983.288054185 4833677.355159044
12981981.58550861 4833672.627016615
12981979.882963032 4833667.898876425
12981978.180417458 4833663.170738476
12981976.477871882 4833658.442602774
12981974.775326304 4833653.714469312
12981973.07278073 4833648.986338096
12981971.370235154 4833644.258209121
12981969.667689579 4833639.530082385
12981967.965144001 4833634.801957892
12981966.262598425 4833630.073835647
12981964.579165729 4833625.334242109
12981962.91965821 4833620.580288459
12981961.245515702 4833615.835117678
12981959.544490216 4833611.106078209
12981957.843464727 4833606.377040983
12981956.149248378 4833601.643881217
12981954.462970002 4833596.9059150955
12981952.77669163 4833592.167951221
12981951.090413256 4833587.429989603
12981949.398612598 4833582.695370073
12981947.702081455 4833577.963613749
12981946.005550314 4833573.231859674
12981944.30901917 4833568.500107844
12981942.61248803 4833563.768358266
12981940.915956886 4833559.036610924
12981939.219425745 4833554.30486583
12981937.522894602 4833549.5731229875
12981935.826363461 4833544.841382387
12981934.129832318 4833540.10964403
12981932.433301177 4833535.377907923
12981930.736770036 4833530.646174065
12981929.040238895 4833525.914442449
12981927.340220707 4833521.184834984
12981925.636844624 4833516.457273083
12981923.933468541 4833511.729713427
12981922.230092458 4833507.002156009
12981920.532251002 4833502.2712319
12981918.834845543 4833497.540044652
12981917.137440084 4833492.808859637
12981915.44003462 4833488.077676877
12981913.74262916 4833483.3464963585
12981912.045223696 4833478.615318084
12981910.347818237 4833473.884142058
12981908.650412777 4833469.152968275
12981906.953007314 4833464.421796741
12981905.255601853 4833459.690627448
12981903.558196394 4833454.959460402
12981901.86079093 4833450.228295598
12981900.163578479 4833445.497015844
12981898.466959765 4833440.765377803
12981896.770341055 4833436.033742007
12981895.073722342 4833431.302108456
12981893.377103629 4833426.570477148
12981891.680484915 4833421.8388480935
12981889.983866204 4833417.107221272
12981888.28724749 4833412.375596704
12981886.590628777 4833407.643974383
12981884.894010067 4833402.9123543035
12981883.197391354 4833398.180736474
12981881.50077264 4833393.449120889
12981879.803150056 4833388.7181175705
12981878.103705363 4833383.988223723
12981876.404260669 4833379.258332123
12981874.704815978 4833374.5284427665
12981873.005371284 4833369.798555655
12981871.305926593 4833365.068670788
12981869.606481899 4833360.338788165
12981867.907037208 4833355.608907785
12981866.208032537 4833350.878762074
12981864.509407481 4833346.148387759
12981862.810782427 4833341.41801569
12981861.11215737 4833336.687645858
12981859.413532319 4833331.957278282
12981857.714907262 4833327.226912945
12981856.016282208 4833322.496549856
12981854.317657156 4833317.766189009
12981852.6190321 4833313.035830404
12981850.920407046 4833308.305474053
12981849.22178199 4833303.575119936
12981847.523156937 4833298.84476807
12981845.824531881 4833294.114418445
12981844.125906827 4833289.38407106
12981842.42728177 4833284.6537259305
12981840.728656719 4833279.923383039
12981839.030031662 4833275.193042394
12981837.33140661 4833270.46270399
12981835.632781554 4833265.732367832
12981833.9341565 4833261.002033916
12981832.236190958 4833256.271301494
12981830.53872399 4833251.540268339
12981828.841257019 4833246.809237439
12981827.143790051 4833242.078208773
12981825.44632308 4833237.347182365
12981823.748856112 4833232.616158198
12981822.051389143 4833227.885136271
12981820.353922173 4833223.154116592
12981818.656455204 4833218.4230991565
12981816.958988234 4833213.6920839725
12981815.261521265 4833208.961071023
12981813.564054295 4833204.230060331
12981811.865854105 4833199.499497516
12981810.166647516 4833194.769548625
12981808.467440931 4833190.039601981
12981806.768234346 4833185.309657574
12981805.069027761 4833180.579715411
12981803.369821174 4833175.849775497
12981801.670614587 4833171.119837821
12981799.971408002 4833166.389902398
12981798.27184542 4833161.660185836
12981796.571081594 4833156.9312024815
12981794.870317768 4833152.202221369
12981793.169553945 4833147.473242497
12981791.468790118 4833142.744265876
12981789.768026294 4833138.01529149
12981788.067262469 4833133.286319354
12981786.366498645 4833128.557349458
12981784.665734818 4833123.828381805
12981782.964970995 4833119.099416396
12981781.264188427 4833114.370464642
12981779.562429316 4833109.6421099
12981777.860670209 4833104.913757408
12981776.158911102 4833100.1854071515
12981774.457151992 4833095.4570591375
12981772.755392885 4833090.728713364
12981771.053633776 4833086.000369844
12981769.35187467 4833081.272028556
12981767.650115559 4833076.543689519
12981765.948356451 4833071.815352718
12981764.246597342 4833067.087018158
12981762.544838235 4833062.358685849
12981760.843079124 4833057.630355775
12981759.141320016 4833052.902027948
12981757.439560909 4833048.173702363
12981755.737801801 4833043.445379015
12981754.034769591 4833038.717835838
12981752.32488097 4833033.994484485
12981750.614992354 4833029.271135367
12981748.905103734 4833024.54778849
12981747.195215113 4833019.824443845
12981745.485326497 4833015.101101443
12981743.775437877 4833010.377761276
12981742.061953658 4833005.656636717
12981740.339509035 4833000.941030197
12981738.617064409 4832996.225425911
12981736.894619783 4832991.509823855
12981735.172175158 4832986.794224028
12981733.449730532 4832982.078626437
12981731.727285907 4832977.363031068
12981730.004841283 4832972.647437935
12981728.282396657 4832967.9318470275
12981726.559952034 4832963.216258354
12981724.837507406 4832958.500671911
12981723.105695944 4832953.790907962
12981721.369469283 4832949.083889703
12981719.63324262 4832944.376873664
12981717.897015955 4832939.669859851
12981716.13736261 4832934.977603656
12981714.376615023 4832930.2860388765
12981712.615867438 4832925.594476302
12981710.847591884 4832920.907715483
12981709.07679779 4832916.222562585
12981707.306003695 4832911.537411891
12981705.5352096 4832906.852263401
12981703.764415504 4832902.167117108
12981701.99362141 4832897.481973017
12981700.222827315 4832892.796831135
12981698.45203322 4832888.111691451
12981696.681239128 4832883.426553966
12981694.907682972 4832878.743196294
12981693.120109726 4832874.068861978
12981691.332536476 4832869.39452985
12981689.544963228 4832864.72019992
12981687.733724527 4832860.0613231715
12981685.921757009 4832855.402924437
12981684.10978949 4832850.74452788
12981682.297821973 4832846.0861335015
12981680.485854454 4832841.427741302
12981678.673886938 4832836.769351277
12981676.86191942 4832832.11096343
12981675.0499519 4832827.452577754
12981673.227776214 4832822.800976744
12981671.389706751 4832818.159938004
12981669.551637286 4832813.518901423
12981667.713567821 4832808.877867003
12981665.875498358 4832804.236834745
