12939627.092112608 4890833.447539845
12939620.708231825 4890832.589799799
12939614.32435104 4890831.732059826
12939607.940470258 4890830.874319926
12939601.556589473 4890830.016580097
12939595.172708688 4890829.158840348
12939588.788956793 4890828.299470613
12939582.406131726 4890827.428378961
12939576.023306658 4890826.557287396
12939569.64048159 4890825.686195901
12939563.257656522 4890824.815104485
12939556.874831455 4890823.944013147
12939550.49200639 4890823.072921883
12939544.109181322 4890822.2018307
12939537.726356255 4890821.33073959
12939531.343531188 4890820.459648557
12939524.96070612 4890819.5885576
12939518.574817728 4890818.762323547
12939512.188554075 4890817.935986414
12939505.804163456 4890817.084771576
12939499.419772837 4890816.233556814
12939493.035382219 4890815.3823421225
12939486.650991598 4890814.531127507
12939480.26660098 4890813.679912967
12939473.88221036 4890812.828698501
12939467.497819744 4890811.977484103
12939461.113429125 4890811.12626978
12939454.729038507 4890810.2750555305
12939448.34565462 4890809.423017177
12939441.96177236 4890808.565298039
12939435.5778901 4890807.707578981
12939429.19400784 4890806.849859993
12939422.810125578 4890805.992141078
12939416.426243316 4890805.134422239
12939410.042361055 4890804.276703477
12939403.658478798 4890803.418984787
12939397.274596535 4890802.561266178
12939390.890714275 4890801.703547631
12939384.506832015 4890800.845829164
12939378.122949753 4890799.988110775
12939371.739672998 4890799.122862322
12939365.35920203 4890798.222720674
12939358.978731066 4890797.322579112
12939352.598260097 4890796.422437628
12939346.216287253 4890795.540966834
12939339.832456082 4890794.682597886
12939333.448624916 4890793.8242290085
12939327.064793745 4890792.965860209
12939320.68096258 4890792.107491481
12939314.297131406 4890791.249122832
12939307.913300239 4890790.390754253
12939301.52946907 4890789.532385752
12939295.1456379 4890788.674017325
12939288.762019934 4890787.812948359
12939282.378935356 4890786.94512314
12939275.995850781 4890786.077298004
12939269.612766203 4890785.209472937
12939263.229681624 4890784.341647949
12939256.846487643 4890783.475203535
12939250.463171957 4890782.610294986
12939244.079856265 4890781.74538651
12939237.696540577 4890780.880478108
12939231.313224887 4890780.015569784
12939224.929633124 4890779.154159587
12939218.545989795 4890778.293402855
12939212.162346464 4890777.432646198
12939205.778703133 4890776.571889613
12939199.395059804 4890775.711133106
12939193.011416472 4890774.850376675
12939186.627773141 4890773.989620318
12939180.244129814 4890773.128864035
12939173.860486483 4890772.268107828
12939167.476843152 4890771.407351696
12939161.093199823 4890770.546595638
12939154.709556492 4890769.685839657
12939148.325849554 4890768.82589345
12939141.941912863 4890767.968871964
12939135.55797617 4890767.111850555
12939129.174039476 4890766.254829227
12939122.790102784 4890765.397807963
12939116.40616609 4890764.540786776
12939110.0222294 4890763.683765667
12939103.638292708 4890762.826744628
12939097.254356014 4890761.969723668
12939090.870419322 4890761.112702776
12939084.486482628 4890760.255681968
12939078.102545938 4890759.398661226
12939071.718609245 4890758.5416405555
12939065.334672552 4890757.684619969
12939058.950735858 4890756.82759945
12939052.566841314 4890755.970045249
12939046.183893837 4890755.10049751
12939039.80094636 4890754.230949842
12939033.417998884 4890753.361402253
12939027.03414178 4890752.503433007
12939020.649528153 4890751.655093345
12939014.26491453 4890750.80675374
12939007.8803009 4890749.958414221
12939001.495687276 4890749.110074771
12938995.111073647 4890748.26173539
12938988.72740603 4890747.401339998
12938982.344293866 4890746.533865926
12938975.961062847 4890745.667893479
12938969.577610798 4890744.8047135575
12938963.194158748 4890743.941533707
12938956.810706697 4890743.078353938
12938950.42725465 4890742.215174241
12938944.0438026 4890741.351994617
12938937.66035055 4890740.488815073
12938931.276898501 4890739.625635602
12938924.893446451 4890738.762456209
12938918.50973228 4890737.902606779
12938912.125876747 4890737.044553215
12938905.742021214 4890736.186499729
12938899.358165683 4890735.328446316
12938892.974310147 4890734.470392976
12938886.590454616 4890733.612339717
12938880.206599083 4890732.754286526
12938873.822743548 4890731.896233414
12938867.438888015 4890731.038180369
12938861.055032484 4890730.180127404
12938854.671318363 4890729.320277519
12938848.287826212 4890728.457607095
12938841.90433406 4890727.594936744
12938835.520841906 4890726.732266473
12938829.137349755 4890725.8695962755
12938822.753857601 4890725.006926154
12938816.37036545 4890724.144256105
12938809.986873299 4890723.281586134
12938803.603220802 4890722.420950781
12938797.21631003 4890721.604999724
12938790.823478976 4890720.870252894
12938784.430647925 4890720.1355061205
12938778.037816871 4890719.400759398
12938771.64498582 4890718.666012731
12938765.26177303 4890717.810240831
12938758.890228577 4890716.807647905
12938752.518684123 4890715.805055088
12938746.146819348 4890714.806186389
12938739.764405068 4890713.929964987
12938733.381990789 4890713.053743663
12938726.99957651 4890712.177522422
12938720.617162228 4890711.301301251
12938714.234747948 4890710.425080166
12938707.85233367 4890709.548859152
12938701.469919387 4890708.672638218
12938695.08750511 4890707.796417357
12938688.704225454 4890706.931071007
12938682.320808528 4890706.067449786
12938675.937391596 4890705.203828645
12938669.553974666 4890704.340207573
12938663.170557735 4890703.476586576
12938656.787140803 4890702.612965656
12938650.403723873 4890701.749344814
12938644.020306943 4890700.885724046
12938637.63689001 4890700.022103356
12938631.25347308 4890699.158482735
12938624.870056152 4890698.294862194
12938618.486639218 4890697.43124173
12938612.103180213 4890696.568154703
12938605.719585625 4890695.706786275
12938599.335991036 4890694.845417921
12938592.952396449 4890693.984049647
12938586.568801861 4890693.1226814445
12938580.185207274 4890692.261313317
12938573.801612686 4890691.3999452675
12938567.4180181 4890690.538577294
12938561.034423513 4890689.677209387
12938554.650828926 4890688.815841563
12938548.267234338 4890687.954473813
12938541.883639751 4890687.093106137
12938535.500045164 4890686.231738534
12938529.116450578 4890685.370371009
12938522.73285599 4890684.509003557
12938516.349261403 4890683.647636181
12938509.965666816 4890682.7862688815
12938503.582072228 4890681.924901653
12938497.198477643 4890681.063534505
12938490.814883055 4890680.202167427
12938484.431288468 4890679.34080043
12938478.04769388 4890678.479433502
12938471.664099293 4890677.618066649
12938465.28054455 4890676.756194533
12938458.897043154 4890675.893645819
12938452.51354176 4890675.031097188
12938446.130040364 4890674.168548624
12938439.746538972 4890673.306000144
12938433.363037579 4890672.443451738
12938426.979536183 4890671.580903401
12938420.59603479 4890670.718355145
12938414.212533398 4890669.855806958
12938407.829032 4890668.993258853
12938401.445530605 4890668.130710824
12938395.062029213 4890667.268162867
12938388.678527819 4890666.405614984
12938382.295026423 4890665.54306718
12938375.91152503 4890664.680519445
12938369.528023638 4890663.817971792
12938363.144522242 4890662.95542421
12938356.760479031 4890662.099793454
12938350.376021976 4890661.249445898
12938343.991564918 4890660.3990984205
12938337.60710786 4890659.548751016
12938331.2226508 4890658.69840368
12938324.838193744 4890657.848056421
12938318.453736683 4890656.997709236
12938312.069279628 4890656.1473621195
12938305.685067905 4890655.293883534
12938299.301581893 4890654.431141757
12938292.91809588 4890653.568400056
12938286.53460987 4890652.705658427
12938280.151172267 4890651.842303729
12938273.76774905 4890650.978766882
12938267.384325836 4890650.115230105
12938261.000902621 4890649.251693409
12938254.617479404 4890648.388156784
12938248.23405619 4890647.524620239
12938241.850632975 4890646.661083763
12938235.467209758 4890645.797547368
12938229.083786543 4890644.934011046
12938222.700363329 4890644.070474802
12938216.316940114 4890643.206938628
12938209.933516897 4890642.343402536
12938203.550093682 4890641.479866518
12938197.166670466 4890640.616330572
12938190.783247251 4890639.752794704
12938184.399824036 4890638.88925891
12938178.016400822 4890638.025723195
12938171.632977607 4890637.162187552
12938165.249126492 4890636.304100244
12938158.864936488 4890635.450328051
12938152.480746478 4890634.596555932
12938146.096556474 4890633.742783889
12938139.712366464 4890632.889011914
12938133.328479195 4890632.031374841
12938126.944691487 4890631.172466704
12938120.560903776 4890630.313558645
12938114.177116068 4890629.4546506535
12938107.79332836 4890628.595742745
12938101.409571974 4890627.736436913
12938095.02601294 4890626.874623322
12938088.642453909 4890626.012809814
12938082.258894876 4890625.150996374
12938075.875335844 4890624.289183012
12938069.491776813 4890623.427369722
12938063.108217783 4890622.565556514
12938056.724658752 4890621.703743376
12938050.341099719 4890620.84193031
12938043.957540687 4890619.980117325
12938037.573981656 4890619.118304415
12938031.190422624 4890618.256491574
12938024.806863591 4890617.39467881
12938018.42330456 4890616.532866129
12938012.03974553 4890615.671053514
12938005.656186495 4890614.809240979
12937999.272627465 4890613.947428516
12937992.889068434 4890613.08561613
12937986.505509403 4890612.22380382
12937980.121950371 4890611.3619915815
12937973.738391338 4890610.500179423
12937967.354832308 4890609.638367338
12937960.971273273 4890608.776555324
12937954.587714244 4890607.914743388
12937948.204155212 4890607.052931528
12937941.82059618 4890606.191119744
12937935.43703715 4890605.329308035
12937929.05347812 4890604.467496396
12937922.669919085 4890603.605684838
12937916.286360055 4890602.743873355
12937909.90280102 4890601.882061948
12937903.51924199 4890601.02025061
12937897.13568296 4890600.158439351
12937890.752123928 4890599.296628163
12937884.368564896 4890598.4348170515
12937877.985005867 4890597.57300602
12937871.601314537 4890596.712876583
12937865.217492376 4890595.854410161
12937858.833670216 4890594.995943818
12937852.449848054 4890594.137477548
12937846.066025892 4890593.27901135
12937839.682203732 4890592.420545227
12937833.298381569 4890591.562079184
12937826.914559413 4890590.703613213
12937820.53073725 4890589.845147313
12937814.14691509 4890588.986681495
12937807.763092928 4890588.128215743
12937801.379270766 4890587.269750067
12937794.995448606 4890586.411284468
12937788.611626444 4890585.552818945
12937782.227804285 4890584.694353496
12937775.843982121 4890583.835888117
12937769.460159961 4890582.977422813
12937763.076337801 4890582.11895759
12937756.692515638 4890581.260492439
12937750.308693478 4890580.402027359
12937743.924874524 4890579.54352156
12937737.541067963 4890578.684857941
12937731.157261405 4890577.826194404
12937724.773454847 4890576.967530935
12937718.389648288 4890576.108867543
12937712.005841732 4890575.250204226
12937705.622035172 4890574.391540983
12937699.238228615 4890573.532877811
12937692.854422059 4890572.674214714
12937686.4706155 4890571.815551698
12937680.08680894 4890570.956888754
12937673.703002384 4890570.098225884
12937667.319195827 4890569.239563084
12937660.935389267 4890568.380900364
12937654.55158271 4890567.522237719
12937648.167776152 4890566.663575144
12937641.783969592 4890565.804912651
12937635.400163038 4890564.9462502245
12937629.01635648 4890564.08758788
12937622.632480703 4890563.229807371
12937616.248603122 4890562.372049963
12937609.86472554 4890561.514292632
12937603.480847955 4890560.656535377
12937597.096970372 4890559.798778192
12937590.71309279 4890558.941021084
12937584.329215208 4890558.083264043
12937577.945366113 4890557.2251442205
12937571.561564947 4890556.36641387
12937565.177763782 4890555.507683596
12937558.793962618 4890554.648953393
12937552.410161452 4890553.790223269
12937546.02636029 4890552.931493221
12937539.642559126 4890552.072763245
12937533.258989504 4890551.2111057695
12937526.876118893 4890550.34061025
12937520.493248282 4890549.470114817
12937514.110377671 4890548.599619449
12937507.727507062 4890547.729124162
12937501.344636451 4890546.858628953
12937494.96176584 4890545.988133814
12937488.577500172 4890545.135386636
12937482.192877619 4890544.287179827
12937475.808255065 4890543.438973092
12937469.42363251 4890542.590766429
12937463.039273892 4890541.739172255
12937456.655221213 4890540.8836514205
12937450.271168532 4890540.02813067
12937443.887115853 4890539.172609993
12937437.50306317 4890538.317089383
12937431.119010491 4890537.461568853
12937424.734957812 4890536.606048396
12937418.35090513 4890535.750528013
12937411.96685245 4890534.895007697
12937405.582799772 4890534.0394874625
12937399.19874709 4890533.183967305
12937392.814694412 4890532.328447215
12937386.430641731 4890531.4729272025
12937380.04658905 4890530.617407263
12937373.662536371 4890529.761887399
12937367.27848369 4890528.906367609
12937360.892427268 4890528.076876362
12937354.506262403 4890527.248793832
12937348.119100576 4890526.435908692
12937341.72621894 4890525.7019305
12937335.332770418 4890524.976816019
12937328.935598806 4890524.30991508
12937322.53842719 4890523.643014184
12937316.141255574 4890522.97611333
12937309.744083961 4890522.309212526
12937303.346912345 4890521.642311762
12937296.94974073 4890520.9754110435
12937290.552569114 4890520.308510373
12937284.155337762 4890519.642592106
12937277.758082809 4890518.977062013
12937271.360827854 4890518.3115319675
12937264.963572897 4890517.646001964
12937258.566317942 4890516.980472004
12937252.169062989 4890516.3149420945
12937245.771808034 4890515.649412223
12937239.374553077 4890514.983882395
12937232.977298124 4890514.31835262
12937226.580043167 4890513.652822884
12937220.182788214 4890512.987293193
12937213.785533259 4890512.321763547
12937207.388235195 4890511.656948691
12937200.990409844 4890511.000876425
12937194.59258449 4890510.344804206
12937188.194759138 4890509.68873203
12937181.796933787 4890509.032659895
12937175.39910843 4890508.376587808
12937169.00656267 4890507.638538484
12937162.614741502 4890506.8889115965
12937156.222920338 4890506.139284764
12937149.83109917 4890505.389657986
12937143.439278001 4890504.640031268
12937137.047456834 4890503.8904046
12937130.65342799 4890503.251119399
12937124.249166189 4890502.71323912
12937117.84490439 4890502.175358863
12937111.440642588 4890501.637478637
12937105.035780711 4890501.112473035
12937098.629040668 4890500.6277633915
12937092.222300624 4890500.143053778
12937085.815560581 4890499.65834419
12937079.407021822 4890499.218381733
12937072.996780878 4890498.820764842
12937066.586539935 4890498.423147969
12937060.176298993 4890498.025531115
12937053.763559122 4890497.707830016
12937047.349925328 4890497.418716585
12937040.936291533 4890497.129603158
12937034.519792376 4890497.020916719
12937028.103074364 4890497.133094933
12937021.689984474 4890497.429107089
12937015.29201901 4890498.065013155
12937008.917908939 4890499.036456356
12937002.561729964 4890500.187758028
12936996.22310849 4890501.49990212
12936989.889758876 4890502.8535246635
12936983.570388902 4890504.316093266
12936977.277431307 4890505.96087924
12936970.99792731 4890507.690911925
12936964.75179064 4890509.617310743
12936958.529743413 4890511.671396834
12936952.338765629 4890513.882596421
12936946.190390544 4890516.288429835
12936940.085830508 4890518.877934771
12936934.020280775 4890521.620677806
12936927.995396437 4890524.5125499675
12936922.024492985 4890527.590146103
12936916.111580597 4890530.853302465
12936910.246882651 4890534.262911481
12936904.430914538 4890537.81151945
12936898.680873694 4890541.539685065
12936893.01107074 4890545.473022587
12936887.401732314 4890549.551707181
12936881.879391562 4890553.828830793
12936876.418528236 4890558.239480368
12936871.080414573 4890562.900869062
12936865.795806259 4890567.664586362
12936860.634389997 4890572.653558726
12936855.57182869 4890577.813350324
12936850.601618737 4890583.124632756
12936845.755587898 4890588.630212022
12936841.026971184 4890594.307999969
12936836.426868826 4890600.162990977
12936831.94974614 4890606.178830907
12936827.590549763 4890612.341254467
12936823.31426789 4890618.602490454
12936819.129983764 4890624.969832421
12936815.076261964 4890631.48046851
12936811.039996553 4890638.009406094
12936807.063230922 4890644.600830712
12936803.086465295 4890651.19225973
12936799.122838307 4890657.797216374
12936795.165033408 4890664.408169964
12936791.20722851 4890671.0191279575
12936787.24942361 4890677.630090383
12936783.291618712 4890684.241057221
12936779.331028115 4890690.8491677055
12936775.365334095 4890697.452041633
12936771.399640081 4890704.054919972
12936767.433946062 4890710.657802724
12936763.468252044 4890717.260689885
12936759.502499428 4890723.863521162
12936755.53621461 4890730.465809365
12936751.569929795 4890737.068101978
12936747.60364498 4890743.670398995
12936743.637360165 4890750.272700425
12936739.67107535 4890756.875006261
12936735.704790534 4890763.477316509
12936731.739873497 4890770.081037959
12936727.775174135 4890776.684987709
12936723.810474774 4890783.288941873
12936719.845775414 4890789.892900445
12936715.881076053 4890796.496863426
12936711.916376691 4890803.100830822
12936707.95167733 4890809.7048026305
12936703.986977968 4890816.308778835
12936700.02227861 4890822.912759464
12936696.059818719 4890829.519044996
12936692.099837637 4890836.127881128
12936688.139856558 4890842.736721684
12936684.179875476 4890849.345566651
12936680.219894396 4890855.954416031
12936676.253809458 4890862.556991566
12936672.282640042 4890869.154341745
12936668.311470628 4890875.751696328
12936664.340301214 4890882.349055308
12936660.369131802 4890888.946418694
12936656.414364873 4890895.560625877
12936652.463655172 4890902.179002791
12936648.540430842 4890908.825036993
12936644.66874492 4890915.522928184
12936640.804788293 4890922.228461248
12936637.008128673 4890928.999264959
12936633.23151704 4890935.789503326
12936629.454905408 4890942.579746355
12936625.729941519 4890949.418552608
12936622.019736478 4890956.271056593
12936618.357401062 4890963.167565126
12936614.719607305 4890970.08641456
12936611.089831527 4890977.012388208
12936607.521689277 4890983.993092763
12936603.953547027 4890990.973802247
12936600.4291878 4890997.992427061
12936596.929787245 4891005.032357518
12936593.485477977 4891012.118809763
12936590.041168714 4891019.205267087
12936586.596859448 4891026.291729488
12936583.152550183 4891033.378196974
12936579.710791856 4891040.46677489
12936576.312422635 4891047.591085755
12936573.00232527 4891054.786284384
12936569.923520206 4891062.152091556
12936566.939474545 4891069.5875458345
12936563.897006568 4891076.98222467
12936560.876237342 4891084.392248373
12936557.846824752 4891091.7962114075
12936554.804929344 4891099.191424723
12936551.772151094 4891106.593058627
12936548.737081213 4891113.99308672
12936545.695254538 4891121.388369327
12936542.653427863 4891128.78365747
12936539.611601189 4891136.178951143
12936536.565806026 4891143.571452142
12936533.519918323 4891150.9638934145
12936530.47403062 4891158.356340222
12936527.428142913 4891165.7487925505
12936524.364456028 4891173.128589934
12936521.306730388 4891180.512678113
12936518.249004746 4891187.896771803
12936515.191279104 4891195.280871011
12936512.133553462 4891202.664975727
12936509.07582782 4891210.049085969
12936506.006417593 4891217.424890401
12936502.93510841 4891224.799349602
12936499.863799227 4891232.173814309
12936496.670532823 4891239.458059127
12936493.423246887 4891246.702254415
12936490.175960954 4891253.946455017
12936486.924809393 4891261.187689637
12936483.66962202 4891268.425821407
12936480.407336645 4891275.658485684
12936477.14505127 4891282.891155258
12936473.882765895 4891290.123830125
12936470.6181188 4891297.35468261
12936467.347703753 4891304.581076743
12936464.077288704 4891311.807476161
12936460.824517418 4891319.047506274
12936457.5723811 4891326.288032041
12936454.286073087 4891333.502080903
12936451.045259627 4891340.750010655
12936447.780688595 4891347.980959502
12936444.516327012 4891355.212077262
12936441.251965428 4891362.443200318
12936437.987603845 4891369.674328663
12936434.723242262 4891376.905462294
12936431.446996091 4891384.127210582
12936428.195679989 4891391.368414926
12936424.921678325 4891398.591987522
12936421.672781475 4891405.835062135
12936418.423884623 4891413.078142057
12936415.174987769 4891420.321227286
12936411.941053804 4891427.575771071
12936408.710038435 4891434.832554774
12936405.478641735 4891442.089052975
12936402.24724504 4891449.3455565
12936399.01584834 4891456.60206535
12936395.812594233 4891463.879901708
12936392.613686852 4891471.161036715
12936389.414779475 4891478.442177084
12936386.235181289 4891485.7377723
12936383.063351369 4891493.0391860595
12936379.891521448 4891500.340605208
12936376.847169386 4891507.7334649
12936373.851339962 4891515.161133641
12936370.893664666 4891522.614628591
12936367.994522754 4891530.107741396
12936365.095380845 4891537.600859877
12936362.191886568 4891545.091070003
12936359.356214773 4891552.625681778
12936356.529486664 4891560.166060687
12936353.719082816 4891567.716870478
12936350.916254979 4891575.272499777
12936348.132701691 4891582.840358543
12936345.41483026 4891590.448947868
12936342.703501614 4891598.061599776
12936340.02032542 4891605.691202754
12936337.368962267 4891613.339960188
12936334.71759911 4891620.988723536
12936332.149319379 4891628.685854436
12936329.585114684 4891636.385363356
12936327.020909991 4891644.08487827
12936324.486314172 4891651.800896551
12936322.023306044 4891659.556807867
12936319.560297916 4891667.31272527
12936317.10853885 4891675.074642041
12936314.73250977 4891682.876912416
12936312.356480686 4891690.67918895
12936310.012887077 4891698.497921054
12936307.75177639 4891706.358489986
12936305.490665704 4891714.219065171
12936303.229555018 4891722.0796466
12936301.04242444 4891729.975912199
12936298.865990289 4891737.87734261
12936296.73081553 4891745.797783354
12936294.646652462 4891753.741726398
12936292.562489398 4891761.685675817
12936290.478326332 4891769.629631619
12936288.474995488 4891777.60897236
12936286.48877499 4891785.595808385
12936284.520095862 4891793.589963734
12936282.610991308 4891801.608961781
12936280.701886753 4891809.6279663285
12936278.830979487 4891817.66195958
12936277.055801649 4891825.733507539
12936275.280623807 4891833.805062092
12936273.505445965 4891841.876623231
12936271.751873275 4891849.956172292
12936270.040653218 4891858.051373782
12936268.349583425 4891866.153563331
12936266.776533974 4891874.296649909
12936265.203484518 4891882.439743192
12936263.676088953 4891890.597486386
12936262.194284339 4891898.769859353
12936260.712479724 4891906.942239072
12936259.230675109 4891915.114625547
12936257.748870498 4891923.28701878
12936256.339040115 4891931.481162999
12936254.934202326 4891939.676822335
12936253.598447291 4891947.891779003
12936252.325409237 4891956.124255485
12936251.052371187 4891964.356738821
12936249.849521523 4891972.60715493
12936248.664484361 4891980.862127202
12936247.518959641 4891989.126432048
12936246.426330423 4891997.403228159
12936245.333701205 4892005.680031201
12936244.267795894 4892013.9625820825
12936243.281708512 4892022.2622866295
12936242.295621132 4892030.561998148
12936241.309533753 4892038.86171664
12936240.371059937 4892047.1705746595
12936239.496207327 4892055.491642601
12936238.629367452 4892063.814066074
12936237.867398124 4892072.154146083
12936237.105428796 4892080.494233125
12936236.343459468 4892088.834327208
12936235.691716393 4892097.190216417
12936235.05752152 4892105.548626183
12936234.423326645 4892113.907043016
12936233.79352098 4892122.265999206
12936233.243597193 4892130.634649965
12936232.693673404 4892139.003307815
12936232.22885408 4892147.380393279
12936231.81134007 4892155.762166394
12936231.393826056 4892164.143946617
12936231.026399575 4892172.529460083
12936230.715616157 4892180.919194481
12936230.40483274 4892189.308935996
12936230.094049323 4892197.698684632
12936229.876373574 4892206.093325975
12936229.673041087 4892214.488727067
12936229.510315074 4892222.885328865
12936229.425497646 4892231.2842278145
12936229.340680217 4892239.683133898
12936229.268785764 4892248.082158902
12936229.268785764 4892256.4818129195
12936229.268785764 4892264.881474078
12936229.268785764 4892273.281142369
12936229.362614688 4892281.679417099
12936229.508982029 4892290.076914651
12936229.655349368 4892298.474419339
12936229.881260281 4892306.868885589
12936230.110174598 4892315.263243982
12936230.377464062 4892323.655501206
12936230.686792774 4892332.045455964
12936231.015024919 4892340.434104031
12936231.386253767 4892348.819770879
12936231.757482618 4892357.205444842
12936232.232509531 4892365.582111499
12936232.710982485 4892373.95848598
12936233.24809836 4892382.328564662
12936233.819989009 4892390.694912867
12936234.391879657 4892399.061268149
12936235.029526832 4892407.419267433
12936235.698886408 4892415.773240523
12936236.379046254 4892424.125611613
12936237.16115431 4892432.462801255
12936237.943262365 4892440.799997927
12936238.72537042 4892449.137201632
12936239.520911504 4892457.472100159
12936240.411861094 4892465.790586879
12936241.301053127 4892474.10940284
12936242.263247503 4892482.414219847
12936243.235424293 4892490.717128647
12936244.207601083 4892499.020044419
12936245.250269327 4892507.308295904
12936246.297071321 4892515.595642077
12936247.409816038 4892523.868286581
12936248.522560753 4892532.140938008
12936249.677522747 4892540.403602336
12936250.848984469 4892548.662367618
12936252.058481462 4892556.911659528
12936253.2879184 4892565.155988285
12936254.547227215 4892573.392536939
12936255.835427329 4892581.621486624
12936257.128858829 4892589.849043209
12936258.422290325 4892598.076606644
12936259.762305161 4892606.291366604
12936261.107772814 4892614.504633875
12936262.485949 4892622.7085282225
12936263.887244 4892630.905799644
12936265.288539 4892639.103077866
12936266.689833999 4892647.300362884
12936268.137903133 4892655.483658507
12936269.59691197 4892663.663687418
12936271.055920808 4892671.843723101
12936272.514929645 4892680.023765548
12936274.002483198 4892688.194949695
12936275.506489245 4892696.3610309735
12936277.010495292 4892704.527119
12936278.514501339 4892712.693213771
12936280.018507386 4892720.859315291
12936281.522513432 4892729.025423554
12936283.02651948 4892737.191538562
12936284.530525526 4892745.35766032
12936286.066258129 4892753.513637226
12936287.609979454 4892761.667064699
12936289.153700784 4892769.820498892
12936290.697422113 4892777.9739398165
12936292.241143439 4892786.127387463
12936293.784864767 4892794.280841836
12936295.328586096 4892802.434302935
12936296.872307425 4892810.587770762
12936298.416028755 4892818.741245312
12936299.961022463 4892826.894313261
12936301.5087784 4892835.046490629
12936303.056534335 4892843.198674728
12936304.604290273 4892851.350865546
12936306.15204621 4892859.503063084
12936307.699802143 4892867.655267352
12936309.247558083 4892875.807478341
12936310.795314018 4892883.959696055
12936312.343069956 4892892.111920491
12936313.890825892 4892900.264151647
12936315.43858183 4892908.416389533
12936316.98862075 4892916.567890231
12936318.541296763 4892924.718538361
12936320.093972776 4892932.869193212
12936321.646648789 4892941.019854781
12936323.199324802 4892949.170523076
12936324.74359669 4892957.32393156
12936326.286007844 4892965.477951975
12936327.828419 4892973.631979118
12936329.370830152 4892981.786012991
12936330.913241306 4892989.940053589
12936332.455652459 4892998.094100916
12936333.998063616 4893006.248154967
12936335.54047477 4893014.4022157425
12936337.082885925 4893022.556283249
12936338.625297077 4893030.710357477
12936340.167708233 4893038.864438435
12936341.709547572 4893047.0187114
12936343.251162378 4893055.173063846
12936344.792777183 4893063.327423016
12936346.334391989 4893071.48178892
12936347.876006793 4893079.636161544
12936349.4176216 4893087.790540904
12936350.959236404 4893095.944926983
12936352.500851206 4893104.099319791
12936354.042466013 4893112.253719327
12936355.584319694 4893120.408048146
12936357.128310204 4893128.561690933
12936358.67230071 4893136.715340444
12936360.216291219 4893144.868996679
12936361.760281727 4893153.022659641
