12921788.436807482 4831686.3987756
12921792.445293745 4831688.313961522
12921796.453780005 4831690.229147809
12921800.462266268 4831692.144334469
12921804.470752528 4831694.059521495
12921808.481683657 4831695.965981523
12921812.49746324 4831697.855134556
12921816.513242822 4831699.7442879435
12921820.529022405 4831701.633441694
12921824.53813805 4831703.546113174
12921828.535627523 4831705.49981439
12921832.533117 4831707.453515988
12921836.530606475 4831709.407217971
12921840.52809595 4831711.360920328
12921844.525585424 4831713.314623075
12921848.52871438 4831715.248656149
12921852.533275945 4831717.17769277
12921856.537837517 4831719.106729761
12921860.542399082 4831721.03576712
12921864.54696065 4831722.964804853
12921868.551522218 4831724.8938429635
12921872.556083785 4831726.82288145
12921876.560645353 4831728.751920303
12921880.565206919 4831730.680959532
12921884.569768487 4831732.609999135
12921888.570668332 4831734.551851203
12921892.571241789 4831736.494845644
12921896.57181525 4831738.437840463
12921900.572388707 4831740.380835669
12921904.572962165 4831742.323831244
12921908.573535623 4831744.266827204
12921912.574109083 4831746.209823541
12921916.585776754 4831748.11367478
12921920.598394154 4831750.014175299
12921924.611011555 4831751.914676175
12921928.623126639 4831753.816947569
12921932.622465746 4831755.7642416125
12921936.621804852 4831757.711536037
12921940.621143958 4831759.658830837
12921944.620483065 4831761.606126023
12921948.61982217 4831763.55342159
12921952.624033764 4831765.483677134
12921956.6293579 4831767.410042189
12921960.634682039 4831769.336407612
12921964.640006173 4831771.262773407
12921968.64533031 4831773.1891395785
12921972.650654448 4831775.115506117
12921976.655978585 4831777.041873032
12921980.66130272 4831778.968240317
12921984.66662686 4831780.894607971
12921988.671950994 4831782.820976004
12921992.67727513 4831784.7473444035
12921996.682599267 4831786.6737131765
12922000.687923402 4831788.600082325
12922004.69324754 4831790.526451841
12922008.7005457 4831792.445829587
12922012.71213947 4831794.349992293
12922016.723733244 4831796.254155364
12922020.735327018 4831798.158318794
12922024.74692079 4831800.062482592
12922028.758514563 4831801.966646755
12922032.770108337 4831803.870811277
12922036.78170211 4831805.77497617
12922040.79329588 4831807.679141418
12922044.804889655 4831809.583307035
12922048.816483429 4831811.487473015
12922052.828077199 4831813.391639356
12922056.844639184 4831815.277971066
12922060.862578971 4831817.159357051
12922064.88051876 4831819.040743396
12922068.89845855 4831820.922130092
12922072.916398337 4831822.803517145
12922076.934338126 4831824.684904552
12922080.953055173 4831826.56346265
12922084.97758152 4831828.420871884
12922089.002107864 4831830.278281467
12922093.02663421 4831832.135691392
12922097.051160557 4831833.993101668
12922101.075686902 4831835.850512284
12922105.100213246 4831837.70792325
12922109.124739595 4831839.565334561
12922113.149265938 4831841.4227462225
12922117.173792286 4831843.280158227
12922121.203303458 4831845.119061905
12922125.238849435 4831846.935558673
12922129.274395414 4831848.752055783
12922133.309941392 4831850.5685532065
12922137.345487367 4831852.3850509785
12922141.380996304 4831854.201688323
12922145.416410057 4831856.018683838
12922149.451823806 4831857.835679687
12922153.487237556 4831859.652675863
12922157.52265131 4831861.469672374
12922161.558065059 4831863.286669213
12922165.593478812 4831865.103666387
12922169.628892561 4831866.92066389
12922173.674106555 4831868.700387923
12922177.719538976 4831870.479281519
12922181.764971392 4831872.258175431
12922185.810403807 4831874.037069663
12922189.855836224 4831875.81596422
12922193.901268644 4831877.594859085
12922197.946701061 4831879.37375427
12922201.99213348 4831881.152649773
12922206.037565896 4831882.931545594
12922210.087465758 4831884.693031252
12922214.143083535 4831886.432233433
12922218.198701315 4831888.171435909
12922222.25431909 4831889.91063869
12922226.30993687 4831891.649841777
12922230.365554646 4831893.389045165
12922234.425373135 4831895.111529423
12922238.487623485 4831896.824335388
12922242.549593005 4831898.538268511
12922246.611562528 4831900.252201928
12922250.673532048 4831901.966135647
12922254.73550157 4831903.680069653
12922258.801071022 4831905.379416031
12922262.870835418 4831907.061763616
12922266.940599816 4831908.744111482
12922271.010364208 4831910.426459635
12922275.080128603 4831912.108808076
12922279.149893 4831913.791156793
12922283.219657395 4831915.473505801
12922287.28942179 4831917.1558550885
12922291.359186186 4831918.838204662
12922295.428950582 4831920.52055452
12922299.499903308 4831922.198014091
12922303.573503269 4831923.864579306
12922307.647103228 4831925.531144794
12922311.720703188 4831927.197710567
12922315.798387552 4831928.847172325
12922319.880789649 4831930.476877879
12922323.963191746 4831932.106583698
12922328.045593841 4831933.736289779
12922332.127995938 4831935.365996127
12922336.210398033 4831936.995702745
12922340.29280013 4831938.6254096255
12922344.375202227 4831940.255116775
12922348.457604323 4831941.884824192
12922352.54396055 4831943.497656886
12922356.630954767 4831945.107767088
12922360.717948984 4831946.717877554
12922364.804943202 4831948.327988282
12922368.89193742 4831949.93809927
12922372.978931636 4831951.548210517
12922377.065925853 4831953.158322023
12922381.158897612 4831954.742478153
12922385.253119098 4831956.32120799
12922389.347340582 4831957.899938077
12922393.441562064 4831959.478668411
12922397.540899288 4831961.034672438
12922401.642967343 4831962.578545045
12922405.745035397 4831964.122417898
12922409.847103452 4831965.66629099
12922413.94917151 4831967.210164314
12922418.051239565 4831968.754037881
12922422.153307619 4831970.297911687
12922426.255375674 4831971.841785732
12922430.357443728 4831973.385660015
12922434.465541976 4831974.902072851
12922438.575469393 4831976.410155806
12922442.685396811 4831977.918238986
12922446.795324232 4831979.426322393
12922450.905251652 4831980.934406029
12922455.01517907 4831982.442489896
12922459.125106487 4831983.950573988
12922463.235033907 4831985.458658309
12922467.344961325 4831986.966742859
12922471.454888744 4831988.474827635
12922475.565801846 4831989.978313078
12922479.682653872 4831991.454085539
12922483.799505899 4831992.929858213
12922487.916357923 4831994.40563111
12922492.03320995 4831995.881404226
12922496.150061976 4831997.357177559
12922500.266914003 4831998.832951112
12922504.383766029 4832000.308724882
12922508.500618052 4832001.784498868
12922512.617470078 4832003.260273076
12922516.734322105 4832004.736047498
12922520.852018375 4832006.207773745
12922524.977700919 4832007.641203683
12922529.103383461 4832009.0746338265
12922533.229066003 4832010.508064176
12922537.354748549 4832011.941494732
12922541.480431087 4832013.374925493
12922545.606113633 4832014.808356463
12922549.731796175 4832016.241787636
12922553.857478717 4832017.675219016
12922557.983161261 4832019.1086506015
12922562.108843802 4832020.542082394
12922566.234526346 4832021.975514392
12922570.360208888 4832023.4089466
12922574.48589143 4832024.842379007
12922578.611573972 4832026.2758116275
12922582.738123378 4832027.705000523
12922586.866529897 4832029.125097703
12922590.994936418 4832030.545195081
12922595.123342935 4832031.965292666
12922599.251749454 4832033.3853904465
12922603.380155973 4832034.8054884365
12922607.510537317 4832036.215824266
12922611.641450845 4832037.623529509
12922615.77236437 4832039.031234943
12922619.903277893 4832040.438940584
12922624.034191418 4832041.846646415
12922628.165104946 4832043.25435245
12922632.296018468 4832044.66205868
12922636.426931994 4832046.069765112
12922640.557845522 4832047.477471743
12922644.689698037 4832048.880489481
12922648.823473586 4832050.273904274
12922652.957249135 4832051.667319251
12922657.091024686 4832053.060734424
12922661.224800235 4832054.454149789
12922665.358575787 4832055.847565354
12922669.492351336 4832057.240981116
12922673.626542153 4832058.632308665
12922677.761136971 4832060.021604679
12922681.89573179 4832061.4109008815
12922686.03019355 4832062.800866482
12922690.164001793 4832064.194119042
12922694.29781004 4832065.58737179
12922698.431618283 4832066.980624739
12922702.56542653 4832068.373877881
12922706.699859845 4832069.763982203
12922710.835325228 4832071.14888733
12922714.970790612 4832072.533792645
12922719.106255991 4832073.918698159
12922723.241721375 4832075.3036038615
12922727.377186758 4832076.688509754
12922731.512652142 4832078.073415842
12922735.648117526 4832079.458322123
12922739.783582909 4832080.843228594
12922743.919048293 4832082.228135259
12922748.054513676 4832083.613042115
12922752.189979058 4832084.997949162
12922756.325444441 4832086.382856404
12922760.460909825 4832087.767763835
12922764.596375208 4832089.152671465
12922768.73184059 4832090.537579281
12922772.867712537 4832091.92042738
12922777.004450886 4832093.298885958
12922781.14118923 4832094.677344718
12922785.277927576 4832096.055803678
12922789.41466592 4832097.434262823
12922793.551404268 4832098.812722163
12922797.688142614 4832100.19118169
12922801.82488096 4832101.569641405
12922805.961619308 4832102.948101316
12922810.104016513 4832104.296715148
12922814.25897112 4832105.5790982
12922818.389944615 4832106.985202117
12922822.515475512 4832108.419385049
12922826.641006414 4832109.853568186
12922830.77184108 4832111.2614090415
12922834.908040956 4832112.642602448
12922839.044240827 4832114.0237960555
12922843.171655567 4832115.44704534
12922847.30846359 4832116.825153222
12922851.445271611 4832118.203261294
12922855.58207963 4832119.581369557
12922859.71888765 4832120.959478015
12922863.855695672 4832122.337586659
12922867.992503691 4832123.715695497
12922872.129311712 4832125.093804518
12922876.266119732 4832126.471913733
12922880.402927754 4832127.850023143
12922884.539735774 4832129.22813274
12922888.676694507 4832130.605476551
12922892.813673332 4832131.9827184295
12922896.951753285 4832133.354301311
12922901.094158918 4832134.703652726
12922905.236564547 4832136.053004324
12922909.378970178 4832137.402356108
12922913.521375807 4832138.751708071
12922917.665347712 4832140.092566308
12922921.813030526 4832141.414196234
12922925.960713342 4832142.735826344
12922930.108396156 4832144.057456621
12922934.25607897 4832145.379087077
12922938.399493814 4832146.72304282
12922942.540957645 4832148.077280235
12922946.682421472 4832149.431517839
12922950.842071595 4832150.684469231
12922955.017372143 4832151.849654526
12922959.192672685 4832153.014839952
12922963.367973233 4832154.180025517
12922967.543747973 4832155.342305256
12922971.722797593 4832156.484516067
12922975.90184721 4832157.626727009
12922980.080896825 4832158.768938081
12922984.259946445 4832159.911149283
12922988.438996064 4832161.053360617
12922992.61804568 4832162.195572082
12922996.797095297 4832163.3377836775
12923000.976172257 4832164.479825974
12923005.155463371 4832165.620541302
12923009.334754491 4832166.76125676
12923013.514045607 4832167.901972349
12923017.692162765 4832169.049924973
12923021.86935345 4832170.203589031
12923026.046544136 4832171.357253225
12923030.223734822 4832172.510917549
12923034.366622396 4832173.855656826
12923038.509085502 4832175.20359888
12923042.669778964 4832176.454076551
12923046.832361499 4832177.693892982
12923050.994944038 4832178.933709567
12923055.157526575 4832180.173526304
12923059.320121208 4832181.413274104
12923063.484767737 4832182.641303314
12923067.649414264 4832183.869332669
12923071.81406079 4832185.097362177
12923075.97870732 4832186.325391843
12923080.143353846 4832187.553421654
12923084.308000376 4832188.7814516155
12923088.472646901 4832190.009481734
12923092.637550706 4832191.236028385
12923096.80406977 4832192.453260485
12923100.970588837 4832193.670492732
12923105.137107907 4832194.887725132
12923109.303626971 4832196.104957681
12923113.47014604 4832197.322190375
12923117.636620482 4832198.539681296
12923121.802442495 4832199.760945702
12923125.968264509 4832200.982210255
12923130.13408652 4832202.20347496
12923134.299908532 4832203.4247398125
12923138.465730546 4832204.646004815
12923142.631552557 4832205.867269964
12923146.797374569 4832207.088535266
12923150.96319658 4832208.309800713
12923155.129018594 4832209.531066315
12923159.293073095 4832210.762445383
12923163.4642399 4832211.945345474
12923167.631125847 4832213.160452598
12923171.798011797 4832214.375559872
12923175.964897744 4832215.590667291
12923180.131783694 4832216.805774862
12923184.298669644 4832218.020882573
12923188.465555592 4832219.2359904405
12923192.63244154 4832220.451098452
12923196.79932749 4832221.666206607
12923200.966213439 4832222.881314919
12923205.140358776 4832224.04616214
12923209.337431855 4832225.070438066
12923213.546840034 4832225.980469138
12923217.775801433 4832226.68246998
12923221.943906732 4832227.89047974
12923226.112012029 4832229.098489651
12923230.28011733 4832230.306499705
12923234.448222626 4832231.514509908
12923238.616327925 4832232.722520254
12923242.784433225 4832233.930530748
12923246.952538522 4832235.138541388
12923251.120643822 4832236.346552179
12923255.28874912 4832237.554563111
12923259.45685442 4832238.762574193
12923263.624959718 4832239.970585417
12923267.793065015 4832241.178596784
12923271.961170316 4832242.386608309
12923276.129275613 4832243.594619968
12923280.297380913 4832244.802631786
12923284.465486212 4832246.010643742
12923288.633591512 4832247.218655844
12923292.801696809 4832248.426668097
12923296.96980211 4832249.634680493
12923301.137907406 4832250.842693038
12923305.306012705 4832252.050705725
12923309.474118005 4832253.2587185595
12923313.642223302 4832254.466731545
12923317.8103286 4832255.674744671
12923321.9784339 4832256.882757949
12923326.14666169 4832258.090055436
12923330.315086497 4832259.2962015355
12923334.483511304 4832260.502347773
12923338.651936116 4832261.708494157
12923342.820360923 4832262.914640694
12923346.988785733 4832264.120787368
12923351.15721054 4832265.326934194
12923355.325635351 4832266.5330811655
12923359.494060159 4832267.7392282775
12923363.662484966 4832268.945375542
12923367.830909777 4832270.151522947
12923371.999334585 4832271.357670501
12923376.167759392 4832272.563818201
12923380.336184202 4832273.769966044
12923384.50460901 4832274.976114036
12923388.673033817 4832276.182262174
12923392.841458628 4832277.388410456
12923397.009883435 4832278.594558884
12923401.178308243 4832279.80070746
12923405.346733054 4832281.006856186
12923409.515157862 4832282.213005051
12923413.68358267 4832283.419154061
12923417.852007478 4832284.625303224
12923422.020432286 4832285.831452526
12923426.188857095 4832287.037601977
12923430.357281905 4832288.243751571
12923434.525706712 4832289.4499013135
12923438.69413152 4832290.656051203
12923442.86255633 4832291.862201234
12923447.030981138 4832293.068351414
12923451.199405946 4832294.274501742
12923455.367830755 4832295.48065221
12923459.536255565 4832296.686802831
12923463.704680374 4832297.892953594
12923467.873105181 4832299.0991045
12923472.041529993 4832300.3052555565
12923476.2099548 4832301.511406759
12923480.378362337 4832302.717659096
12923484.546648804 4832303.924619555
12923488.71493527 4832305.131580154
12923492.883221734 4832306.338540902
12923497.0515082 4832307.545501802
12923501.219794665 4832308.752462837
12923505.388081132 4832309.959424027
12923509.556367598 4832311.166385356
12923513.724654062 4832312.373346839
12923517.892940529 4832313.580308465
12923522.061226994 4832314.787270231
12923526.229513459 4832315.994232152
12923530.397799926 4832317.201194216
12923534.566086393 4832318.408156424
12923538.734372856 4832319.615118782
12923542.902659323 4832320.822081285
12923547.070945788 4832322.029043931
12923551.239232253 4832323.236006723
12923555.40751872 4832324.442969662
12923559.575805185 4832325.649932749
12923563.74409165 4832326.856895981
12923567.912744047 4832328.06171797
12923572.081461757 4832329.266157904
12923576.250179466 4832330.470597974
12923580.418897176 4832331.675038196
12923584.587614886 4832332.879478561
12923588.756625488 4832334.081870356
12923592.921895148 4832335.306192165
12923597.089767408 4832336.515430456
12923601.260536658 4832337.707789232
12923605.429764988 4832338.909210186
12923609.597926134 4832340.116907337
12923613.765425043 4832341.32846133
12923617.932360487 4832342.543296893
12923622.099295935 4832343.758132601
12923626.267233629 4832344.967106334
12923630.436385266 4832346.168995266
12923634.604773011 4832347.37536879
12923638.773132738 4832348.581906304
12923642.941429406 4832349.788812668
12923647.109726073 4832350.995719182
12923651.279234653 4832352.195469579
12923655.449116237 4832353.392920694
12923659.618948465 4832354.590695987
12923663.789949995 4832355.78165593
12923667.95853986 4832356.986847922
12923672.128490863 4832358.1840235535
12923676.299400881 4832359.37555119
12923680.470310897 4832360.567078964
12923684.639068693 4832361.771163804
12923688.805783622 4832362.98727118
12923692.974633008 4832364.1908841
12923697.14567239 4832365.381645705
12923701.314746374 4832366.583915663
12923705.48300511 4832367.790898829
12923709.65594606 4832368.970330038
12923713.825533438 4832370.169278673
12923717.994541189 4832371.372023253
12923722.156603117 4832372.614804546
12923726.325520629 4832373.817978093
12923730.495424526 4832375.015453304
12923734.660222048 4832376.242262511
12923738.83102139 4832377.434447851
12923742.997484623 4832378.651554212
12923747.164549569 4832379.865449633
12923751.330726698 4832381.083284775
12923755.501705855 4832382.274390366
12923759.667050557 4832383.498429804
12923763.83239526 4832384.722469387
12923768.002806079 4832385.9166940795
12923772.171292564 4832387.122494788
12923776.342922093 4832388.309451265
12923780.51028404 4832389.521741593
12923784.681974305 4832390.708640567
12923788.85364757 4832391.895640674
12923793.02415408 4832393.089555833
12923797.19410045 4832394.286782936
12923801.363918371 4832395.484767145
12923805.534144692 4832396.680340859
12923809.704666171 4832397.8741728375
12923813.877961555 4832399.051406706
12923818.050491313 4832400.233301437
12923822.223021068 4832401.415196305
12923826.396250624 4832402.591191857
12923830.572024755 4832403.752532329
12923834.7441534 4832404.9368219385
12923838.927385714 4832406.052563808
12923843.111496154 4832407.162788425
12923847.299825594 4832408.245880869
12923851.486950992 4832409.336771034
12923855.67972526 4832410.390444325
12923859.86885677 4832411.468323146
12923864.065801961 4832412.491446561
12923868.266482115 4832413.490298807
12923872.468777977 4832414.4776648935
12923876.668361176 4832415.483968918
12923880.87390545 4832416.447643184
12923885.077538254 4832417.425347595
12923889.283677246 4832418.384269438
12923893.49784689 4832419.2812778
12923897.713885631 4832420.163902478
12923901.93226953 4832421.026490323
12923906.157388346 4832421.8323251065
12923910.386987368 4832422.597210287
12923914.61866404 4832423.342290443
12923918.852527305 4832424.066284022
12923923.080940368 4832424.838766848
12923927.318544831 4832425.523704909
12923931.560147582 4832426.166316455
12923935.803195061 4832426.792129153
12923940.051864246 4832427.349411458
12923944.301485756 4832427.895032492
12923948.555325968 4832428.381349089
12923952.809524989 4832428.862959163
12923957.066468395 4832429.299825262
12923961.32754223 4832429.664232222
12923965.588198103 4832430.035166807
12923969.853797166 4832430.294388254
12923974.118582843 4832430.576023769
12923978.38493869 4832430.812646389
12923982.65231019 4832431.01706949
12923986.920386808 4832431.19120336
12923991.189937597 4832431.288064138
12923995.459934343 4832431.351413705
12923999.730118161 4832431.385413183
12924004.00034572 4832431.378057026
12924008.270454867 4832431.343143296
12924012.539792132 4832431.226883557
12924016.80918462 4832431.116391405
12924021.078091202 4832430.989813475
12924025.34498629 4832430.768835551
12924029.61082126 4832430.515622967
12924033.876128173 4832430.247802206
12924038.139877778 4832429.942868749
12924042.40068715 4832429.574759886
12924046.659481764 4832429.169681855
12924050.91642618 4832428.732504779
12924055.168935154 4832428.227983263
12924059.42020637 4832427.704716075
12924063.67001068 4832427.161716835
12924067.913412144 4832426.539379621
12924072.153600154 4832425.881208095
12924076.390796855 4832425.203435321
12924080.62202167 4832424.45422987
12924084.847553397 4832423.652067954
12924089.074237691 4832422.863928603
12924093.293124024 4832422.007943822
12924097.502499968 4832421.073028122
12924101.709335955 4832420.1203636285
12924105.912413722 4832419.138627966
12924110.117038734 4832418.168189417
12924114.311338583 4832417.125848003
12924118.50292588 4832416.064308473
12924122.685407966 4832414.943535473
12924126.867397884 4832413.819657632
12924131.05076531 4832412.705021759
12924135.223586539 4832411.5250612665
12924139.386119409 4832410.285323544
12924143.547120849 4832409.036533185
12924147.702265663 4832407.755872688
12924151.85350651 4832406.453409574
12924156.008378018 4832405.170563675
12924160.1512681 4832403.823760494
12924164.296587562 4832402.489607887
12924168.439573936 4832401.143640172
12924172.577092709 4832399.769169014
12924176.7095016 4832398.368911393
12924180.84943858 4832397.006859988
12924184.978260694 4832395.588869579
12924189.116444316 4832394.217850617
12924193.24793599 4832392.812992563
12924197.383649632 4832391.429343182
12924201.51944968 4832390.04620471
12924205.653981242 4832388.656646986
12924209.789103629 4832387.270050207
12924213.920551954 4832385.864958154
12924218.05768943 4832384.488686952
12924222.193016736 4832383.103131211
12924226.33705815 4832381.764543563
12924230.478014538 4832380.407846238
12924234.633756036 4832379.130746671
12924238.791622655 4832377.864405774
12924242.956319438 4832376.638079827
12924247.129531339 4832375.4602746675
12924251.296306936 4832374.244518618
12924255.470517535 4832373.072759079
12924259.642650707 4832371.888510082
12924263.825880768 4832370.772715457
12924268.015807424 4832369.700483448
12924272.210847277 4832368.662197511
12924276.405430203 4832367.620787788
12924280.603253642 4832366.603726617
12924284.811335323 4832365.658979103
12924289.017872281 4832364.7049823655
12924293.235207882 4832363.832969507
12924297.456394969 4832362.992993934
12924301.6867281 4832362.235322756
12924305.919714117 4832361.508755904
12924310.158380039 4832360.834021203
12924314.399336062 4832360.189359961
12924318.646657405 4832359.615484421
12924322.896910707 4832359.078252846
12924327.150612537 4832358.591005178
12924331.406328611 4832358.132600882
12924335.662548134 4832357.682274178
12924339.924222408 4832357.331927454
12924344.18676646 4832356.997927099
12924348.45266908 4832356.749216515
12924352.719941303 4832356.540830056
12924356.987718122 4832356.352450047
12924361.257288568 4832356.258962697
12924365.527027527 4832356.186097144
12924369.797305258 4832356.186097144
12924374.067582991 4832356.186097144
12924378.337649856 4832356.232187415
12924382.607149808 4832356.337930835
12924386.874882905 4832356.526153225
12924391.142168336 4832356.734035063
12924395.408624087 4832356.968408184
12924399.673685318 4832357.239477514
12924403.936260821 4832357.5643834295
12924408.195793817 4832357.95617094
12924412.453119423 4832358.386780944
12924416.706734069 4832358.876680251
12924420.955131525 4832359.437238309
12924425.20017277 4832360.0395647595
12924429.440067286 4832360.7007617345
12924433.678718481 4832361.375659591
12924437.908893399 4832362.1350413365
12924442.133671686 4832362.943423774
12924446.347252646 4832363.845295166
12924450.55177105 4832364.816484383
12924454.750313966 4832365.829843527
12924458.930559428 4832366.9642766705
12924463.099936154 4832368.162274049
12924467.25769323 4832369.428135846
12924471.405992646 4832370.745007214
12924475.526708115 4832372.199468747
12924479.632713128 4832373.725064835
12924483.716826338 4832375.347570527
12924487.782920854 4832377.044615707
12924491.831603726 4832378.809586223
12924495.856870081 4832380.664334958
12924499.825602667 4832382.71331826
12924503.785080293 4832384.793949127
12924507.724089928 4832386.938940256
12924511.609865086 4832389.242523245
12924515.448944718 4832391.675093972
12924519.2577608 4832394.187153883
12924523.042441187 4832396.760220794
12924526.772870477 4832399.463581626
12924530.44072205 4832402.307922116
12924534.047084589 4832405.283043624
12924537.636055162 4832408.293503852
12924541.14747391 4832411.453583936
12924544.605391808 4832414.71260725
12924547.97413591 4832418.126730642
12924551.323997868 4832421.572233698
12924554.591261027 4832425.147159456
12924557.771155633 4832428.85468477
12924560.86682989 4832432.681437058
12924563.929259075 4832436.553089162
12924566.859507104 4832440.592716802
12924569.706019534 4832444.733438536
12924572.438389108 4832449.002795808
12924575.123119764 4832453.323068102
12924577.725675292 4832457.724171693
12924580.196229849 4832462.254548154
12924582.532353884 4832466.905089723
12924584.7902552 4832471.620283284
12924586.924530743 4832476.432289538
12924588.90988794 4832481.349556108
12924590.771261938 4832486.349658907
12924592.547271464 4832491.39947007
12924594.140977798 4832496.553152408
12924595.540817894 4832501.801119775
12924596.871485114 4832507.0802172385
12924598.052882208 4832512.417864224
12924599.041486457 4832517.8207141915
12924599.886865541 4832523.266191417
12924600.653322121 4832528.73163607
12924601.231682522 4832534.236126781
12924601.63885623 4832539.765908378
12924601.984612573 4832545.3033549795
12924602.212290449 4832550.850738546
12924602.307109136 4832556.404785743
12924602.294793682 4832561.960299624
12924602.205629937 4832567.5136516625
12924602.05539461 4832573.065977325
12924601.80304543 4832578.610697236
12924601.478493532 4832584.150327174
12924601.084102074 4832589.681964237
12924600.59983759 4832595.201683211
12924600.067658927 4832600.714154122
12924599.508050697 4832606.222023843
12924598.9240621 4832611.725588548
12924598.319304328 4832617.225377453
12924597.715471825 4832622.72534158
12924597.082773728 4832628.219808373
12924596.472920809 4832633.718664733
12924595.90952069 4832639.225590411
12924595.247440293 4832644.714030037
12924594.618544398 4832650.209242973
12924593.998777904 4832655.70624267
12924593.38475011 4832661.204335732
12924592.785546113 4832666.705109359
12924592.154405968 4832672.199927491
12924591.538632054 4832677.697632885
12924590.950286157 4832683.200489536
12924590.32375329 4832688.69619241
12924589.699450303 4832694.192340563
12924589.078594577 4832699.689153466
12924588.445449246 4832705.183599278
12924587.81536091 4832710.678642146
12924587.189586086 4832716.174513628
12924586.586615583 4832721.674711185
12924585.962979283 4832727.170982493
12924585.33169484 4832732.665805348
12924584.705189127 4832738.161557519
12924584.085377479 4832743.658594219
12924583.468753576 4832749.156243974
12924582.85252307 4832754.653971437
12924582.237457426 4832760.15192271
12924581.620518642 4832765.6494756555
12924580.981588569 4832771.1428241655
12924580.365882736 4832776.640638099
12924579.73265548 4832782.1351103345
12924579.10559627 4832787.630757152
12924578.503581105 4832793.131162294
12924577.871766515 4832798.625915563
12924577.237153167 4832804.120120116
12924576.60125859 4832809.614068018
12924575.9795371 4832815.1107815355
12924575.358934678 4832820.60757034
12924574.777579274 4832826.111739339
12924574.204727499 4832831.617335149
12924573.63045745 4832837.122769341
12924573.080985155 4832842.632376577
12924572.561273882 4832848.147009055
12924572.064071605 4832853.6651205225
12924571.577176776 4832859.184826764
12924571.097093381 4832864.705462852
12924570.695719061 4832870.236811501
12924570.29434474 4832875.76816322
12924569.892970422 4832881.299518002
12924569.491596103 4832886.830875859
12924569.136270897 4832892.367090818
12924568.870404026 4832897.912142974
12924568.642444246 4832903.460184699
12924568.414484462 4832909.008229514
12924568.238577453 4832914.559193413
12924568.158701256 4832920.113982018
12924568.10223971 4832925.669472601
12924568.049933232 4832931.225002022
12924568.049933232 4832936.780984474
12924568.091055524 4832942.336127656
12924568.234613005 4832947.888923461
12924568.415764652 4832953.439913705
12924568.596916301 4832958.990907039
12924568.810950525 4832964.539290964
12924569.15025876 4832970.07772504
12924569.541509297 4832975.610177733
12924569.95550548 4832981.1400128845
12924570.369501662 4832986.669851098
12924570.828667954 4832992.19340634
12924571.413345894 4832997.696674264
12924572.028009012 4833003.194835799
12924572.642672133 4833008.69300036
12924573.285267234 4833014.1857100325
12924573.9390019 4833019.6762460545
12924574.648853753 4833025.154451601
12924575.494764147 4833030.599809221
12924576.386742465 4833036.033287178
12924577.285007648 4833041.464952924
12924578.243185792 4833046.879323281
12924579.218710247 4833052.28838172
12924580.286714282 4833057.667507593
12924581.385239169 4833063.036572262
12924582.48912756 4833068.403743864
12924583.652362823 4833073.749307955
12924584.894454202 4833079.065141713
12924586.136545578 4833084.380978307
12924587.414780654 4833089.682133949
12924588.718149193 4833094.973081647
12924590.101278538 4833100.229340558
12924591.533730308 4833105.463489703
12924592.991140813 4833110.685722757
12924594.495339205 4833115.885696672
12924595.9995376 4833121.08567329
12924597.54104449 4833126.266957533
12924599.171682237 4833131.401854381
12924600.815071827 4833136.530027626
12924602.496624602 4833141.63714461
12924604.23271306 4833146.713024552
12924606.015749723 4833151.761484448
12924607.857344428 4833156.774359708
12924609.698939133 4833161.787237496
12924611.561118403 4833166.787094852
12924613.517894175 4833171.725226767
12924615.49825058 4833176.647747193
12924617.483379101 4833181.566987146
12924619.494968476 4833186.468026201
12924621.533164416 4833191.349967764
12924623.647587037 4833196.177171132
12924625.80118262 4833200.974975951
12924627.9547782 4833205.772783077
12924630.139729599 4833210.546378623
12924632.371904952 4833215.282774461
12924634.647640904 4833219.984086221
12924636.95881326 4833224.656131009
12924639.269985612 4833229.328177985
12924641.586137943 4833233.996008003
12924643.935176453 4833238.635978296
12924646.289679302 4833243.271238292
12924648.659062723 4833247.893667405
12924651.02844614 4833252.516098667
12924653.398084007 4833257.1383068925
12924655.831686394 4833261.703910862
12924658.265288778 4833266.269516922
12924660.698891161 4833270.835125073
12924663.132493546 4833275.400735314
12924665.553093962 4833279.978025793
12924667.971360045 4833284.557415038
12924670.389626129 4833289.136806384
12924672.807892215 4833293.716199837
12924675.226158295 4833298.295595386
12924677.644424377 4833302.874993046
12924680.062690463 4833307.454392803
12924682.473765625 4833312.040194928
12924684.87746449 4833316.632564418
12924687.281163359 4833321.224936027
12924689.693661155 4833325.809443576
12924692.126419256 4833330.375840672
12924694.625399606 4833334.881153798
12924697.131817967 4833339.379607834
12924699.638236327 4833343.878063904
12924702.198359804 4833348.3246949185
12924704.785264147 4833352.745278541
12924707.408264177 4833357.129771522
12924710.056280546 4833361.488630022
12924712.717585513 4833365.833872448
12924715.37889048 4833370.179116769
12924718.045352006 4833374.518978849
12924720.729306804 4833378.840577516
12924723.42534768 4833383.149300225
12924726.152337875 4833387.425048009
12924728.882826272 4833391.696983479
12924731.641179046 4833395.938539908
12924734.399531811 4833400.180098141
12924737.157884585 4833404.421658178
12924739.918315466 4833408.660916067
12924742.69904047 4833412.877676174
12924745.49288456 4833417.079545579
12924748.326643992 4833421.236105747
12924751.160403427 4833425.392667644
12924754.037773786 4833429.497121639
12924756.979887417 4833433.524217121
12924759.922001049 4833437.551314231
12924762.864114681 4833441.578412964
12924765.808589427 4833445.602560902
12924768.784280414 4833449.587676485
12924771.7599714 4833453.572793659
12924774.75623019 4833457.53161992
12924777.772876352 4833461.4641735535
12924780.819575047 4833465.357399845
12924783.866273742 4833469.250627661
12924786.912972437 4833473.143856989
12924789.99087808 4833476.995278094
12924793.077517759 4833480.834693163
12924796.219019389 4833484.598198854
12924799.354034582 4833488.370862478
12924802.48904978 4833492.143527541
12924805.637445439 4833495.897202235
12924808.797920886 4833499.633732707
12924811.958396332 4833503.37026457
12924815.12034715 4833507.10465426
12924818.32189971 4833510.781507604
12924821.530084096 4833514.448500307
12924824.755956786 4833518.089190595
12924827.981829474 4833521.729882206
12924831.207702162 4833525.37057515
12924834.433574852 4833529.011269419
12924837.671096738 4833532.63440878
12924840.909758568 4833536.255831472
12924844.163206087 4833539.854496609
12924847.44674638 4833543.406842743
12924850.737099415 4833546.948439558
12924854.042888913 4833550.465678702
12924857.348678412 4833553.982919087
12924860.65446791 4833557.500160718
12924863.96025741 4833561.017403585
12924867.273894522 4833564.522084335
12924870.595668094 4833568.013740518
12924873.917441668 4833571.505397926
12924877.268691773 4833574.948801396
12924880.632642798 4833578.371413737
12924883.996593827 4833581.794027256
12924887.36253409 4833585.213296313
12924890.75351121 4833588.590457793
12924894.144488335 4833591.967620422
12924897.536778688 4833595.342537459
12924900.943656513 4833598.6924988
12924904.350534339 4833602.042461263
12924907.757412164 4833605.392424853
12924911.164289989 4833608.742389574
12924914.5720911 4833612.090749794
12924918.003423505 4833615.398189608
12924921.434755914 4833618.705630508
12924924.895236481 4833621.961232465
12924928.370490888 4833625.18989841
12924931.864446137 4833628.384416004
12924935.358401386 4833631.578934625
12924938.852356635 4833634.773454261
12924942.346311884 4833637.967974925
12924945.847943362 4833641.1482066605
12924949.354078671 4833644.320055142
12924952.860213982 4833647.491904629
12924956.378497569 4833650.64068917
12924959.91721398 4833653.750678838
12924963.472190782 4833656.828994754
12924967.035289662 4833659.891490081
12924970.59838854 4833662.953986355
12924974.174649239 4833665.990317421
12924977.684070732 4833669.148836315
12924981.071995761 4833672.531208412
12924984.45992079 4833675.913581651
12924987.847845819 4833679.295956046
12924991.235770848 4833682.678331581
12924994.62369588 4833686.060708268
12924998.009998081 4833689.445835378
12925001.395376312 4833692.832528968
12925004.787106508 4833696.208420499
12925008.184819894 4833699.574137162
12925011.58253328 4833702.939854961
12925014.980246665 4833706.305573902
12925018.476434803 4833709.485932103
12925022.096749896 4833712.432643505
12925025.718093753 4833715.377188526
12925029.36392161 4833718.270155167
12925033.009749468 4833721.16312265
12925036.666099599 4833724.03339121
12925040.33345764 4833726.879913177
12925044.000815678 4833729.726435957
12925047.66817372 4833732.572959551
12925051.335531756 4833735.419483954
12925055.002889795 4833738.266009165
12925058.670247832 4833741.1125352
12925062.337605873 4833743.9590620445
12925066.004963912 4833746.805589697
12925069.682811681 4833749.628943818
12925073.37435518 4833752.422041553
12925077.065898677 4833755.215140071
12925080.757442178 4833758.008239364
12925084.448985677 4833760.801339448
12925088.140529176 4833763.594440315
12925091.832072677 4833766.387541961
12925095.527186887 4833769.172545935
12925099.24349882 4833771.909473778
12925102.959810758 4833774.646402367
12925106.676122691 4833777.383331711
12925110.392434627 4833780.120261805
12925114.10874656 4833782.857192645
12925117.825058494 4833785.594124248
12925121.541370431 4833788.331056595
12925125.270955894 4833791.037235946
12925129.00119006 4833793.741913042
12925132.73142423 4833796.44659087
12925136.461658392 4833799.151269432
12925140.19189256 4833801.855948728
12925143.922126727 4833804.560628759
12925147.652360892 4833807.265309526
12925151.38259506 4833809.969991023
12925155.121970262 4833812.653161627
12925158.86581987 4833815.325803321
12925162.609669479 4833817.9984457325
12925166.353519088 4833820.671088857
12925170.097368697 4833823.3437327
12925173.841218304 4833826.016377263
12925177.585067913 4833828.689022537
12925181.328917522 4833831.361668531
12925185.072767131 4833834.034315237
12925188.81661674 4833836.706962665
12925192.563641088 4833839.372046064
12925196.315513086 4833842.025579243
12925200.067385085 4833844.679113121
12925203.819257084 4833847.33264771
12925207.571129084 4833849.986183003
12925211.323001085 4833852.639718995
12925215.074873084 4833855.293255708
12925218.826745084 4833857.946793119
12925222.578617083 4833860.600331237
12925226.330489082 4833863.253870061
12925230.082361083 4833865.907409591
12925233.834233083 4833868.560949831
12925237.586105082 4833871.214490775
12925241.337977083 4833873.868032426
12925245.08984908 4833876.521574777
12925248.841721082 4833879.175117838
12925252.593593081 4833881.828661615
12925256.34472292 4833884.483977537
12925260.091521977 4833887.149631223
12925263.838321032 4833889.81528563
12925267.585120087 4833892.480940746
12925271.331919143 4833895.146596569
12925275.078718198 4833897.812253114
12925278.825517254 4833900.477910364
12925282.57231631 4833903.143568331
12925286.319115367 4833905.80922701
12925290.069634527 4833908.465946157
12925293.803948935 4833911.161105166
12925297.538263341 4833913.856264906
12925301.272577751 4833916.551425372
12925305.00689216 4833919.246586571
12925308.741206566 4833921.941748492
12925312.475520974 4833924.636911149
12925316.209835384 4833927.332074536
12925319.944149794 4833930.027238642
12925323.676523115 4833932.726916766
12925327.39502157 4833935.458856604
12925331.113520026 4833938.190797194
12925334.832018478 4833940.922738526
12925338.550516933 4833943.654680606
12925342.269015389 4833946.386623439
12925345.987513844 4833949.118567026
12925349.705749936 4833951.851110709
12925353.408343418 4833954.6193902455
12925357.110936899 4833957.387670545
12925360.813530382 4833960.15595162
12925364.516123861 4833962.924233457
12925368.218717344 4833965.692516071
12925371.921310827 4833968.460799447
12925375.613602059 4833971.252208413
12925379.297828754 4833974.061677604
12925382.982055452 4833976.871147589
12925386.666282145 4833979.680618363
12925390.350508843 4833982.490089931
12925394.03473554 4833985.299562287
12925397.718962235 4833988.109035438
12925401.40318893 4833990.918509381
12925405.087415628 4833993.7279841155
12925408.750578586 4833996.58355683
12925412.407157972 4833999.45353827
12925416.063737355 4834002.323520529
12925419.720316742 4834005.193503621
12925423.376896124 4834008.06348754
12925427.03347551 4834010.933472284
12925430.690054893 4834013.80345785
12925434.34663428 4834016.673444246
12925438.003213665 4834019.5434314655
12925441.630445192 4834022.475758401
12925445.256400323 4834025.410797435
12925448.882355457 4834028.345837333
12925452.508310588 4834031.280878097
12925456.134265719 4834034.215919723
12925459.760220852 4834037.150962214
12925463.386175985 4834040.086005571
12925466.985062262 4834043.07677159
12925470.578108674 4834046.079560006
12925474.171155082 4834049.082349329
12925477.764201492 4834052.085139558
12925481.3572479 4834055.08793069
12925484.950294308 4834058.090722723
12925488.533967227 4834061.112256558
12925492.09886104 4834064.171337328
12925495.663754852 4834067.230419034
12925499.228648664 4834070.2895016745
12925502.787278822 4834073.360839212
12925506.33354241 4834076.456371121
12925509.879805999 4834079.551903985
12925513.426069586 4834082.64743782
12925516.972333174 4834085.742972609
12925520.495844143 4834088.882148014
12925524.017050114 4834092.025745397
12925527.538256086 4834095.169343776
12925531.053413682 4834098.324301879
12925534.552198227 4834101.510009283
12925538.050982771 4834104.695717701
12925541.545768388 4834107.888814106
12925545.029107006 4834111.103056859
12925548.512445621 4834114.317300646
12925551.99578424 4834117.531545476
12925555.479122857 4834120.745791335
12925558.951486109 4834123.97999295
12925562.41317491 4834127.233603243
12925565.874863712 4834130.4872146025
12925569.336552514 4834133.740827018
12925572.770680083 4834137.043466351
12925576.20194385 4834140.351200904
12925579.633207615 4834143.6589365555
12925583.064471383 4834146.966673302
12925586.495735148 4834150.274411148
12925589.91570162 4834153.601730585
12925593.31420739 4834156.966246874
12925596.71271316 4834160.3307642955
12925600.11121893 4834163.69528285
12925603.508120023 4834167.062537161
12925606.887126742 4834170.460149548
12925610.266133465 4834173.857763094
12925613.645140184 4834177.255377796
12925617.017868264 4834180.663436375
12925620.365255995 4834184.113642547
12925623.712643722 4834187.563849913
12925627.060031451 4834191.014058476
12925630.403571105 4834194.470536853
12925633.729128826 4834197.95630954
12925637.054686548 4834201.442083441
12925640.380244268 4834204.927858565
12925643.702973466 4834208.418158956
12925647.002324983 4834211.945851748
12925650.301676504 4834215.4735457795
12925653.601028023 4834219.001241068
12925656.899058055 4834222.531014233
12925660.177709252 4834226.091241264
12925663.456360448 4834229.6514695715
12925666.721154 4834233.233125816
12925669.976899507 4834236.828773429
12925673.232645016 4834240.424422342
12925676.488390526 4834244.0200725505
12925679.724731833 4834247.645108109
12925682.946421605 4834251.292332027
12925686.16811138 4834254.939557276
12925689.389801152 4834258.586783857
12925692.611490926 4834262.234011779
12925695.833169691 4834265.881257318
12925699.024686437 4834269.573133307
12925702.216203181 4834273.265010659
12925705.407719927 4834276.956889382
12925708.59923667 4834280.648769471
12925711.752711097 4834284.395594367
12925714.906108052 4834288.1425325535
12925718.057011059 4834291.893003694
12925721.192161253 4834295.665782915
12925724.327311445 4834299.438563563
12925727.46246164 4834303.211345647
12925730.59761183 4834306.984129148
12925733.73151219 4834310.758649705
12925736.828293156 4834314.584718891
12925739.925074121 4834318.410789547
12925743.021855086 4834322.236861667
12925746.118636051 4834326.062935256
12925749.215417016 4834329.889010317
12925752.312197981 4834333.715086843
12925755.382819276 4834337.576487764
12925758.435540369 4834341.462060505
12925761.488261461 4834345.347634757
12925764.540982554 4834349.23321053
12925767.573602881 4834353.145265999
12925770.596691363 4834357.069879051
12925773.61977985 4834360.994493644
12925776.64286833 4834364.919109786
12925779.637285458 4834368.880646119
12925782.621302327 4834372.8555759145
12925785.605319194 4834376.830507297
12925788.589336064 4834380.805440263
12925791.573352933 4834384.780374817
12925794.54090447 4834388.775892263
12925797.473150454 4834392.815542523
12925800.405396443 4834396.855194413
12925803.33764243 4834400.894847935
12925806.269888414 4834404.934503101
12925809.202134402 4834408.974159902
12925812.134380389 4834413.013818344
12925815.025699357 4834417.103110619
12925817.916017186 4834421.19361866
12925820.806335015 4834425.284128376
12925823.696652845 4834429.374639768
12925826.586970674 4834433.465152842
12925829.443129977 4834437.595800577
12925832.27600147 4834441.753810974
12925835.108872961 4834445.911823101
12925837.941744454 4834450.069836964
12925840.774615947 4834454.227852563
12925843.60748744 4834458.385869894
12925846.440358933 4834462.54388896
12925849.273230426 4834466.701909759
12925852.076608073 4834470.893551387
12925854.871112693 4834475.095308847
12925857.665617315 4834479.297068084
12925860.460121937 4834483.498829088
12925863.200082948 4834487.760927213
12925865.936908664 4834492.026495379
12925868.673734384 4834496.292065367
12925871.409168148 4834500.559136213
12925874.117469706 4834504.855428268
12925876.825771261 4834509.151722171
12925879.534072818 4834513.44801793
12925882.236140294 4834517.750899499
12925884.909773037 4834522.08381353
12925887.583405782 4834526.416729448
12925890.257038524 4834530.749647245
12925892.910147069 4834535.103675387
12925895.532052154 4834539.489797169
12925898.15395724 4834543.875920881
12925900.775862325 4834548.262046525
12925903.397767412 4834552.648174097
12925906.0196725 4834557.0343036
12925908.630956274 4834561.431005085
12925911.197054511 4834565.872675986
12925913.763152748 4834570.314348869
12925916.329250984 4834574.756023741
12925918.895349221 4834579.197700581
12925921.460440652 4834583.640363205
12925924.022607293 4834588.085885742
12925926.530476484 4834592.583430746
12925929.031664653 4834597.087378637
12925931.532852814 4834601.591328567
12925934.034191312 4834606.0951390695
12925936.53751487 4834610.597083657
12925939.04083843 4834615.099030283
12925941.520692436 4834619.622618207
12925943.954635613 4834624.18853865
12925946.38857879 4834628.75446118
12925948.822521964 4834633.320385808
12925951.25646514 4834637.886312522
12925953.690408317 4834642.45224133
12925956.11142238 4834647.029650137
12925958.490401821 4834651.644377557
12925960.86938126 4834656.259107122
12925963.248360703 4834660.873838822
12925965.627340145 4834665.488572656
12925968.006319586 4834670.103308626
12925970.326868659 4834674.768149074
12925972.646906585 4834679.433429992
12925974.966944512 4834684.098713097
12925977.286982438 4834688.763998386
12925979.607020365 4834693.429285856
12925981.90752635 4834698.110705034
12925984.16342524 4834702.828963076
12925986.419324135 4834707.547223351
12925988.67522303 4834712.265485857
12925990.931121921 4834716.9837505985
12925993.187020816 4834721.702017567
12925995.44499298 4834726.417540446
12925997.615101697 4834731.203423274
12925999.786945846 4834735.988018777
12926001.958789997 4834740.772616573
12926004.13063415 4834745.5572166685
12926006.3024783 4834750.341819056
12926008.47432245 4834755.126423744
12926010.629684607 4834759.923531137
12926012.758246684 4834764.740966782
12926014.886808759 4834769.55840476
12926017.015370833 4834774.375845065
12926019.120721955 4834779.210484116
12926021.217647571 4834784.051367776
12926023.297585461 4834788.904537003
12926025.348708004 4834793.778543948
12926027.399830548 4834798.652553277
12926029.450953092 4834803.526564991
12926031.474308591 4834808.4200933855
12926033.481464902 4834813.325008763
12926035.48862121 4834818.229926553
12926037.495777521 4834823.134846757
12926039.47077208 4834828.061823612
12926041.44503193 4834832.98930671
12926043.41929178 4834837.91679225
12926045.39355163 4834842.8442802215
12926047.365980055 4834847.772974839
12926049.297396488 4834852.729126627
12926051.226542974 4834857.686789631
12926053.15568946 4834862.6444550995
12926055.07454128 4834867.608822271
12926056.965178495 4834872.591552528
12926058.855815712 4834877.574285274
12926060.700760748 4834882.585903296
12926062.541633544 4834887.600097974
12926064.38250634 4834892.6142951725
12926066.223379137 4834897.628494899
12926068.064251931 4834902.642697143
12926069.905124726 4834907.656901913
12926071.745997522 4834912.6711092
12926073.549320154 4834917.708267527
12926075.338814957 4834922.7538791755
12926077.12830976 4834927.79949338
12926078.917804565 4834932.84511014
12926080.71057433 4834937.888759972
12926082.503778795 4834942.932150935
12926084.285376122 4834947.982374961
12926086.011045223 4834953.06551391
12926087.736714318 4834958.14865546
12926089.462383416 4834963.231799602
12926091.188052515 4834968.314946334
12926092.913721612 4834973.398095661
12926094.62902329 4834978.487162413
12926096.332515288 4834983.582969451
12926098.036007287 4834988.678779087
12926099.739499286 4834993.77459133
12926101.409426728 4834998.889103148
12926103.066713603 4835004.010658959
12926104.724000478 4835009.132217397
12926106.381287353 4835014.253778467
12926108.038574224 4835019.375342166
12926109.6958611 4835024.4969085045
12926111.353147972 4835029.618477475
12926112.988213131 4835034.752068319
12926114.60873025 4835039.893530538
12926116.229247369 4835045.034995412
12926117.849254277 4835050.1767348545
12926119.454591312 4835055.326239218
12926121.04833098 4835060.481867692
12926122.642070645 4835065.6374988295
12926124.235810312 4835070.793132634
12926125.82011987 4835075.953684036
12926127.401676279 4835081.115673038
12926128.983232688 4835086.277664715
12926130.564789096 4835091.439659064
12926132.146345504 4835096.601656092
12926133.716399018 4835101.769531472
12926135.255290695 4835106.953327033
12926136.79418237 4835112.137125288
12926138.333074044 4835117.32092624
12926139.871965721 4835122.504729886
12926141.410857396 4835127.6885362305
12926142.949749073 4835132.87234527
12926144.46033379 4835138.070190771
12926145.96186522 4835143.272527347
12926147.46339665 4835148.474866633
12926148.964928081 4835153.677208639
12926150.4500796 4835158.887449942
12926151.915315501 4835164.107295087
12926153.380551402 4835169.327142972
12926154.845787304 4835174.546993587
12926156.311023204 4835179.766846943
12926157.776259104 4835184.986703023
12926159.241495006 4835190.206561838
12926160.70673091 4835195.42642339
12926162.17196681 4835200.64628768
12926163.596503777 4835205.885131326
12926165.011876998 4835211.128250501
12926166.427250218 4835216.371372433
12926167.842623442 4835221.614497126
12926169.257996665 4835226.857624577
12926170.673369886 4835232.100754783
12926172.08874311 4835237.343887751
12926173.50411633 4835242.587023469
12926174.919489553 4835247.830161952
12926176.321251856 4835253.07938504
12926177.679310637 4835258.348139205
12926179.03736942 4835263.616896158
12926180.395428205 4835268.885655889
12926181.753486989 4835274.154418407
12926183.111545771 4835279.423183718
12926184.469604556 4835284.691951803
12926185.827663336 4835289.9607226765
12926187.18572212 4835295.229496343
12926188.5062764 4835300.514352029
12926189.820487404 4835305.801930056
12926191.134698408 4835311.089510893
12926192.44890941 4835316.377094532
12926193.763120413 4835321.664680975
12926195.077331418 4835326.952270225
12926196.391542422 4835332.239862283
12926197.696515817 4835337.531167339
12926198.969146304 4835342.835963278
12926200.241776794 4835348.140762047
12926201.514407285 4835353.445563633
12926202.787037773 4835358.750368046
12926204.059668263 4835364.055175278
12926205.332298754 4835369.359985341
12926206.561215265 4835374.682222819
12926207.789827546 4835380.004585123
12926209.018741118 4835385.32683246
12926210.247654693 4835390.64908264
12926211.476568265 4835395.971335666
12926212.701957038 4835401.294946328
12926213.89211376 4835406.632101686
12926215.082270483 4835411.9692598935
12926216.272427203 4835417.306420968
12926217.46258393 4835422.643584892
12926218.65274065 4835427.980751683
12926219.842897372 4835433.3179213265
12926221.033054095 4835438.65509383
12926222.223210817 4835443.992269187
12926223.399642035 4835449.334508554
12926224.537657294 4835454.690916288
12926225.675672557 4835460.047326906
12926226.81368782 4835465.403740406
12926227.951703079 4835470.760156777
12926229.089718342 4835476.11657603
12926230.227733605 4835481.4729981655
12926231.340362918 4835486.838091156
12926232.439181706 4835492.208362586
12926233.538000498 4835497.578636901
12926234.636819292 4835502.948914119
12926235.723350715 4835508.323407086
12926236.800309233 4835513.701185129
12926237.876745738 4835519.079142864
12926238.950648723 4835524.457961525
12926240.024551705 4835529.836783082
12926241.09845469 4835535.215607543
12926242.169437448 4835540.595407477
12926243.212889146 4835545.984379411
12926244.256340845 4835551.373354253
12926245.299792545 4835556.762332012
12926246.338771902 4835562.1527545815
12926247.348979397 4835567.552456194
12926248.35918689 4835572.952160727
12926249.369394382 4835578.351868191
12926250.379601875 4835583.75157858
12926251.389809368 4835589.151291889
12926252.400016861 4835594.5510081295
12926253.392346669 4835599.956263152
12926254.35899493 4835605.369473436
12926255.325643187 4835610.7826866675
12926256.29524177 4835616.194999322
12926257.2848443 4835621.601188875
12926258.247085605 4835627.015620554
12926259.182698788 4835632.438073628
12926260.118311975 4835637.860529644
12926261.053925157 4835643.282988612
12926261.989538344 4835648.705450534
12926262.908561738 4835654.132688551
12926263.81653298 4835659.563109419
12926264.724504221 4835664.993533235
12926265.632475464 4835670.423960016
12926266.540446702 4835675.854389756
12926267.413930148 4835681.294390512
12926268.286557531 4835686.734631741
12926269.159184916 4835692.174875938
12926270.020817231 4835697.618080576
12926270.876812145 4835703.062804553
12926271.732807053 4835708.507531504
12926272.588801967 4835713.952261428
12926273.444796875 4835719.396994329
12926274.26108735 4835724.851928509
12926275.074079815 4835730.307819228
12926275.887072276 4835735.763712941
12926276.70006474 4835741.21960964
12926277.513057202 4835746.675509324
12926278.326049667 4835752.131411996
12926279.139042128 4835757.587317657
12926279.95203459 4835763.0432263
12926280.753461456 4835768.501994805
12926281.533015534 4835773.966169195
12926282.31256961 4835779.430346589
12926283.092123691 4835784.89452697
12926283.871677767 4835790.358710351
12926284.651231846 4835795.822896732
12926285.426288705 4835801.288143381
12926286.164917734 4835806.761957074
12926286.903546762 4835812.2357737785
12926287.641080493 4835817.709840207
12926288.358979765 4835823.188332403
12926289.076879038 4835828.666827608
12926289.794087285 4835834.145479043
12926290.510545086 4835839.624299879
12926291.21288703 4835845.106167629
12926291.892452799 4835850.592949786
12926292.572018571 4835856.079734966
12926293.25158434 4835861.566523164
12926293.93115011 4835867.053314383
12926294.601405729 4835872.542009283
12926295.245327322 4835878.036083298
12926295.889248917 4835883.530160341
12926296.53317051 4835889.024240405
12926297.177092101 4835894.518323505
12926297.821013696 4835900.012409637
12926298.443776513 4835905.510595871
12926299.056691082 4835911.010692113
12926299.669605656 4835916.510791384
12926300.282520225 4835922.010893696
12926300.895434799 4835927.51099904
12926301.50753493 4835933.011260541
12926302.079446208 4835938.518815338
12926302.645681897 4835944.027398662
12926303.211917588 4835949.535985032
12926303.778153282 4835955.044574443
12926304.344388973 4835960.553166901
12926304.902955262 4835966.063064709
12926305.441647002 4835971.576340378
12926305.980338741 4835977.0896190945
12926306.519030482 4835982.602900869
12926307.057722222 4835988.116185687
12926307.57426324 4835993.632968037
12926308.06327599 4835999.154096287
12926308.552288737 4836004.675227597
12926309.041301483 4836010.196361964
12926309.534802347 4836015.716821083
12926310.030942 4836021.236884439
12926310.527081653 4836026.756950856
12926311.02322131 4836032.277020331
12926311.486937094 4836037.801702056
12926311.931027919 4836043.329281002
12926312.375118745 4836048.8568630135
12926312.819209574 4836054.384448094
12926313.2633004 4836059.912036239
12926313.707391225 4836065.439627451
12926314.151482053 4836070.96722173
12926314.565950558 4836076.498678798
12926314.973606851 4836082.031032059
12926315.380467452 4836087.563485647
12926315.77132201 4836093.097898572
12926316.162176566 4836098.632314568
12926316.553031124 4836104.166733644
12926316.943885682 4836109.7011557855
12926317.334740238 4836115.235581008
12926317.717264403 4836120.77099382
12926318.098768305 4836126.306530295
12926318.460339043 4836131.844251334
12926318.794458099 4836137.384979794
12926319.128577152 4836142.925711324
12926319.462696211 4836148.466445944
12926319.796815265 4836154.007183635
12926320.13093432 4836159.547924416
12926320.465053376 4836165.088668274
12926320.769671401 4836170.632267492
12926321.068250071 4836176.176453705
12926321.366828743 4836181.720642997
12926321.665407414 4836187.264835373
12926321.963986084 4836192.80903084
12926322.262564754 4836198.3532293895
12926322.507693522 4836203.901147881
12926322.765109878 4836209.448847703
12926323.022526238 4836214.996550605
12926323.279942594 4836220.544256601
12926323.537358955 4836226.091965685
12926323.75509653 4836231.642516785
12926323.966464417 4836237.193526721
12926324.177832302 4836242.744539749
12926324.389200186 4836248.295555872
12926324.60056807 4836253.846575079
12926324.806066066 4836259.397944465
12926324.982296837 4836264.951047469
12926325.158527607 4836270.504153566
12926325.33475838 4836276.057262758
12926325.510989152 4836281.610375043
12926325.687219921 4836287.163490426
12926325.863450695 4836292.716608901
12926326.035556097 4836298.269931492
12926326.17885128 4836303.82466105
12926326.322146464 4836309.379393698
12926326.465441648 4836314.934129441
12926326.608736834 4836320.488868281
12926326.739878856 4836326.044067816
12926326.843552645 4836331.600304703
12926326.947226435 4836337.156544682
12926327.050900223 4836342.712787766
12926327.154574012 4836348.269033947
12926327.258247802 4836353.825283219
12926327.337041289 4836359.3821921
12926327.40647778 4836364.939350979
12926327.475914273 4836370.496512958
12926327.54535077 4836376.053678036
12926327.61478726 4836381.610846211
12926327.684223754 4836387.168017488
12926327.75366025 4836392.7251918595
12926327.812980685 4836398.282537023
12926327.852305172 4836403.840216728
12926327.891629657 4836409.397899539
12926327.930954143 4836414.955585448
12926327.970278628 4836420.513274464
12926328.009603117 4836426.070966568
12926328.048927601 4836431.628661777
12926328.073835524 4836437.18646327
12926328.08147465 4836442.744391454
12926328.089113774 4836448.302322748
12926328.096752899 4836453.86025713
12926328.104392026 4836459.418194616
12926328.11203115 4836464.976135203
12926328.119670274 4836470.534078894
12926328.127309399 4836476.092025679
12926328.134948524 4836481.6499755625
12926328.111222161 4836487.207835905
12926328.084201328 4836492.76568962
12926328.057180494 4836498.323546429
12926328.030159662 4836503.881406338
12926328.003138829 4836509.439269349
12926327.976117995 4836514.997135454
12926327.949097162 4836520.555004671
12926327.922076328 4836526.112876977
12926327.895055495 4836531.670752389
12926327.868034663 4836537.228630899
12926327.833495177 4836542.786434791
12926327.792691456 4836548.344177032
12926327.751887737 4836553.901922371
12926327.711084016 4836559.459670816
12926327.670280298 4836565.017422356
12926327.629476579 4836570.575176999
12926327.58867286 4836576.132934739
12926327.547869138 4836581.690695578
12926327.507065417 4836587.248459522
12926327.4662617 4836592.80622656
12926327.42545798 4836598.3639966985
12926327.384654263 4836603.921769941
12926327.343850542 4836609.479546283
12926327.303046823 4836615.037325723
12926327.262243101 4836620.595108261
12926327.221439382 4836626.152893903
12926327.180635665 4836631.710682642
12926327.139831943 4836637.268474479
12926327.155113777 4836642.826455728
12926327.094605917 4836648.382840383
12926327.013047012 4836653.939503583
12926326.966661697 4836659.497233651
12926326.920276383 4836665.05496682
12926326.87389107 4836670.612703088
12926326.827505756 4836676.170442452
12926326.78112044 4836681.7281849235
12926326.734735126 4836687.285930491
12926326.691142289 4836692.843715849
12926326.651322452 4836698.401553873
12926326.611502614 4836703.959395004
12926326.571682777 4836709.517239225
12926326.531862937 4836715.075086552
12926326.4920431 4836720.632936977
12926326.452223262 4836726.190790504
12926326.412403425 4836731.748647129
12926326.372583589 4836737.30650686
12926326.332763748 4836742.864369685
12926326.292943912 4836748.422235609
12926326.253124073 4836753.98010464
12926326.213304237 4836759.537976764
12926326.173484396 4836765.095851993
12926326.133664558 4836770.653730317
12926326.093844721 4836776.211611742
12926326.05263674 4836781.769478824
12926326.009991936 4836787.327330943
12926325.967347132 4836792.885186168
12926325.92470233 4836798.443044489
12926325.882057527 4836804.000905911
12926325.83941272 4836809.558770435
12926325.796767918 4836815.116638059
12926325.754123116 4836820.674508778
12926325.71147831 4836826.232382604
12926325.668833507 4836831.790259525
12926325.626188703 4836837.348139544
12926325.583543899 4836842.906022667
12926325.540899096 4836848.463908892
12926325.498254292 4836854.021798212
12926325.45560949 4836859.579690636
12926325.412964685 4836865.137586161
12926325.37031988 4836870.695484779
12926325.327675078 4836876.253386507
12926325.284874683 4836881.811289272
12926325.240842732 4836887.369178873
12926325.196810784 4836892.927071573
12926325.152778834 4836898.484967374
12926325.108746884 4836904.04286627
12926325.064714935 4836909.600768267
12926325.020682983 4836915.158673372
12926324.976651035 4836920.716581566
12926324.932619084 4836926.274492867
12926324.888587136 4836931.832407268
12926324.844555184 4836937.3903247705
12926324.800523236 4836942.948245368
12926324.756491287 4836948.506169067
12926324.712459337 4836954.064095869
12926324.668427387 4836959.62202577
12926324.624395438 4836965.179958769
12926324.580363488 4836970.737894872
12926324.536331536 4836976.295834075
12926324.494462539 4836981.8538031215
12926324.457364177 4836987.411834257
12926324.420265814 4836992.969868491
12926324.383167455 4836998.527905832
12926324.346069092 4837004.085946266
12926324.308970729 4837009.643989805
12926324.27187237 4837015.202036441
12926324.23477401 4837020.760086183
12926324.197675647 4837026.318139021
12926324.160577286 4837031.876194959
12926324.124397473 4837037.434264132
12926324.089125346 4837042.992346412
12926324.053853218 4837048.550431796
12926324.018581089 4837054.10852028
12926323.983308962 4837059.666611863
12926323.948036833 4837065.22470655
12926323.912764702 4837070.7828043355
12926323.877492577 4837076.340905221
12926323.842250472 4837081.899009529
12926323.807771092 4837087.457125039
12926323.773291714 4837093.015243655
12926323.738812335 4837098.573365371
12926323.704332955 4837104.131490187
12926323.66985358 4837109.689618103
12926323.6353742 4837115.247749121
12926323.600919662 4837120.805883448
12926323.579922175 4837126.364134656
12926323.558924686 4837131.922388964
12926323.537927195 4837137.48064638
12926323.516929708 4837143.038906889
12926323.49593222 4837148.597170503
12926323.47493473 4837154.155437212
12926323.453937242 4837159.713707024
12926323.432939755 4837165.271979938
12926323.42367521 4837170.830293502
12926323.42367521 4837176.388639812
12926323.42367521 4837181.946989224
12926323.42367521 4837187.505341739
12926323.42367521 4837193.063697352
12926323.42367521 4837198.622056063
12926323.42367521 4837204.180417882
12926323.424838344 4837209.738778573
12926323.448661001 4837215.297060092
12926323.472483655 4837220.855344717
12926323.496306313 4837226.413632436
12926323.520128971 4837231.971923267
12926323.543951629 4837237.530217187
12926323.567774283 4837243.088514214
12926323.61669908 4837248.646509245
12926323.672619345 4837254.2044223575
12926323.728539607 4837259.76233857
12926323.784459872 4837265.320257883
12926323.840380136 4837270.8781802915
12926323.896300398 4837276.436105801
12926323.952220662 4837281.994034414
12926324.030600565 4837287.551483908
12926324.115536232 4837293.108795738
12926324.200471899 4837298.666110673
12926324.285407567 4837304.223428703
12926324.370343238 4837309.780749837
12926324.487952672 4837315.33703192
12926324.61222875 4837320.893104465
12926324.736504825 4837326.449180107
12926324.860780902 4837332.005258848
12926324.98505698 4837337.561340691
12926325.114957873 4837343.117188251
12926325.267426686 4837348.672086531
12926325.4198955 4837354.226987906
12926325.572364317 4837359.781892385
12926325.72483313 4837365.336799953
12926325.877301944 4837370.8917106185
12926326.037937846 4837376.446205883
12926326.221416932 4837381.999533728
12926326.40489602 4837387.552864667
12926326.58837511 4837393.106198696
12926326.7718542 4837398.659535826
12926326.956532624 4837404.212800242
12926327.187268494 4837409.7631566515
12926327.41800436 4837415.313516157
12926327.648740228 4837420.863878758
12926327.879476096 4837426.414244439
12926328.110211963 4837431.964613219
12926328.340947833 4837437.514985091
12926328.571683701 4837443.0653600525
12926328.80241957 4837448.615738111
12926329.033155436 4837454.166119256
12926329.300611936 4837459.7136728335
12926329.574765053 4837465.260713287
12926329.84891817 4837470.807756826
12926330.123071287 4837476.354803451
12926330.397224402 4837481.9018531665
12926330.67137752 4837487.448905971
12926330.945530634 4837492.995961861
12926331.247238405 4837498.540584338
12926331.551916141 4837504.084947285
12926331.856593873 4837509.629313318
12926332.161271606 4837515.173682434
12926332.46594934 4837520.718054635
12926332.770627072 4837526.262429926
12926333.11477833 4837531.8028249405
12926333.470209908 4837537.34208471
12926333.825641481 4837542.88134756
12926334.181073057 4837548.420613492
12926334.536504632 4837553.959882502
12926334.891936207 4837559.499154592
12926335.249513997 4837565.038184033
12926335.642399373 4837570.573174035
12926336.03528475 4837576.108167112
12926336.428170122 4837581.643163265
12926336.821055498 4837587.178162489
12926337.213940876 4837592.713164789
12926337.60682625 4837598.248170167
