12954030.978477277 4823796.826313129
12954025.483865812 4823793.569394765
12954019.989254344 4823790.312477473
12954014.49464288 4823787.055561234
12954008.998026416 4823783.804411504
12954003.487134308 4823780.594312973
12953997.976242196 4823777.384215475
12953992.465350084 4823774.1741190115
12953986.954457974 4823770.96402358
12953981.443565864 4823767.753929185
12953975.932673754 4823764.543835818
12953970.422106955 4823761.332800118
12953964.911791695 4823758.121036017
12953959.399920011 4823754.913813321
12953953.87813767 4823751.735502755
12953948.356355336 4823748.557193204
12953942.834572997 4823745.37888466
12953937.312790658 4823742.200577132
12953931.790443506 4823739.023929597
12953926.269070111 4823735.844424451
12953920.74794105 4823732.664202906
12953915.21422159 4823729.521217174
12953909.67849897 4823726.384156554
12953904.14277635 4823723.247096919
12953898.60705373 4823720.110038271
12953893.071331112 4823716.972980616
12953887.53560849 4823713.83592394
12953881.999885872 4823710.698868249
12953876.464072479 4823707.56208639
12953870.914225096 4823704.467488968
12953865.364377717 4823701.372892504
12953859.814530334 4823698.278296994
12953854.26468295 4823695.183702448
12953848.714835567 4823692.08910886
12953843.164988184 4823688.994516234
12953837.615140803 4823685.899924561
12953832.06529342 4823682.805333852
12953826.515446037 4823679.7107441025
12953820.951281203 4823676.659992584
12953815.38379409 4823673.6194141675
12953809.816306978 4823670.578836676
12953804.248819867 4823667.538260111
12953798.681332756 4823664.49768447
12953793.113845643 4823661.457109759
12953787.54635853 4823658.416535968
12953781.978871416 4823655.375963103
12953776.411384307 4823652.335391171
12953770.843897194 4823649.2948201625
12953765.272310538 4823646.266970718
12953759.699961863 4823643.241486685
12953754.127613189 4823640.216003576
12953748.555264516 4823637.190521376
12953742.982915841 4823634.165040098
12953737.395218655 4823631.187883679
12953731.805894293 4823628.215788811
12953726.21767171 4823625.240191848
12953720.629449127 4823622.264595773
12953715.04122654 4823619.2890005885
12953709.453003954 4823616.313406286
12953703.85069746 4823613.382930179
12953698.247408103 4823610.455603484
12953692.644118749 4823607.528277647
12953687.040829394 4823604.600952668
12953681.436107446 4823601.678272505
12953675.829254832 4823598.762500051
12953670.222402217 4823595.846728444
12953664.615549603 4823592.930957689
12953659.00869699 4823590.015187786
12953653.401844375 4823587.099418738
12953647.794991761 4823584.183650536
12953642.188139148 4823581.267883188
12953636.581286533 4823578.352116691
12953630.97443392 4823575.436351046
12953625.357935129 4823572.552146917
12953619.74038077 4823569.671397268
12953614.122826409 4823566.79064845
12953608.50527205 4823563.9099004585
12953602.88771769 4823561.029153302
12953597.27016333 4823558.148406977
12953591.65260897 4823555.267661486
12953586.03505461 4823552.38691682
12953580.415670352 4823549.512262508
12953574.783243818 4823546.68101102
12953569.150817286 4823543.849760329
12953563.518390754 4823541.018510441
12953557.885964219 4823538.187261364
12953552.253537685 4823535.356013082
12953546.621111153 4823532.524765607
12953540.988684617 4823529.693518931
12953535.356258085 4823526.86227306
12953529.723831551 4823524.031027994
12953524.08078701 4823521.235851099
12953518.43316215 4823518.456233459
12953512.785537293 4823515.6766166035
12953507.137912435 4823512.897000516
12953501.490287576 4823510.117385203
12953495.842662718 4823507.337770665
12953490.19503786 4823504.558156897
12953484.547412999 4823501.778543906
12953478.899788141 4823498.998931689
12953473.252163284 4823496.219320243
12953467.604538424 4823493.439709578
12953461.956913564 4823490.66009968
12953456.299635047 4823487.913905821
12953450.640443116 4823485.174335821
12953444.981251188 4823482.434766585
12953439.315585624 4823479.717927218
12953433.648276806 4823477.006858119
12953427.980967985 4823474.295789757
12953422.313659167 4823471.584722121
12953416.644144556 4823468.881464357
12953410.973683016 4823466.181559727
12953405.303221472 4823463.481655831
12953399.632759927 4823460.781752668
12953393.962298382 4823458.081850234
12953388.291836841 4823455.381948524
12953382.621375298 4823452.6820475515
12953376.950913753 4823449.982147302
12953371.278396178 4823447.289612902
12953365.595434878 4823444.634490652
12953359.91247358 4823441.979369115
12953354.229512282 4823439.324248277
12953348.546550984 4823436.669128149
12953342.863589684 4823434.014008728
12953337.180628385 4823431.358890012
12953331.497667085 4823428.703772006
12953325.814705785 4823426.048654699
12953320.131744487 4823423.393538102
12953314.434087096 4823420.792254338
12953308.734726133 4823418.197211483
12953303.035365168 4823415.602169299
12953297.336004205 4823413.007127789
12953291.63664324 4823410.412086954
12953285.937282275 4823407.817046793
12953280.237921312 4823405.222007308
12953274.535217317 4823402.639433794
12953268.829869853 4823400.066717738
12953263.12452239 4823397.494002352
12953257.419174926 4823394.921287626
12953251.713827461 4823392.348573565
12953246.008479998 4823389.775860164
12953240.303132534 4823387.203147429
12953234.59778507 4823384.63043536
12953228.886100786 4823382.081600411
12953223.173945291 4823379.534541576
12953217.461789798 4823376.98748339
12953211.749634305 4823374.440425854
12953206.037478812 4823371.893368964
12953200.314950056 4823369.385984711
12953194.591765104 4823366.88111068
12953188.868580151 4823364.376237278
12953183.140378902 4823361.890824207
12953177.411527498 4823359.407933884
12953171.682676097 4823356.92504418
12953165.953824695 4823354.442155095
12953160.224973295 4823351.959266623
12953154.496121895 4823349.476378777
12953148.76727049 4823346.993491542
12953143.03841909 4823344.510604926
12953137.309567688 4823342.027718929
12953131.580716286 4823339.544833543
12953125.851864884 4823337.061948785
12953120.11730779 4823334.601586467
12953114.374404617 4823332.174168883
12953108.631501442 4823329.746751888
12953102.888598267 4823327.319335481
12953097.145695092 4823324.891919664
12953091.401537675 4823322.469529699
12953085.656072736 4823320.052379029
12953079.910607796 4823317.635228949
12953074.165142857 4823315.2180794515
12953068.419677917 4823312.800930541
12953062.674212977 4823310.383782216
12953056.928748038 4823307.966634471
12953051.183283098 4823305.549487316
12953045.437818158 4823303.132340744
12953039.668334767 4823300.815004387
12953033.920720018 4823298.409277601
12953028.159909084 4823296.054653033
12953022.399098147 4823293.700029015
12953016.638287213 4823291.345405554
12953010.877476279 4823288.990782652
12953005.115336128 4823286.641687633
12952999.348396352 4823284.312551606
12952993.58145658 4823281.983416126
12952987.814516803 4823279.6542811915
12952982.047577031 4823277.325146801
12952976.280637257 4823274.996012952
12952970.51369748 4823272.666879644
12952964.746757707 4823270.337746883
12952958.979817934 4823268.008614662
12952953.212878158 4823265.679482986
12952947.437304912 4823263.386808958
12952941.66094849 4823261.0974426195
12952935.885145117 4823258.805726215
12952930.111721897 4823256.503894073
12952924.33829868 4823254.202062463
12952918.564875463 4823251.900231383
12952912.791452244 4823249.598400832
12952907.018029025 4823247.296570816
12952901.244605806 4823244.9947413225
12952895.470276253 4823242.69679745
12952889.685627555 4823240.443087978
12952883.90097886 4823238.189379015
12952878.116330164 4823235.935670556
12952872.331681466 4823233.681962604
12952866.54703277 4823231.428255162
12952860.762384074 4823229.174548236
12952854.972592775 4823226.943266452
12952849.182715543 4823224.712359901
12952843.392838309 4823222.4814538425
12952837.602961076 4823220.250548284
12952831.813083842 4823218.019643219
12952826.015068801 4823215.824802998
12952820.215384841 4823213.637359407
12952814.415700879 4823211.449916297
12952808.616016917 4823209.262473667
12952802.816332955 4823207.075031515
12952797.016648995 4823204.887589846
12952791.21696503 4823202.700148648
12952785.414513148 4823200.5252034245
12952779.60791375 4823198.368982173
12952773.801314348 4823196.212761391
12952767.994714951 4823194.0565410685
12952762.188115548 4823191.900321221
12952756.381516151 4823189.744101832
12952750.574916752 4823187.587882911
12952744.768317355 4823185.431664454
12952738.961717952 4823183.275446464
12952733.1485961 4823181.149130588
12952727.335416902 4823179.023078074
12952721.522237703 4823176.897026012
12952715.709058503 4823174.770974401
12952709.893227842 4823172.6572574265
12952704.074162746 4823170.558586986
12952698.255097646 4823168.459916987
12952692.43603255 4823166.361247437
12952686.61696745 4823164.262578319
12952680.797902353 4823162.163909644
12952674.977327857 4823160.072402446
12952669.147898568 4823158.022905511
12952663.318469275 4823155.973408996
12952657.489039985 4823153.923912904
12952651.659610692 4823151.8744172305
12952645.8301814 4823149.824921978
12952640.00075211 4823147.775427138
12952634.171322817 4823145.725932728
12952628.341893528 4823143.676438738
12952622.508850632 4823141.644487994
12952616.671438606 4823139.633748342
12952610.834026577 4823137.623009096
12952604.996614551 4823135.612270251
12952599.159202524 4823133.601531818
12952593.321790496 4823131.590793787
12952587.484378468 4823129.580056155
12952581.64696644 4823127.569318939
12952575.809554413 4823125.5585821215
12952569.971329348 4823123.551888109
12952564.12368863 4823121.592008784
12952558.276047919 4823119.632129841
12952552.428407203 4823117.672251279
12952546.58076649 4823115.712373107
12952540.733125776 4823113.752495317
12952534.88548506 4823111.792617913
12952529.037844349 4823109.832740893
12952523.190391693 4823107.871916694
12952517.343086291 4823105.910350968
12952511.492095595 4823103.967540731
12952505.637263186 4823102.044282019
12952499.78243078 4823100.121023673
12952493.927598368 4823098.197765701
12952488.07276596 4823096.2745081
12952482.217933552 4823094.3512508655
12952476.363101143 4823092.427994006
12952470.508268734 4823090.504737513
12952464.653436327 4823088.581481393
12952458.798603918 4823086.658225645
12952452.943771511 4823084.734970266
12952447.080545006 4823082.855438112
12952441.216956107 4823080.977793938
12952435.35336721 4823079.100150113
12952429.489778312 4823077.222506641
12952423.626189414 4823075.3448635265
12952417.762600517 4823073.467220764
12952411.899011618 4823071.589578348
12952406.03542272 4823069.711936296
12952400.171833823 4823067.834294589
12952394.304308489 4823065.977646107
12952388.433614988 4823064.137893662
12952382.562921487 4823062.298141562
12952376.692227986 4823060.45838979
12952370.821534485 4823058.618638363
12952364.950840984 4823056.77888728
12952359.078475947 4823054.94822591
12952353.202296136 4823053.138308619
12952347.326116322 4823051.328391662
12952341.44993651 4823049.518475027
12952335.573756697 4823047.708558729
12952329.697576886 4823045.8986427495
12952323.821397074 4823044.0887271045
12952317.94521726 4823042.2788117835
12952312.069037449 4823040.468896797
12952306.192857636 4823038.658982128
12952300.311790824 4823036.876204261
12952294.4281011 4823035.107989604
12952288.544495344 4823033.339303262
12952282.6605651 4823031.572459176
12952276.771078104 4823029.837157925
12952270.881591108 4823028.101856974
12952264.992104111 4823026.366556326
12952259.102617113 4823024.631255974
12952253.213130118 4823022.895955933
12952247.323643122 4823021.160656187
12952241.434156124 4823019.425356748
12952235.543041456 4823017.699521674
12952229.645674955 4823016.010038068
12952223.748308452 4823014.320554753
12952217.850941949 4823012.63107172
12952211.953575447 4823010.941588981
12952206.056208944 4823009.252106523
12952200.158842443 4823007.562624348
12952194.26147594 4823005.873142467
12952188.364109436 4823004.183660866
12952182.466742935 4823002.494179549
12952176.56937643 4823000.804698528
12952170.678128876 4822999.083485569
12952164.773646444 4822997.436530002
12952158.869164016 4822995.7895747125
12952152.964681588 4822994.142619692
12952147.060199158 4822992.4956649365
12952141.155716728 4822990.848710462
12952135.2512343 4822989.201756252
12952129.346751872 4822987.554802315
12952123.442269443 4822985.907848655
12952117.535676666 4822984.273778082
12952111.627154317 4822982.6514869835
12952105.71863197 4822981.029196143
12952099.810109623 4822979.40690557
12952093.9000195 4822977.794352725
12952087.986830268 4822976.201048721
12952082.073641036 4822974.607744972
12952076.160451803 4822973.014441474
12952070.247262571 4822971.421138232
12952064.334073339 4822969.827835242
12952058.420884106 4822968.234532506
12952052.504224518 4822966.663302479
12952046.584206093 4822965.113435841
12952040.66418767 4822963.563569437
12952034.744169248 4822962.013703278
12952028.824150821 4822960.463837361
12952022.904132398 4822958.913971683
12952016.984113976 4822957.364106246
12952011.064095553 4822955.81424105
12952005.140294395 4822954.289190603
12951999.21287198 4822952.787895662
12951993.285449566 4822951.286600945
12951987.358027149 4822949.785306455
12951981.430604734 4822948.284012189
12951975.503182318 4822946.782718148
12951969.5759604 4822945.2800876815
12951963.648767842 4822943.777261708
12951957.721575284 4822942.274435966
12951951.794382723 4822940.771610445
12951945.867240267 4822939.268451412
12951939.94015521 4822937.764910213
12951934.013070155 4822936.261369242
12951928.080418024 4822934.795472171
12951922.146864604 4822933.335669707
12951916.213311184 4822931.875867451
12951910.279757764 4822930.416065412
12951904.346204344 4822928.956263586
12951898.412650924 4822927.496461974
12951892.477299798 4822926.0491240015
12951886.539868744 4822924.616206297
12951880.60243769 4822923.183288798
12951874.665006632 4822921.7503715055
12951868.727575578 4822920.317454417
12951862.790144524 4822918.884537542
12951856.85179059 4822917.458174234
12951850.9088199 4822916.064594766
12951844.96584921 4822914.6710154945
12951839.02287852 4822913.277436417
12951833.079907827 4822911.883857537
12951827.13693714 4822910.490278848
12951821.193966446 4822909.096700354
12951815.250995757 4822907.703122058
12951809.30802507 4822906.309543955
12951803.362867361 4822904.931865399
12951797.416559836 4822903.562546045
12951791.470252315 4822902.193226875
12951785.523944791 4822900.823907897
12951779.575869204 4822899.467779982
12951773.623625943 4822898.142745725
12951767.671382682 4822896.817711636
12951761.719139418 4822895.492677731
12951755.766896155 4822894.1676440025
12951749.814652894 4822892.842610443
12951743.86240963 4822891.517577065
12951737.91016637 4822890.192543863
12951731.957923107 4822888.867510834
12951726.005679846 4822887.542477984
12951720.049972793 4822886.244094653
12951714.093175713 4822884.954097801
12951708.136378638 4822883.664101121
12951702.17958156 4822882.374104611
12951696.222784482 4822881.084108259
12951690.265987404 4822879.794112078
12951684.30919033 4822878.50411606
12951678.35239325 4822877.214120213
12951672.395596173 4822875.924124533
12951666.438574802 4822874.635900161
12951660.477936389 4822873.376237927
12951654.517297976 4822872.11657585
12951648.55665956 4822870.856913941
12951642.596021146 4822869.597252182
12951636.635382732 4822868.337590587
12951630.674744317 4822867.0779291475
12951624.714105902 4822865.818267865
12951618.753467489 4822864.558606749
12951612.792829074 4822863.298945786
12951606.832190659 4822862.039284982
12951600.871552248 4822860.779624344
12951594.91091383 4822859.519963857
12951588.950275416 4822858.260303533
12951582.989637004 4822857.000643364
12951577.02899859 4822855.740983353
12951571.068360172 4822854.4813235095
12951565.10772176 4822853.221663818
12951559.147083346 4822851.962004283
12951553.18644493 4822850.702344919
12951547.225806518 4822849.442685702
12951541.265168102 4822848.18302665
12951535.30435862 4822846.924736232
12951529.343508976 4822845.666767281
12951523.382659327 4822844.4087984795
12951517.42180968 4822843.150829841
12951511.460960036 4822841.892861361
12951505.50011039 4822840.6348930355
12951499.539260743 4822839.376924872
12951493.578411097 4822838.118956868
12951487.617499558 4822836.861484789
12951481.656454287 4822835.6050841035
12951475.695409017 4822834.348683571
12951469.734363746 4822833.092283196
12951463.773318477 4822831.835882984
12951457.812273206 4822830.579482931
12951451.851227935 4822829.323083029
12951445.890182665 4822828.066683292
12951439.929137394 4822826.81028371
12951433.968092123 4822825.553884286
12951428.007046852 4822824.297485024
12951422.046001583 4822823.041085915
12951416.084956313 4822821.784686968
12951410.124310005 4822820.525096263
12951404.16383449 4822819.2641393365
12951398.20335897 4822818.00318257
12951392.242883451 4822816.742225965
12951386.282407932 4822815.481269517
12951380.321932416 4822814.220313231
12951374.361456897 4822812.959357103
12951368.400981378 4822811.6984011335
12951362.440505862 4822810.437445323
12951356.480030343 4822809.176489673
12951350.519554827 4822807.915534179
12951344.559079308 4822806.654578846
12951338.598603789 4822805.3936236715
12951332.63812827 4822804.132668661
12951326.67765275 4822802.871713807
12951320.717177235 4822801.610759107
12951314.756701715 4822800.349804579
12951308.7962262 4822799.088850196
12951302.83575068 4822797.827895979
12951296.875275165 4822796.56694192
12951290.914799646 4822795.305988024
12951284.954324126 4822794.045034287
12951278.993848607 4822792.784080706
12951273.033373088 4822791.523127284
12951267.072897572 4822790.262174018
12951261.112422053 4822789.001220915
12951255.151946533 4822787.740267973
12951249.191471018 4822786.47931519
12951243.230995499 4822785.218362563
12951237.27051998 4822783.957410096
12951231.310044464 4822782.696457793
12951225.349568944 4822781.435505642
12951219.389093425 4822780.174553656
12951213.428617906 4822778.913601827
12951207.46814239 4822777.652650156
12951201.507666871 4822776.3916986445
12951195.547191355 4822775.130747294
12951189.58671603 4822773.869794559
12951183.626265025 4822772.608647779
12951177.665814022 4822771.34750116
12951171.705363018 4822770.086354694
12951165.744912015 4822768.825208398
12951159.78446101 4822767.564062252
12951153.824010007 4822766.302916265
12951147.863559002 4822765.041770441
12951141.903108 4822763.780624778
12951135.942656996 4822762.519479272
12951129.982205993 4822761.258333927
12951124.021754988 4822759.997188737
12951118.061303986 4822758.736043713
12951112.100852983 4822757.474898841
12951106.140401978 4822756.21375413
12951100.179950973 4822754.95260958
12951094.21949997 4822753.691465186
12951088.259048969 4822752.430320959
12951082.298340222 4822751.171238626
12951076.33731443 4822749.914692614
12951070.376288636 4822748.6581467595
12951064.415262843 4822747.401601061
12951058.454237051 4822746.145055527
12951052.493211256 4822744.888510146
12951046.532185465 4822743.631964923
12951040.57115967 4822742.375419859
12951034.610133879 4822741.118874952
12951028.649108084 4822739.862330204
12951022.688082293 4822738.605785615
12951016.727056498 4822737.349241182
12951010.766234983 4822736.091064307
12951004.806063196 4822734.827694993
12950998.845891407 4822733.56432583
12950992.885719614 4822732.300956833
12950986.925547827 4822731.037587993
12950980.965376038 4822729.774219317
12950975.005204245 4822728.510850801
12950969.045032458 4822727.247482442
12950963.08486067 4822725.984114245
12950957.124688877 4822724.720746209
12950951.16451709 4822723.457378325
12950945.2043453 4822722.194010609
12950939.244173508 4822720.930643047
12950933.283989279 4822719.667374828
12950927.323795581 4822718.404182199
12950921.363601884 4822717.140989731
12950915.403408187 4822715.877797419
12950909.443214487 4822714.614605272
12950903.48302079 4822713.3514132835
12950897.522827096 4822712.08822145
12950891.562633397 4822710.825029782
12950885.6024397 4822709.561838273
12950879.642246002 4822708.29864692
12950873.682052307 4822707.035455731
12950867.72185861 4822705.772264701
12950861.761664912 4822704.509073828
12950855.801471217 4822703.245883117
12950849.84071328 4822701.987202322
12950843.879684573 4822700.730685856
12950837.918655865 4822699.474169547
12950831.957627159 4822698.217653398
12950825.99659845 4822696.961137405
12950820.035569742 4822695.704621573
12950814.074541036 4822694.448105896
12950808.113512328 4822693.191590386
12950802.15248362 4822691.935075025
12950796.191454912 4822690.678559825
12950790.230426205 4822689.422044781
12950784.269397497 4822688.165529897
12950778.308368789 4822686.909015176
12950772.34734008 4822685.652500605
12950766.386311375 4822684.395986197
12950760.425282666 4822683.139471942
12950754.464253958 4822681.88295785
12950748.503225252 4822680.6264439095
12950742.542382922 4822679.368437504
12950736.581576271 4822678.110145541
12950730.620769618 4822676.851853732
12950724.659962967 4822675.593562081
12950718.699156314 4822674.335270596
12950712.73834966 4822673.076979263
12950706.777543006 4822671.818688087
12950700.816081341 4822670.565654511
12950694.854372999 4822669.314601026
12950688.892664658 4822668.063547695
12950682.930956315 4822666.812494515
12950676.96924797 4822665.561441501
12950671.008300714 4822664.304281508
12950665.047562474 4822663.045444063
12950659.086801855 4822661.786785841
12950653.126041232 4822660.528127781
12950647.16528061 4822659.269469874
12950641.204519987 4822658.01081213
12950635.243759364 4822656.752154544
12950629.282998743 4822655.493497118
12950623.32223812 4822654.234839846
12950617.3614775 4822652.976182733
12950611.400716877 4822651.717525782
12950605.439956255 4822650.458868987
12950599.479195632 4822649.200212354
12950593.518435009 4822647.941555878
12950587.557968523 4822646.680548806
12950581.597525088 4822645.419357652
12950575.637081655 4822644.158166666
12950569.67663822 4822642.896975838
12950563.716194786 4822641.635785167
12950557.75575135 4822640.374594659
12950551.795310624 4822639.113382695
12950545.834870607 4822637.852165222
12950539.874430588 4822636.590947913
12950533.913990572 4822635.3297307575
12950527.953550553 4822634.068513766
12950521.993110536 4822632.807296934
12950516.032670518 4822631.546080261
12950510.072104964 4822630.28586844
12950504.110913856 4822629.030663213
12950498.149722751 4822627.775458142
12950492.189056907 4822626.516048608
12950486.228555692 4822625.255321385
12950480.26805448 4822623.994594319
12950474.307553267 4822622.733867406
12950468.347052058 4822621.47314066
12950462.386550846 4822620.212414074
12950456.426049633 4822618.951687646
12950450.46554842 4822617.690961373
12950444.505047208 4822616.43023526
12950438.544545995 4822615.169509311
12950432.583514804 4822613.91305184
12950426.62047617 4822612.672762049
12950420.656702897 4822611.438618161
12950414.685225714 4822610.26892287
12950408.71107422 4822609.123514224
12950402.726889014 4822608.069225804
12950396.742703808 4822607.014937492
12950390.757781612 4822605.967871266
12950384.76905149 4822604.958119865
12950378.780321373 4822603.948368564
12950372.791591255 4822602.938617367
12950366.802861134 4822601.928866271
12950360.814131016 4822600.919115273
12950354.825400898 4822599.909364381
12950348.836670777 4822598.899613589
12950342.848710448 4822597.882198035
12950336.861222569 4822596.860078325
12950330.873734692 4822595.837958719
12950324.889378132 4822594.785391975
12950318.905456014 4822593.7285864735
12950312.921305342 4822592.673968605
12950306.936235351 4822591.628399388
12950300.957428463 4822590.523823577
12950294.979800778 4822589.408463095
12950289.005533086 4822588.263128075
12950283.031544229 4822587.11530571
12950277.05755537 4822585.967483479
12950271.083566513 4822584.81966137
12950265.109577654 4822583.671839406
12950259.135588795 4822582.524017569
12950253.161599938 4822581.376195855
12950247.187611079 4822580.228374283
12950241.194820995 4822579.272106771
12950235.190449897 4822578.4338310305
12950229.183138566 4822577.633428441
12950223.168969112 4822576.924518625
12950217.151897354 4822576.257598481
12950211.13324223 4822575.615805806
12950205.108599633 4822575.082444893
12950199.079889212 4822574.626432363
12950193.04486182 4822574.470919951
12950187.006006362 4822574.491176294
12950180.969536243 4822574.700886647
12950174.933933903 4822574.95740943
12950168.904179534 4822575.380057047
12950162.87772676 4822575.869018434
12950156.859905694 4822576.517433057
12950150.860159261 4822577.403521488
12950144.87316377 4822578.429658366
12950138.89339016 4822579.5247108415
12950132.930000367 4822580.762141072
12950126.990261732 4822582.178656212
12950121.071205514 4822583.732882309
12950115.164807748 4822585.36633925
12950109.288202036 4822587.172075537
12950103.445667556 4822589.157410593
12950097.611380734 4822591.182501211
12950091.82303168 4822593.415135951
12950086.069282193 4822595.79858587
12950080.355615195 4822598.338385835
12950074.675230894 4822601.0000952585
12950069.060051791 4822603.887518548
12950063.46418687 4822606.838081762
12950057.926958155 4822609.96875982
12950052.470971547 4822613.33320993
12950047.050955912 4822616.793339491
12950041.672848515 4822620.361629353
12950036.388782036 4822624.161466317
12950031.129438302 4822628.017771747
12950025.95828687 4822632.070125198
12950020.854774224 4822636.26498355
12950015.827916065 4822640.6145802485
12950010.871853145 4822645.097973397
12950006.044269498 4822649.812579394
12950001.27586874 4822654.628574585
12949996.605888955 4822659.605033976
12949992.056694483 4822664.7652481925
12949987.604870902 4822670.068692522
12949983.244190486 4822675.4978766125
12949979.018283507 4822681.104826165
12949974.933708863 4822686.886096359
12949970.955441197 4822692.79069513
12949967.103643851 4822698.835737122
12949963.41641337 4822705.051249546
12949959.889557794 4822711.420563047
12949956.480556926 4822717.899372535
12949953.267473646 4822724.543954477
12949950.228095694 4822731.325978871
12949947.324298045 4822738.207944333
12949944.647286352 4822745.243689857
12949942.153895022 4822752.392049873
12949939.895508356 4822759.670387311
12949937.722653601 4822766.992972852
12949935.842795284 4822774.450556152
12949934.14982276 4822781.982778893
12949932.628588205 4822789.578790934
12949931.403516788 4822797.25974854
12949930.32413128 4822804.982494911
12949929.56555242 4822812.766973844
12949928.97071851 4822820.577592676
12949928.656854793 4822828.414027175
12949928.610093376 4822836.260419107
12949928.765386024 4822844.106145556
12949929.20088807 4822851.934279746
12949929.846844831 4822859.736858929
12949930.643549256 4822867.516868285
12949931.765672602 4822875.229371028
12949933.03954076 4822882.898529134
12949934.574070102 4822890.489231731
12949936.41109872 4822897.966463732
12949938.248127343 4822905.443701328
12949940.098616147 4822912.914784417
12949942.271092635 4822920.238513925
12949944.443569122 4822927.562248804
12949946.70001392 4822934.842648025
12949949.030749967 4822942.083246504
12949951.490488347 4822949.251129665
12949954.258988783 4822956.225909257
12949957.304955628 4822962.998981969
12949960.560483292 4822969.610009271
12949963.821176264 4822976.216663773
12949967.16166791 4822982.755699964
12949970.522134406 4822989.27713592
12949973.965687431 4822995.725145579
12949977.477740226 4823002.110519142
12949980.989793029 4823008.495896783
12949984.501845825 4823014.881278514
12949988.04505636 4823021.237365404
12949991.612278586 4823027.570877116
12949995.17950081 4823033.904392851
12949998.778102625 4823040.207803717
12950002.383918567 4823046.504296557
12950006.035323935 4823052.756219366
12950009.689794121 4823059.005149533
12950013.34847682 4823065.24989802
12950017.029006386 4823071.472943186
12950020.70953595 4823077.695992235
12950024.410847807 4823083.898031932
12950028.14598259 4823090.065876698
12950031.913589125 4823096.20016583
12950035.695153316 4823102.320033537
12950039.477210736 4823108.439389983
12950043.295059523 4823114.521084739
12950047.112908307 4823120.602783202
12950050.951809663 4823126.661813379
12950054.839365106 4823132.668450521
12950058.726920553 4823138.675091275
12950062.614475995 4823144.681735642
12950066.50203144 4823150.688383628
12950070.389586886 4823156.695035218
12950074.321694564 4823162.652413777
12950078.261146016 4823168.601673361
12950082.232292967 4823174.515090822
12950086.220607756 4823180.4090960035
12950090.208922539 4823186.303104665
12950094.20635896 4823192.186580681
12950098.240769912 4823198.027351972
12950102.275180861 4823203.868126685
12950106.309591813 4823209.708904813
12950110.344002761 4823215.549686359
12950114.378413714 4823221.390471318
12950118.429374676 4823227.211690927
12950122.52203723 4823232.983605839
12950126.614699788 4823238.755524086
12950130.707362344 4823244.527445668
12950134.8000249 4823250.2993705915
12950138.915336331 4823256.043891052
12950143.052400729 4823261.76209117
12950147.189465128 4823267.480294552
12950151.326529523 4823273.198501221
12950155.463593923 4823278.9167111525
12950159.600658322 4823284.634924365
12950163.736313762 4823290.35485996
12950167.897892606 4823296.042556176
12950172.1003082 4823301.679690094
12950176.302723795 4823307.316827195
12950180.527231608 4823312.925861597
12950184.772818852 4823318.50808174
12950189.018406091 4823324.090305005
12950193.263993334 4823329.6725313915
12950197.509580579 4823335.254760899
12950201.77013689 4823340.817637802
12950206.042443909 4823346.365323572
12950210.314750934 4823351.913012418
12950214.587057956 4823357.4607043555
12950218.859364979 4823363.008399371
12950223.131672 4823368.556097467
12950227.406131977 4823374.100972952
12950231.715257555 4823379.600353945
12950236.024383131 4823385.099737959
12950240.333508706 4823390.599125002
12950244.650121707 4823396.0885660825
12950248.974732855 4823401.567382565
12950253.299344 4823407.046202058
12950257.623955147 4823412.525024554
12950261.975618463 4823417.967515188
12950266.330009604 4823423.40634494
12950270.684400745 4823428.845177657
12950275.038791878 4823434.2840133365
12950279.393183019 4823439.72285198
12950283.74832889 4823445.160668177
12950288.120972315 4823450.574714424
12950292.493615739 4823455.988763604
12950296.866259161 4823461.4028157275
12950301.238902587 4823466.816870784
12950305.61154601 4823472.230928778
12950309.984189434 4823477.644989705
12950314.35683286 4823483.05905357
12950318.745897336 4823488.450578595
12950323.143172426 4823493.8308355035
12950327.540447518 4823499.211095312
12950331.937722612 4823504.591358021
12950336.334997702 4823509.971623635
12950340.732272794 4823515.351892143
12950345.134712253 4823520.725005733
12950349.5471231 4823526.084301849
12950353.959533948 4823531.443600844
12950358.371944796 4823536.802902715
12950362.784355646 4823542.162207463
12950367.196766494 4823547.521515091
12950371.60917734 4823552.880825592
12950376.021588188 4823558.2401389675
12950380.433999037 4823563.599455231
12950384.846409885 4823568.958774359
12950389.26060453 4823574.315613232
12950393.675815307 4823579.671040462
12950398.09102608 4823585.026470567
12950402.506236855 4823590.381903551
12950406.92144763 4823595.7373394
12950411.336658403 4823601.092778121
12950415.751869177 4823606.448219721
12950420.167079952 4823611.803664192
12950424.58080473 4823617.161163079
12950428.986459395 4823622.529893275
12950433.400926799 4823627.886380968
12950437.817068331 4823633.240540091
12950442.23320986 4823638.594702086
12950446.649351388 4823643.948866957
12950451.065492917 4823649.303034695
12950455.481634447 4823654.657205304
12950459.897775976 4823660.0113787865
12950464.313917506 4823665.365555143
12950468.730059035 4823670.719734365
12950473.145798212 4823676.074476713
12950477.5583298 4823681.433688254
12950481.970861387 4823686.7929026745
12950486.383392975 4823692.152119976
12950490.795924563 4823697.511340148
12950495.208456151 4823702.870563201
12950499.62098774 4823708.22978913
12950504.033519326 4823713.589017936
12950508.446050914 4823718.948249621
12950512.858582502 4823724.30748418
12950517.271971384 4823729.665528512
12950521.685989331 4823735.022700236
12950526.100007279 4823740.3798748385
12950530.514025228 4823745.737052311
12950534.928043175 4823751.09423266
12950539.342061125 4823756.45141589
12950543.75607907 4823761.808601986
12950548.170097018 4823767.165790956
12950552.584114967 4823772.522982809
12950556.998132914 4823777.880177535
12950561.41215086 4823783.237375132
12950565.827851616 4823788.592231009
12950570.244936593 4823793.945161174
12950574.662021568 4823799.298094204
12950579.079106549 4823804.651030112
12950583.496191522 4823810.0039688805
12950587.913276501 4823815.356910526
12950592.326492129 4823820.715244482
12950596.739288343 4823826.074165497
12950601.152084557 4823831.433089389
12950605.564880772 4823836.792016152
12950609.977676986 4823842.150945798
12950614.390473198 4823847.50987832
12950618.805440117 4823852.865787136
12950623.21858425 4823858.224241269
12950627.631728387 4823863.582698275
12950632.04487252 4823868.941158162
12950636.458016654 4823874.2996209245
12950640.87116079 4823879.658086558
12950645.284304924 4823885.016555072
12950649.697449062 4823890.375026461
12950654.110593194 4823895.733500725
12950658.52373733 4823901.091977869
12950662.936881462 4823906.450457886
12950667.350025598 4823911.8089407785
12950671.763169734 4823917.167426548
12950676.17631387 4823922.525915197
12950680.589458002 4823927.884406719
12950685.002602138 4823933.242901121
12950689.415746273 4823938.601398394
12950693.828890406 4823943.959898545
12950698.242034541 4823949.318401571
12950702.655178677 4823954.676907479
12950707.071210874 4823960.031392614
12950711.488909282 4823965.3835592475
12950715.90660769 4823970.735728755
12950720.324306099 4823976.087901132
12950724.742004508 4823981.440076377
12950729.159702916 4823986.792254493
12950733.577401325 4823992.144435478
12950737.995099735 4823997.4966193335
12950742.412798142 4824002.848806057
12950746.830030004 4824008.201646217
12950751.246797834 4824013.555136312
12950755.663565665 4824018.90862928
12950760.080333497 4824024.262125116
12950764.497101327 4824029.615623822
12950768.91386916 4824034.969125399
12950773.330636991 4824040.322629848
12950777.747404821 4824045.676137165
12950782.164172651 4824051.029647356
12950786.580940485 4824056.383160422
12950790.997708315 4824061.736676352
12950795.41268635 4824067.092688907
12950799.827055965 4824072.449552051
12950804.241425583 4824077.806418072
12950808.6557952 4824083.163286962
12950813.070164818 4824088.520158729
12950817.484534435 4824093.877033374
12950821.898904053 4824099.233910891
12950826.31327367 4824104.590791281
12950830.727643289 4824109.947674548
12950835.145216057 4824115.3000946725
12950839.564740214 4824120.649796928
12950843.984264372 4824125.999502051
12950848.40378853 4824131.349210046
12950852.823312685 4824136.6989209
12950857.242836844 4824142.048634626
12950861.662361 4824147.398351221
12950866.0827551 4824152.746855774
12950870.503817217 4824158.094430276
12950874.923172077 4824163.444391123
12950879.341351878 4824168.795995307
12950883.76060944 4824174.146098356
12950888.17992208 4824179.496127418
12950892.599234719 4824184.846159345
12950897.018547358 4824190.19619414
12950901.43344468 4824195.5523857325
12950905.846554346 4824200.911071783
12950910.261321373 4824206.26745312
12950914.6763781 4824211.623433974
12950919.091434825 4824216.979417701
12950923.506491555 4824222.335404298
12950927.92154828 4824227.691393773
12950932.336605009 4824233.04738612
12950936.751661735 4824238.403381339
12950941.166683473 4824243.759428174
12950945.58122284 4824249.116149734
12950949.995762205 4824254.472874164
12950954.410301574 4824259.82960147
12950958.82484094 4824265.186331649
12950963.23938031 4824270.5430647
12950967.653919676 4824275.899800634
12950972.068459041 4824281.256539438
12950976.481840929 4824286.614891302
12950980.891852977 4824291.977933882
12950985.301865026 4824297.340979343
12950989.711877076 4824302.704027685
12950994.121889126 4824308.067078908
12950998.52886035 4824313.434352996
12951002.933489867 4824318.804879727
12951007.338119382 4824324.175409351
12951011.7427489 4824329.545941866
12951016.148613667 4824334.914764529
12951020.55498944 4824340.282881537
12951024.961365221 4824345.651001429
12951029.367740996 4824351.019124209
12951033.774116773 4824356.387249878
12951038.18049255 4824361.755378431
12951042.586868325 4824367.12350987
12951046.993244104 4824372.491644203
12951051.399619881 4824377.859781418
12951055.799402101 4824383.236997278
12951060.173762668 4824388.649207896
12951064.548123233 4824394.061421444
12951068.922483802 4824399.473637928
12951073.268317655 4824404.924536775
12951077.6121313 4824410.378177812
12951081.95594494 4824415.831821821
12951086.295510776 4824421.291131263
12951090.598443685 4824426.799276456
12951094.901376594 4824432.307424687
12951099.204309503 4824437.815575965
12951103.507242411 4824443.32373027
12951107.81017532 4824448.831887619
12951112.083659982 4824454.378459829
12951116.335321626 4824459.953500733
12951120.584760722 4824465.531377344
12951124.788298326 4824471.167757935
12951128.991835933 4824476.804141705
12951133.195373537 4824482.440528665
12951137.398911145 4824488.076918805
12951141.585464435 4824493.734383797
12951145.72027889 4824499.4560420755
12951149.855093343 4824505.177703631
12951153.9899078 4824510.8993684715
12951158.088452917 4824516.66461231
12951162.150896186 4824522.473234
12951166.193763772 4824528.30479434
12951170.217104856 4824534.159235754
12951174.240445942 4824540.013680603
12951178.214528266 4824545.924710136
12951182.18829522 4824551.836105419
12951186.144019686 4824557.767669516
12951190.043855898 4824563.761701085
12951193.943692109 4824569.755736253
12951197.84352832 4824575.749775017
12951201.68136419 4824581.810729667
12951205.495911486 4824587.8968216
12951209.310458785 4824593.982917245
12951213.04903895 4824600.147701566
12951216.760284105 4824606.340802666
12951220.471529262 4824612.533907612
12951224.142121715 4824618.767808966
12951227.78898992 4824625.025025607
12951231.393704666 4824631.323583434
12951234.99841941 4824637.622145236
12951238.580511594 4824643.942438133
12951242.152519096 4824650.272420545
12951245.661769165 4824656.661127066
12951249.144937828 4824663.074241212
12951252.595933681 4824669.516679547
12951256.041112848 4824675.964284644
12951259.366637858 4824682.517311923
12951262.692162871 4824689.070343514
12951266.017687885 4824695.623379402
12951269.290243061 4824702.221068824
12951272.534149973 4824708.842882272
12951275.726500021 4824715.506921838
12951278.918850072 4824722.170965849
12951282.078048782 4824728.861353949
12951285.183889387 4824735.594141013
12951288.28972999 4824742.326932623
12951291.395570591 4824749.0597287705
12951294.391935961 4824755.875404114
12951297.363314671 4824762.709999454
12951300.328755923 4824769.548850253
12951303.18326993 4824776.467121411
12951306.037783941 4824783.385397369
12951308.89229795 4824790.3036781205
12951311.679368772 4824797.268220873
12951314.460522663 4824804.236826735
12951317.161933254 4824811.258129304
12951319.832845721 4824818.299119185
12951322.459823295 4824825.368126037
12951325.086800866 4824832.437137908
12951327.732029738 4824839.494536521
12951330.305946622 4824846.595422155
12951332.79979866 4824853.74539984
12951335.257552737 4824860.916553826
12951337.715306811 4824868.087712973
12951340.14354365 4824875.2756838165
12951342.484295376 4824882.512545108
12951344.799479008 4824889.763463378
12951347.099611266 4824897.022418857
12951349.370722108 4824904.296866468
12951351.574513292 4824911.606087447
12951353.762417769 4824918.923518664
12951355.895200254 4824926.268277078
12951357.996187009 4824933.628471855
12951360.001181986 4824941.033957132
12951362.006176967 4824948.43944791
12951364.011171948 4824955.844944175
12951366.016166927 4824963.250445935
12951367.95025767 4824970.687616607
12951369.868858097 4824978.1317102695
