12954030.978477277 4823796.826313129
12954025.488920651 4823793.572391014
12954019.999364026 4823790.318469958
12954014.5098074 4823787.064549965
12954009.01830569 4823783.816224195
12954003.512483396 4823780.609078835
12953998.006661106 4823777.401934506
12953992.500838809 4823774.194791206
12953986.995016519 4823770.987648935
12953981.489194226 4823767.7805077
12953975.983371934 4823764.573367485
12953970.477869114 4823761.3653018745
12953964.972623143 4823758.156492471
12953959.465957886 4823754.951824401
12953953.949255385 4823751.776437754
12953948.432552882 4823748.601052112
12953942.91585038 4823745.425667484
12953937.399147881 4823742.250283864
12953931.881897375 4823739.0765108615
12953926.365575584 4823735.900012507
12953920.84952576 4823732.722716635
12953915.32116747 4823729.58182277
12953909.790537514 4823726.44764811
12953904.259907553 4823723.313474438
12953898.729277594 4823720.17930175
12953893.198647637 4823717.045130042
12953887.668017678 4823713.910959321
12953882.13738772 4823710.776789584
12953876.606757762 4823707.642620834
12953871.062289102 4823704.550049511
12953865.517547375 4823701.458299937
12953859.972805649 4823698.366551317
12953854.42806392 4823695.274803654
12953848.883322194 4823692.1830569515
12953843.338580469 4823689.091311206
12953837.79383874 4823685.999566411
12953832.249097014 4823682.90782258
12953826.704355285 4823679.816079707
12953821.145912766 4823676.76628697
12953815.58354754 4823673.728505739
12953810.02118231 4823670.690725431
12953804.45881708 4823667.652946054
12953798.896451851 4823664.6151675945
12953793.334086623 4823661.577390062
12953787.771721395 4823658.539613455
12953782.209356165 4823655.501837768
12953776.646990938 4823652.464063008
12953771.084625708 4823649.426289175
12953765.518375615 4823646.400570762
12953759.951153295 4823643.377870032
12953754.383930977 4823640.355170209
12953748.816708658 4823637.332471304
12953743.249486338 4823634.309773311
12953737.667841535 4823631.332484638
12953732.083506087 4823628.363610581
12953726.500424461 4823625.390751014
12953720.917342838 4823622.417892328
12953715.33426121 4823619.445034536
12953709.751179587 4823616.472177625
12953704.154831842 4823613.541819135
12953698.556697307 4823610.617185429
12953692.95856277 4823607.692552578
12953687.360428235 4823604.767920584
12953681.761067623 4823601.847263945
12953676.159373108 4823598.934173843
12953670.557678591 4823596.021084588
12953664.955984076 4823593.107996185
12953659.354289562 4823590.194908629
12953653.752595043 4823587.281821928
12953648.150900528 4823584.3687360715
12953642.549206013 4823581.455651069
12953636.947511496 4823578.54256691
12953631.345816981 4823575.62948361
12953625.73519499 4823572.745610355
12953620.122808574 4823569.86751083
12953614.510422155 4823566.989412138
12953608.898035739 4823564.111314276
12953603.285649324 4823561.233217241
12953597.673262905 4823558.355121036
12953592.060876489 4823555.4770256635
12953586.448490072 4823552.59893112
12953580.83538199 4823549.723238965
12953575.20813708 4823546.89459206
12953569.580892174 4823544.065945955
12953563.953647263 4823541.237300654
12953558.326402357 4823538.408656154
12953552.699157447 4823535.580012457
12953547.071912538 4823532.751369557
12953541.44466763 4823529.922727465
12953535.817422722 4823527.094086169
12953530.190177815 4823524.265445681
12953524.55358725 4823521.468551413
12953518.911158 4823518.69149086
12953513.26872875 4823515.91443108
12953507.626299499 4823513.13737207
12953501.983870244 4823510.360313834
12953496.341440992 4823507.583256368
12953490.699011741 4823504.806199674
12953485.05658249 4823502.029143756
12953479.414153239 4823499.252088611
12953473.771723986 4823496.475034238
12953468.129294736 4823493.697980639
12953462.486865483 4823490.920927803
12953456.835878627 4823488.1734971255
12953451.181892943 4823485.4364473615
12953445.52790726 4823482.69939835
12953439.868239472 4823479.982300141
12953434.20614437 4823477.273725052
12953428.544049269 4823474.565150695
12953422.881954163 4823471.856577076
12953417.217972312 4823469.154683814
12953411.552727384 4823466.457262928
12953405.887482457 4823463.759842768
12953400.22223753 4823461.062423339
12953394.556992602 4823458.365004639
12953388.891747676 4823455.667586667
12953383.226502746 4823452.970169424
12953377.56125782 4823450.27275291
12953371.895313779 4823447.577841486
12953366.217580596 4823444.925161772
12953360.539847411 4823442.272482771
12953354.862114228 4823439.619804473
12953349.184381045 4823436.967126877
12953343.506647862 4823434.31444999
12953337.828914676 4823431.6617738055
12953332.151181493 4823429.009098324
12953326.47344831 4823426.356423549
12953320.795715125 4823423.703749479
12953315.105216999 4823421.097834407
12953309.411099238 4823418.505178813
12953303.716981474 4823415.912523893
12953298.022863714 4823413.319869645
12953292.328745954 4823410.727216071
12953286.63462819 4823408.13456317
12953280.94051043 4823405.541910944
12953275.24379313 4823402.958952391
12953269.543694375 4823400.38860306
12953263.843595622 4823397.818254395
12953258.143496865 4823395.247906384
12953252.443398112 4823392.677559042
12953246.74329936 4823390.107212361
12953241.043200605 4823387.536866339
12953235.343101848 4823384.966520979
12953229.637561904 4823382.416678116
12953223.930661382 4823379.871962393
12953218.223760862 4823377.327247326
12953212.516860342 4823374.782532897
12953206.809959821 4823372.237819119
12953201.094187753 4823369.727034769
12953195.376267916 4823367.224465041
12953189.658348083 4823364.721895945
12953183.936199106 4823362.235733583
12953178.212618036 4823359.755127338
12953172.489036966 4823357.2745217215
12953166.765455898 4823354.793916715
12953161.041874828 4823352.313312323
12953155.31829376 4823349.832708549
12953149.59471269 4823347.352105389
12953143.871131621 4823344.871502851
12953138.147550551 4823342.390900929
12953132.423969483 4823339.91029962
12953126.700388413 4823337.429698927
12953120.973195843 4823334.963354364
12953115.235575931 4823332.538169828
12953109.497956017 4823330.112985878
12953103.7603361 4823327.687802515
12953098.022716185 4823325.262619742
12953092.284235599 4823322.84088592
12953086.544056276 4823320.425958856
12953080.803876953 4823318.011032374
12953075.063697629 4823315.596106477
12953069.323518306 4823313.181181159
12953063.583338983 4823310.76625643
12953057.843159663 4823308.351332281
12953052.102980338 4823305.93640872
12953046.362801014 4823303.52148574
12953040.601073554 4823301.195650585
12953034.858772948 4823298.792689381
12953029.103261748 4823296.440230889
12953023.347750546 4823294.087772953
12953017.592239346 4823291.735315569
12953011.836728144 4823289.382858738
12953006.080913901 4823287.031662619
12953000.3192795 4823284.704669224
12952994.557645096 4823282.377676369
12952988.796010694 4823280.050684064
12952983.034376293 4823277.723692297
12952977.27274189 4823275.396701071
12952971.511107488 4823273.069710393
12952965.749473087 4823270.742720254
12952959.987838684 4823268.415730655
12952954.226204282 4823266.088741597
12952948.457599701 4823263.791186505
12952942.686557313 4823261.503926207
12952936.915544478 4823259.216540836
12952931.147432595 4823256.916826202
12952925.379320715 4823254.617112096
12952919.61120883 4823252.317398517
12952913.843096951 4823250.017685473
12952908.074985066 4823247.717972956
12952902.306873186 4823245.418260971
12952896.538761307 4823243.118549515
12952890.760603668 4823240.861900557
12952884.981276637 4823238.610264823
12952879.201949604 4823236.358629599
12952873.422622573 4823234.106994885
12952867.64329554 4823231.855360675
12952861.863968508 4823229.6037269775
12952856.080499366 4823227.370155714
12952850.295948608 4823225.141301416
12952844.51139785 4823222.912447614
12952838.72684709 4823220.68359431
12952832.94229633 4823218.454741504
12952827.151529413 4823216.253437353
12952821.357180947 4823214.068006037
12952815.562832482 4823211.882575198
12952809.768484015 4823209.69714484
12952803.97413555 4823207.51171496
12952798.179787084 4823205.3262855625
12952792.385438617 4823203.140856634
12952786.58972186 4823200.961605202
12952780.788464319 4823198.807367504
12952774.987206778 4823196.65313027
12952769.185949236 4823194.4988934975
12952763.384691695 4823192.344657193
12952757.583434153 4823190.190421349
12952751.782176612 4823188.036185979
12952745.980919067 4823185.881951067
12952740.179661525 4823183.727716621
12952734.373267708 4823181.597029477
12952728.56543642 4823179.472932754
12952722.757605132 4823177.348836487
12952716.949773844 4823175.224740668
12952711.140552742 4823173.1071104845
12952705.32684097 4823171.0103706485
12952699.5131292 4823168.913631255
12952693.699417429 4823166.8168923035
12952687.885705657 4823164.720153794
12952682.071993884 4823162.623415721
12952676.258282114 4823160.526678091
12952670.434985071 4823158.475416304
12952664.610918641 4823156.427805153
12952658.786852209 4823154.380194427
12952652.962785779 4823152.33258412
12952647.138719346 4823150.2849742295
12952641.314652918 4823148.237364767
12952635.490586486 4823146.189755716
12952629.666520055 4823144.142147088
12952623.84066129 4823142.103240056
12952618.008619465 4823140.094350122
12952612.176577643 4823138.085460592
12952606.34453582 4823136.076571457
12952600.512493998 4823134.0676827375
12952594.680452172 4823132.058794413
12952588.84841035 4823130.049906498
12952583.016368527 4823128.041018984
12952577.1843267 4823126.032131877
12952571.352284878 4823124.023245171
12952565.511629116 4823122.057187097
12952559.669368016 4823120.0991110755
12952553.827106915 4823118.141035446
12952547.984845815 4823116.1829601955
12952542.142584715 4823114.224885329
12952536.300323617 4823112.2668108465
12952530.458062517 4823110.30873675
12952524.615907732 4823108.3501273515
12952518.773981635 4823106.390366094
12952512.930219103 4823104.439951162
12952507.080772925 4823102.518461681
12952501.231326748 4823100.5969725745
12952495.381880566 4823098.675483839
12952489.532434389 4823096.753995464
12952483.682988212 4823094.8325074725
12952477.833542034 4823092.911019838
12952471.984095855 4823090.989532582
12952466.134649677 4823089.068045695
12952460.2852035 4823087.146559175
12952454.435757322 4823085.225073027
12952448.580156516 4823083.335645231
12952442.721961906 4823081.459728332
12952436.863767296 4823079.583811781
12952431.005572682 4823077.707895583
12952425.14737807 4823075.8319797395
12952419.289183458 4823073.956064246
12952413.430988846 4823072.080149104
12952407.572794236 4823070.204234312
12952401.714599622 4823068.328319883
12952395.854344398 4823066.463394969
12952389.989051718 4823064.625334938
12952384.123759039 4823062.787275249
12952378.258466363 4823060.949215897
12952372.393173683 4823059.111156884
12952366.527881006 4823057.273098209
12952360.66239562 4823055.436087756
12952354.791621678 4823053.627835433
12952348.920847734 4823051.819583442
12952343.050073791 4823050.011331778
12952337.179299848 4823048.203080441
12952331.308525903 4823046.394829435
12952325.43775196 4823044.586578754
12952319.56697802 4823042.778328397
12952313.696204077 4823040.970078373
12952307.82543013 4823039.161828675
12952301.951868985 4823037.369056045
12952296.07356904 4823035.602597266
12952290.195369085 4823033.835576764
12952284.31717603 4823032.068517777
12952278.434438277 4823030.3272567745
12952272.550369393 4823028.593552155
12952266.666300505 4823026.859847833
12952260.782231621 4823025.126143811
12952254.898162736 4823023.392440091
12952249.014093852 4823021.658736671
12952243.130024966 4823019.925033554
12952237.24595608 4823018.191330744
12952231.354663406 4823016.499630803
12952225.462722264 4823014.811701668
12952219.570781123 4823013.123772822
12952213.67883998 4823011.435844253
12952207.786898838 4823009.747915975
12952201.894957693 4823008.059987982
12952196.003016552 4823006.372060268
12952190.111075409 4823004.684132849
12952184.219134267 4823002.996205707
12952178.327193124 4823001.308278856
12952172.443498505 4822999.575905642
12952166.544447985 4822997.930465133
12952160.645397462 4822996.285024897
12952154.74634694 4822994.639584929
12952148.847296415 4822992.994145238
12952142.948245894 4822991.348705809
12952137.049195372 4822989.703266661
12952131.150144849 4822988.057827776
12952125.251094328 4822986.412389171
12952119.351174789 4822984.7722558025
12952113.448088067 4822983.151457072
12952107.545001343 4822981.530658602
12952101.64191462 4822979.909860395
12952095.738711275 4822978.2897867765
12952089.83096196 4822976.697948473
12952083.923212646 4822975.106110424
12952078.015463328 4822973.51427263
12952072.107714014 4822971.922435085
12952066.199964698 4822970.330597794
12952060.29221538 4822968.738760757
12952054.383163208 4822967.155210524
12952048.468590982 4822965.60676963
12952042.55401876 4822964.058328969
12952036.639446534 4822962.509888556
12952030.72487431 4822960.961448379
12952024.810302086 4822959.413008443
12952018.89572986 4822957.86456875
12952012.981157634 4822956.316129293
12952007.065207103 4822954.7767317
12952001.143237697 4822953.276817818
12951995.221268294 4822951.776904162
12951989.299298888 4822950.276990731
12951983.377329482 4822948.77707753
12951977.45536008 4822947.277164546
12951971.533515258 4822945.776421231
12951965.611775497 4822944.274977732
12951959.690035738 4822942.773534461
12951953.768295977 4822941.272091418
12951947.846570417 4822939.770553998
12951941.924938062 4822938.26839593
12951936.003305705 4822936.766238083
12951930.078284219 4822935.286997242
12951924.15018945 4822933.828537673
12951918.22209468 4822932.370078312
12951912.29399991 4822930.911619165
12951906.36590514 4822929.453160232
12951900.43781037 4822927.9947015075
12951894.509244924 4822926.539506187
12951888.57727609 4822925.107906641
12951882.64530725 4822923.67630731
12951876.713338414 4822922.244708177
12951870.781369574 4822920.813109248
12951864.84940074 4822919.381510532
12951858.917431902 4822917.9499120135
12951852.980932035 4822916.550488597
12951847.04342866 4822915.1581913
12951841.105925284 4822913.765894197
12951835.168421907 4822912.373597284
12951829.230918532 4822910.981300571
12951823.293415157 4822909.58900405
12951817.355911782 4822908.196707724
12951811.418408405 4822906.804411591
12951805.479906008 4822905.419378409
12951799.53906887 4822904.05131871
12951793.598231731 4822902.683259197
12951787.657394595 4822901.315199873
12951781.716557454 4822899.9471407365
12951775.770157091 4822898.620586945
12951769.823389674 4822897.296771779
12951763.876622256 4822895.972956793
12951757.92985484 4822894.64914198
12951751.98308742 4822893.325327338
12951746.036320003 4822892.0015128795
12951740.089552589 4822890.677698592
12951734.142785171 4822889.353884485
12951728.19601775 4822888.030070552
12951722.24746647 4822886.719981299
12951716.296149429 4822885.431171134
12951710.344832383 4822884.142361138
12951704.393515341 4822882.853551311
12951698.442198297 4822881.564741654
12951692.490881255 4822880.275932157
12951686.539564213 4822878.98712283
12951680.588247169 4822877.698313668
12951674.636930127 4822876.409504673
12951668.68561308 4822875.120695845
12951662.731682835 4822873.852522339
12951656.77652799 4822872.594019049
12951650.821373142 4822871.335515915
12951644.866218297 4822870.077012939
12951638.911063451 4822868.818510128
12951632.955908604 4822867.5600074725
12951627.000753758 4822866.301504971
12951621.045598913 4822865.0430026315
12951615.090444064 4822863.784500453
12951609.135289218 4822862.525998434
12951603.180134373 4822861.267496569
12951597.224979525 4822860.008994864
12951591.26982468 4822858.750493318
12951585.314669834 4822857.491991927
12951579.359514985 4822856.233490702
12951573.404360142 4822854.97498963
12951567.449205296 4822853.716488718
12951561.49405045 4822852.45798797
12951555.538895601 4822851.199487372
12951549.583740756 4822849.940986937
12951543.62858591 4822848.682486661
12951537.673343945 4822847.424683462
12951531.717978062 4822846.167871729
12951525.762612179 4822844.9110601535
12951519.807246294 4822843.654248736
12951513.85188041 4822842.397437475
12951507.896514524 4822841.140626374
12951501.94114864 4822839.883815427
12951495.985782756 4822838.627004639
12951490.030416872 4822837.370194018
12951484.074872838 4822836.114810579
12951478.11931151 4822834.859565829
12951472.163750183 4822833.604321236
12951466.208188854 4822832.3490768
12951460.252627524 4822831.093832517
12951454.297066195 4822829.838588401
12951448.341504868 4822828.583344435
12951442.38594354 4822827.328100631
12951436.430382213 4822826.072856981
12951430.474820884 4822824.817613494
12951424.519259555 4822823.562370162
12951418.563698228 4822822.3071269905
12951412.608298423 4822821.050591694
12951406.653306322 4822819.790794739
12951400.698314223 4822818.53099794
12951394.743322123 4822817.2712013
12951388.788330026 4822816.011404823
12951382.833337924 4822814.751608499
12951376.878345823 4822813.491812337
12951370.923353724 4822812.232016335
12951364.968361624 4822810.972220489
12951359.013369523 4822809.7124248035
12951353.058377424 4822808.452629277
12951347.103385324 4822807.192833909
12951341.148393223 4822805.933038702
12951335.193401124 4822804.673243651
12951329.238409024 4822803.41344876
12951323.283416923 4822802.1536540305
12951317.328424824 4822800.893859454
12951311.373432724 4822799.634065042
12951305.418440623 4822798.374270785
12951299.463448524 4822797.11447669
12951293.508456424 4822795.854682755
12951287.553464325 4822794.594888975
12951281.598472225 4822793.335095356
12951275.643480124 4822792.075301899
12951269.688488025 4822790.815508594
12951263.733495925 4822789.555715455
12951257.778503824 4822788.295922468
12951251.823511725 4822787.036129645
12951245.868519625 4822785.776336981
12951239.913527522 4822784.5165444715
12951233.958535425 4822783.256752126
12951228.003543325 4822781.99695994
12951222.048551222 4822780.737167908
12951216.093559125 4822779.477376037
12951210.138567023 4822778.217584323
12951204.183574922 4822776.957792772
12951198.228582826 4822775.69800138
12951192.273590723 4822774.438210143
12951186.31861226 4822773.178310198
12951180.36364465 4822771.918323712
12951174.408677043 4822770.658337384
12951168.453709433 4822769.398351217
12951162.498741828 4822768.138365213
12951156.543774217 4822766.878379366
12951150.58880661 4822765.618393674
12951144.633839004 4822764.358408143
12951138.678871393 4822763.098422771
12951132.723903786 4822761.838437561
12951126.768936178 4822760.578452512
12951120.81396857 4822759.318467612
12951114.859000964 4822758.058482876
12951108.904033354 4822756.798498301
12951102.949065747 4822755.538513883
12951096.994098138 4822754.2785296235
12951091.039130531 4822753.018545523
12951085.08416292 4822751.758561587
12951079.128631936 4822750.503084424
12951073.173090069 4822749.247694473
12951067.217548199 4822747.992304676
12951061.262006328 4822746.736915045
12951055.30646446 4822745.481525563
12951049.35092259 4822744.226136243
12951043.395380722 4822742.970747078
12951037.439838855 4822741.71535807
12951031.484296985 4822740.459969224
12951025.528755117 4822739.204580536
12951019.57321325 4822737.9491920015
12951013.617671378 4822736.693803625
12951007.662778467 4822735.433228927
12951001.708089817 4822734.171021949
12950995.753401166 4822732.908815122
12950989.798712516 4822731.646608462
12950983.844023867 4822730.384401958
12950977.889335213 4822729.122195618
12950971.934646564 4822727.859989441
12950965.979957914 4822726.597783416
12950960.025269262 4822725.335577549
12950954.07058061 4822724.073371843
12950948.11589196 4822722.8111663
12950942.16120331 4822721.548960915
12950936.206512958 4822720.2867692495
12950930.251802418 4822719.024738634
12950924.29709188 4822717.762708176
12950918.342381341 4822716.500677875
12950912.387670806 4822715.238647738
12950906.432960266 4822713.976617758
12950900.478249727 4822712.71458794
12950894.523539191 4822711.452558284
12950888.568828654 4822710.190528781
12950882.614118116 4822708.928499445
12950876.659407577 4822707.666470263
12950870.704697037 4822706.404441242
12950864.7499865 4822705.142412379
12950858.795275964 4822703.880383679
12950852.840421377 4822702.619506436
12950846.884876598 4822701.36414584
12950840.929331817 4822700.108785404
12950834.973787038 4822698.853425121
12950829.018242257 4822697.598064997
12950823.062697478 4822696.342705032
12950817.107152695 4822695.087345224
12950811.151607914 4822693.831985577
12950805.196063135 4822692.5766260885
12950799.240518352 4822691.321266754
12950793.284973573 4822690.065907576
12950787.329428792 4822688.810548561
12950781.373884013 4822687.5551897
12950775.418339232 4822686.299830997
12950769.46279445 4822685.044472452
12950763.50724967 4822683.789114064
12950757.55170489 4822682.533755838
12950751.59616011 4822681.278397765
12950745.640686287 4822680.02247157
12950739.68536336 4822678.765337106
12950733.73004043 4822677.508202797
12950727.774717499 4822676.251068646
12950721.81939457 4822674.993934653
12950715.86407164 4822673.736800821
12950709.908748712 4822672.479667149
12950703.953245252 4822671.223982627
12950697.997021463 4822669.974079981
12950692.040797673 4822668.724177493
12950686.084573884 4822667.47427516
12950680.128350094 4822666.22437298
12950674.172364669 4822664.972558261
12950668.217124712 4822663.714761844
12950662.261852821 4822662.457221066
12950656.306575878 4822661.199720838
12950650.351298936 4822659.94222077
12950644.396021994 4822658.684720857
12950638.440745052 4822657.427221101
12950632.485468112 4822656.169721507
12950626.53019117 4822654.912222073
12950620.574914228 4822653.654722795
12950614.619637284 4822652.3972236775
12950608.664360346 4822651.139724711
12950602.709083404 4822649.882225909
12950596.75380646 4822648.624727266
12950590.7986512 4822647.366256288
12950584.843691153 4822646.106225311
12950578.888731109 4822644.846194482
12950572.933771063 4822643.586163815
12950566.978811018 4822642.326133307
12950561.02385097 4822641.066102959
12950555.068891756 4822639.806066136
12950549.113935124 4822638.54600885
12950543.158978492 4822637.285951726
12950537.20402186 4822636.025894763
12950531.249065228 4822634.7658379525
12950525.294108596 4822633.505781304
12950519.339151962 4822632.245724814
12950513.38419533 4822630.985668487
12950507.428780112 4822629.729282472
12950501.473073082 4822628.475232059
12950495.517506065 4822627.220061033
12950489.562488293 4822625.9604935385
12950483.607470525 4822624.700926203
12950477.652452752 4822623.441359027
12950471.697434982 4822622.181792018
12950465.742417214 4822620.922225159
12950459.787399443 4822619.662658462
12950453.83238167 4822618.403091926
12950447.8773639 4822617.143525545
12950441.922346132 4822615.883959325
12950435.96732836 4822614.624393265
12950430.010685807 4822613.377912986
12950424.05313295 4822612.138764277
12950418.091220059 4822610.936090362
12950412.125236416 4822609.7674712045
12950406.151142184 4822608.672507668
12950400.172462208 4822607.619189197
12950394.193782236 4822606.565870841
12950388.212433575 4822605.538703687
12950382.229212867 4822604.529881263
12950376.24599216 4822603.521058936
12950370.262771454 4822602.512236713
12950364.279550746 4822601.503414594
12950358.296330037 4822600.494592573
12950352.313109329 4822599.485770661
12950346.329936149 4822598.476475596
12950340.34795654 4822597.455296135
12950334.36597693 4822596.4341167845
12950328.384989519 4822595.403289943
12950322.406668313 4822594.346538486
12950316.42811673 4822593.291992128
12950310.449135134 4822592.241601752
12950304.471601319 4822591.177797584
12950298.499287179 4822590.065161066
12950292.528372884 4822588.939994871
12950286.559879875 4822587.793228381
12950280.591386866 4822586.6464620195
12950274.622893859 4822585.499695797
12950268.65440085 4822584.352929703
12950262.68590784 4822583.206163738
12950256.717414832 4822582.05939791
12950250.748921823 4822580.912632207
12950244.779767489 4822579.77260446
12950238.780920196 4822578.935099862
12950232.7820729 4822578.09759533
12950226.777159553 4822577.338227476
12950220.766568797 4822576.658241398
12950214.755032523 4822575.991934818
12950208.740598962 4822575.371607133
12950202.718190994 4822574.901634031
12950196.694830969 4822574.454794098
12950190.661575293 4822574.491176294
12950184.629165167 4822574.572985353
12950178.598866992 4822574.812367661
12950172.56929532 4822575.084928497
12950166.54545198 4822575.515619418
12950160.528655266 4822576.096176906
12950154.521687051 4822576.82300564
12950148.534698334 4822577.7905961955
12950142.556699188 4822578.849681382
12950136.58922851 4822580.002834742
12950130.640310781 4822581.307167673
12950124.710499456 4822582.752249543
12950118.802766688 4822584.344128786
12950112.913381707 4822586.044638786
12950107.057611596 4822587.930046098
12950101.220452031 4822589.913554873
12950095.400692241 4822591.980934013
12950089.642217705 4822594.318522602
12950083.902738366 4822596.734796211
12950078.20425351 4822599.3109773
12950072.55290139 4822602.05499108
12950066.958159994 4822604.990278604
12950061.38646027 4822607.997482276
12950055.88911955 4822611.22539883
12950050.43815225 4822614.58675419
12950045.04587508 4822618.104219155
12950039.71380639 4822621.770400386
12950034.434601055 4822625.566742179
12950029.206572333 4822629.479973362
12950024.071679436 4822633.5964313485
12950019.009588938 4822637.86156942
12950014.002333723 4822642.235919844
12950009.095827239 4822646.797726408
12950004.30538057 4822651.564244215
12949999.578865966 4822656.436947303
12949994.932568828 4822661.438322275
12949990.445961168 4822666.680963718
12949986.017765962 4822672.0065916525
12949981.723340284 4822677.51378054
12949977.552796746 4822683.179062556
12949973.496422086 4822688.983370583
12949969.577318735 4822694.944881197
12949965.779991407 4822701.037347143
12949962.118140869 4822707.269449835
12949958.678848315 4822713.712314556
12949955.32367101 4822720.228449748
12949952.188943768 4822726.927943121
12949949.206137976 4822733.743470647
12949946.385989439 4822740.674014642
12949943.764312344 4822747.735714173
12949941.339357777 4822754.914893029
12949939.124639599 4822762.20933857
12949937.019594312 4822769.557297788
12949935.221476965 4822777.042735562
12949933.625017831 4822784.60329757
12949932.111522185 4822792.1941417
12949931.033129672 4822799.909779511
12949930.018320441 4822807.637657369
12949929.338862343 4822815.429592714
12949928.811173469 4822823.240498815
12949928.57743556 4822831.076555359
12949928.63695639 4822838.917499344
12949928.891243257 4822846.75079062
12949929.36484909 4822854.56837394
12949930.090851 4822862.353360668
12949931.019310893 4822870.099527232
12949932.140401926 4822877.804936751
12949933.52891893 4822885.433953699
12949935.184159644 4822892.972470073
12949937.019498266 4822900.442825149
12949938.854836889 4822907.9131858125
12949940.814114382 4822915.326830893
12949942.984592274 4822922.6438246025
12949945.163406737 4822929.956520678
12949947.446245866 4822937.215528793
12949949.814698648 4822944.427622548
12949952.36710168 4822951.53062882
12949955.197063422 4822958.455865869
12949958.35618857 4822965.133729037
12949961.608721267 4822971.738675841
12949964.89369842 4822978.316133068
12949968.231116936 4822984.849154957
12949971.61944877 4822991.337309475
12949975.08359936 4822997.7576559475
12949978.5924212 4823004.137156497
12949982.10124304 4823010.516661127
12949985.610064877 4823016.896169825
12949989.167402266 4823023.230061384
12949992.73134278 4823029.557747765
12949996.300140794 4823035.880777359
12949999.90263952 4823042.171474929
12950003.517202344 4823048.45038108
12950007.168310553 4823054.693559761
12950010.819418764 4823060.9367423495
12950014.482770663 4823067.167763416
12950018.159914274 4823073.385084801
12950021.837057887 4823079.602410057
12950025.551661741 4823085.781862682
12950029.283540802 4823091.94384791
12950033.061626093 4823098.058082958
12950036.839840153 4823104.1721873
12950040.629238704 4823110.274528396
12950044.44357521 4823116.350629335
12950048.257911714 4823122.426733967
12950052.114142248 4823128.45772567
12950055.998121286 4823134.458837999
12950059.88210032 4823140.459953942
12950063.766079357 4823146.461073491
12950067.65005839 4823152.462196645
12950071.541971227 4823158.454548292
12950075.47779853 4823164.398332275
12950079.413625835 4823170.3421198
12950083.395398568 4823176.233949375
12950087.380044252 4823182.122533303
12950091.364689933 4823188.011120704
12950095.371772978 4823193.87379485
12950099.40247242 4823199.709193836
12950103.43317186 4823205.544596233
12950107.463871302 4823211.380002035
12950111.494570743 4823217.215411249
12950115.525270185 4823223.050823877
12950119.589025151 4823228.847154974
12950123.677922608 4823234.613760883
12950127.766820066 4823240.380370118
12950131.855717523 4823246.146982683
12950135.944614982 4823251.91359858
12950140.068538276 4823257.637832429
12950144.201796725 4823263.350772922
12950148.335055176 4823269.063716684
12950152.468313627 4823274.776663706
12950156.60157208 4823280.489614002
12950160.734830528 4823286.202567568
12950164.864476422 4823291.919932176
12950169.042248646 4823297.577598762
12950173.240798173 4823303.209547593
12950177.4393477 4823308.841499595
12950181.67162633 4823314.430544361
12950185.913307788 4823320.007629907
12950190.154989248 4823325.584718569
12950194.396670705 4823331.161810343
12950198.638352163 4823336.738905236
12950202.902082078 4823342.287493532
12950207.170458736 4823347.830076445
12950211.438835394 4823353.372662435
12950215.707212051 4823358.915251505
12950219.97558871 4823364.457843653
12950224.243965363 4823370.000438874
12950228.524046803 4823375.527674999
12950232.829208141 4823381.021997545
12950237.13436948 4823386.516323111
12950241.439530818 4823392.010651699
12950245.756140014 4823397.489771853
12950250.076772679 4823402.963548793
12950254.397405338 4823408.437328734
12950258.722844219 4823413.904656257
12950263.073229477 4823419.338480274
12950267.423614739 4823424.772307246
12950271.773999996 4823430.206137182
12950276.124385256 4823435.6399700735
12950280.474770516 4823441.073805916
12950284.8304274 4823446.500482475
12950289.199048154 4823451.909548725
12950293.567668907 4823457.318617906
12950297.93628966 4823462.727690013
12950302.304910414 4823468.136765054
12950306.673531167 4823473.545843028
12950311.04215192 4823478.954923935
12950315.410772674 4823484.3640077645
12950319.801728796 4823489.742433942
12950324.194958556 4823495.117741909
12950328.588188317 4823500.49305277
12950332.981418077 4823505.8683665255
12950337.374647839 4823511.2436831705
12950341.7678776 4823516.619002718
12950346.169822434 4823521.98224605
12950350.578174027 4823527.336612487
12950354.986525618 4823532.690981795
12950359.394877212 4823538.045353975
12950363.803228803 4823543.399729025
12950368.211580396 4823548.754106949
12950372.619931987 4823554.108487739
12950377.02828358 4823559.4628714025
12950381.436635174 4823564.817257943
12950385.844986765 4823570.17164735
12950390.255753234 4823575.522677996
12950394.666902177 4823580.873179073
12950399.07805112 4823586.223683024
12950403.489200063 4823591.574189844
12950407.900349004 4823596.924699528
12950412.31149795 4823602.275212082
12950416.72264689 4823607.625727504
12950421.133795833 4823612.976245789
12950425.541298008 4823618.331820622
12950429.944607379 4823623.693241017
12950434.35565841 4823629.043903627
12950438.76773725 4823634.39313774
12950443.179816093 4823639.742374723
12950447.591894934 4823645.0916145705
12950452.003973775 4823650.440857278
12950456.416052617 4823655.790102859
12950460.828131458 4823661.1393513065
12950465.2402103 4823666.488602615
12950469.652289141 4823671.837856796
12950474.063215084 4823677.188719168
12950478.471687304 4823682.5430010315
12950482.880159527 4823687.897285763
12950487.288631747 4823693.251573372
12950491.69710397 4823698.605863851
12950496.10557619 4823703.960157201
12950500.514048412 4823709.314453419
12950504.922520632 4823714.668752514
12950509.330992851 4823720.02305448
12950513.739465075 4823725.377359317
12950518.149089945 4823730.7300628675
12950522.55904716 4823736.0823067585
12950526.969004374 4823741.434553522
12950531.378961587 4823746.786803156
12950535.788918803 4823752.13905566
12950540.198876016 4823757.491311033
12950544.608833227 4823762.843569275
12950549.01879044 4823768.195830383
12950553.428747656 4823773.548094364
12950557.838704867 4823778.900361216
12950562.248662082 4823784.252630936
12950566.660880521 4823789.601753041
12950571.073901942 4823794.949759246
12950575.486923363 4823800.297768312
12950579.899944784 4823805.645780247
12950584.312966207 4823810.993795041
12950588.725617943 4823816.342327624
12950593.134354547 4823821.69631628
12950597.543091152 4823827.050307809
12950601.951827753 4823832.4043022115
12950606.360564357 4823837.758299487
12950610.769300962 4823843.112299626
12950615.178037563 4823848.466302643
12950619.589006646 4823853.817195985
12950623.99809085 4823859.170721046
12950628.407175057 4823864.524248974
12950632.81625926 4823869.877779776
12950637.225343464 4823875.231313454
12950641.634427669 4823880.584849996
12950646.043511873 4823885.9383894075
12950650.45259608 4823891.291931699
12950654.861680282 4823896.6454768535
12950659.270764487 4823901.999024883
12950663.679848691 4823907.352575779
12950668.088932896 4823912.706129551
12950672.498017102 4823918.059686189
12950676.907101305 4823923.413245702
12950681.316185508 4823928.766808082
12950685.725269714 4823934.12037334
12950690.134353919 4823939.473941467
12950694.543438125 4823944.82751246
12950698.952522328 4823950.181086323
12950703.36160653 4823955.534663063
12950707.77430363 4823960.883209191
12950712.187937917 4823966.230452486
12950716.601572206 4823971.577698644
12950721.015206493 4823976.924947673
12950725.428840782 4823982.27219956
12950729.842475073 4823987.61945431
12950734.256109359 4823992.966711925
12950738.66974365 4823998.313972409
12950743.083377939 4824003.661235755
12950747.496405277 4824009.009348312
12950751.909109848 4824014.357913826
12950756.321814412 4824019.706482205
12950760.73451898 4824025.0550534455
12950765.147223547 4824030.403627552
12950769.559928115 4824035.7522045225
12950773.972632684 4824041.100784365
12950778.38533725 4824046.4493670715
12950782.798041819 4824051.797952645
12950787.210746387 4824057.14654108
12950791.623450952 4824062.495132385
12950796.034028165 4824067.846690632
12950800.444336722 4824073.19862606
12950804.854645282 4824078.550564361
12950809.26495384 4824083.902505526
12950813.6752624 4824089.254449566
12950818.085570961 4824094.606396475
12950822.49587952 4824099.958346251
12950826.90618808 4824105.310298891
12950831.316496642 4824110.662254411
12950835.730691196 4824116.008794713
12950840.146149555 4824121.353575825
12950844.561607914 4824126.6983597865
12950848.977066271 4824132.043146619
12950853.39252463 4824137.387936311
12950857.807982985 4824142.732728863
12950862.223441344 4824148.0775242755
12950866.639963482 4824153.420836946
12950871.056958385 4824158.763492245
12950875.47188806 4824164.109033618
12950879.886087874 4824169.455596852
12950884.301334908 4824174.800701569
12950888.71658194 4824180.145809153
12950893.131828973 4824185.490919594
12950897.547076005 4824190.836032902
12950901.957171585 4824196.188329003
12950906.366221353 4824201.542085596
12950910.77715597 4824206.893220746
12950915.188151004 4824212.244274623
12950919.599146042 4824217.5953313755
12950924.010141078 4824222.946390991
12950928.421136117 4824228.29745348
12950932.832131155 4824233.648518834
12950937.243126191 4824238.99958706
12950941.654029123 4824244.350786437
12950946.064507278 4824249.7025803225
12950950.47498543 4824255.054377078
12950954.885463584 4824260.406176703
12950959.295941737 4824265.7579791965
12950963.706419893 4824271.109784559
12950968.116898043 4824276.4615927925
12950972.5273762 4824281.8134038905
12950976.936230395 4824287.167476978
12950981.342185395 4824292.525586052
12950985.748140397 4824297.883697996
12950990.154095395 4824303.2418128215
12950994.560050394 4824308.599930525
12950998.962434735 4824313.963006373
12951003.363012156 4824319.328592702
12951007.763589576 4824324.6941819135
12951012.164166996 4824330.059774017
12951016.566145133 4824335.423426824
12951020.968467206 4824340.786605632
12951025.370789282 4824346.149787326
12951029.773111355 4824351.512971901
12951034.175433427 4824356.87615935
12951038.577755501 4824362.239349685
12951042.980077574 4824367.602542903
12951047.382399647 4824372.965739001
12951051.78472172 4824378.3289379785
12951056.177681671 4824383.705026413
12951060.54801799 4824389.112258245
12951064.918354305 4824394.519493005
12951069.288153542 4824399.927458926
12951073.62797104 4824405.376080081
12951077.967788532 4824410.824704208
12951082.307606027 4824416.273331311
12951086.63990375 4824421.731985461
12951090.93887812 4824427.235063607
12951095.237852488 4824432.738144782
12951099.53682686 4824438.241228993
12951103.835801225 4824443.744316242
12951108.134775596 4824449.247406514
12951112.400481137 4824454.793895154
12951116.648231406 4824460.363807452
12951120.890261613 4824465.941012994
12951125.089932121 4824471.57220855
12951129.289602624 4824477.203407284
12951133.489273133 4824482.8346092
12951137.688943638 4824488.465814283
12951141.866951345 4824494.123898609
12951145.997961922 4824499.840293394
12951150.128972499 4824505.556691452
12951154.25998308 4824511.273092783
12951158.350063799 4824517.038672483
12951162.40876977 4824522.841950672
12951166.445453925 4824528.671033444
12951170.465093683 4824534.520089202
12951174.482038794 4824540.372243599
12951178.452150024 4824546.278197338
12951182.422261257 4824552.184154562
12951186.370045153 4824558.11506959
12951190.266293658 4824564.103587076
12951194.162542162 4824570.0921081565
12951198.058790667 4824576.080632832
12951201.888409534 4824582.141069427
12951205.699447589 4824588.221562581
12951209.510485644 4824594.302059437
12951213.240234653 4824600.466757278
12951216.9480656 4824606.654161151
12951220.65581618 4824612.841649501
12951224.320993148 4824619.071861774
12951227.961432576 4824625.3263364695
12951231.562831115 4824631.619100048
12951235.164229656 4824637.911867586
12951238.741531251 4824644.227782238
12951242.31025264 4824650.55194148
12951245.812375356 4824656.938418942
12951249.292177778 4824663.345780939
12951252.738747338 4824669.783433177
12951256.175724713 4824676.229540491
12951259.498190366 4824682.776539405
12951262.820656018 4824689.32354261
12951266.143121671 4824695.870550109
12951269.409657778 4824702.464705929
12951272.64868691 4824709.081978368
12951275.838100115 4824715.739887422
12951279.027513321 4824722.397800919
12951282.18091011 4824729.084334864
12951285.283893453 4824735.81092816
12951288.386876797 4824742.537525992
12951291.48986014 4824749.264128358
12951294.479409847 4824756.076606486
12951297.448055003 4824762.904914388
12951300.407537358 4824769.739786835
12951303.259425316 4824776.6516935695
12951306.11131328 4824783.563605092
12951308.963201242 4824790.475521398
12951311.745891308 4824797.4349032035
12951314.524486642 4824804.397098313
12951317.221351994 4824811.413302865
12951319.888430344 4824818.44869333
12951322.512991192 4824825.511197067
12951325.137552043 4824832.573705801
12951327.781420752 4824839.623928695
12951330.349800777 4824846.720244262
12951332.840497442 4824853.864149356
12951335.295990473 4824861.028706236
12951337.751483504 4824868.193268252
12951340.176490832 4824875.375193392
12951342.51411375 4824882.605933166
12951344.827167498 4824889.850180922
12951347.124683328 4824897.102725512
12951349.393704833 4824904.370480958
12951351.594641207 4824911.673405101
12951353.780532895 4824918.984104593
12951355.910764191 4824926.322398141
12951358.00909866 4824933.676161256
12951360.012249118 4824941.074833794
12951362.015399575 4824948.473511816
12951364.018550033 4824955.87219532
12951366.021700494 4824963.270884312
12951367.953787753 4824970.701313189
12951369.870623142 4824978.138558563
