12986251.350816963 4832306.924964304
12986247.550224524 4832310.1559870485
12986243.74255139 4832313.372510476
12986239.962285774 4832316.643648355
12986236.182020156 4832319.914787319
12986232.401754536 4832323.185927343
12986228.621488916 4832326.457068454
12986224.841223298 4832329.728210623
12986221.060957678 4832332.999353876
12986217.284934439 4832336.278778485
12986213.509718029 4832339.5597789455
12986209.734501619 4832342.840780492
12986205.959285207 4832346.121783118
12986202.184068799 4832349.4027868165
12986198.40885239 4832352.683791599
12986194.633635977 4832355.964797464
12986190.858419567 4832359.245804409
12986187.083203157 4832362.52681243
12986183.309281744 4832365.810319675
12986179.5564883 4832369.134585469
12986175.803694855 4832372.458852378
12986172.050901413 4832375.78312039
12986168.298107969 4832379.107389513
12986164.545314526 4832382.431659743
12986160.792521082 4832385.75593108
12986157.039727638 4832389.08020353
12986153.286968756 4832392.404543121
12986149.53424893 4832395.728958445
12986145.7815291 4832399.05337488
12986142.028809272 4832402.377792422
12986138.276089443 4832405.702211067
12986134.530911444 4832409.040980867
12986130.78817698 4832412.38440117
12986127.045442518 4832415.7278226
12986123.302708056 4832419.07124515
12986119.56325169 4832422.420852038
12986115.831434363 4832425.784869007
12986112.099617038 4832429.148887101
12986108.36779971 4832432.5129063325
12986104.635982387 4832435.876926703
12986100.904165061 4832439.240948202
12986097.172347734 4832442.604970839
12986093.445876911 4832445.97899195
12986089.724205965 4832449.361989411
12986086.00253502 4832452.74498802
12986082.280864075 4832456.12798778
12986078.559193129 4832459.510988689
12986074.83752218 4832462.893990736
12986071.115851238 4832466.276993941
12986067.39418029 4832469.659998292
12986063.682968495 4832473.062365238
12986059.975778718 4832476.472178709
12986056.26858894 4832479.881993348
12986052.561399164 4832483.29180915
12986048.854209386 4832486.701626116
12986045.147019608 4832490.111444254
12986041.439829834 4832493.52126355
12986037.732640058 4832496.93108402
12986034.025450278 4832500.340905656
12986030.33303892 4832503.777740776
12986026.642733118 4832507.218425664
12986022.952427313 4832510.659111736
12986019.26212151 4832514.099798999
12986015.571815709 4832517.540487453
12986011.881509906 4832520.981177086
12986008.1912041 4832524.421867915
12986004.501984214 4832527.864529629
12986000.813907253 4832531.309265642
12985997.12583029 4832534.754002846
12985993.437753327 4832538.198741239
12985989.749676367 4832541.643480822
12985986.070608642 4832545.104465179
12985982.39543901 4832548.5724789705
12985978.720269375 4832552.040493969
12985975.045099743 4832555.508510165
12985971.377286762 4832558.989678712
12985967.710833287 4832562.473278792
12985964.044379812 4832565.956880092
12985960.377926337 4832569.440482611
12985956.711472861 4832572.924086347
12985953.045019386 4832576.407691292
12985949.381000988 4832579.895628146
12985945.718970655 4832583.387101906
12985942.056940319 4832586.8785768915
12985938.394909985 4832590.370053097
12985934.732879652 4832593.861530521
12985931.082711363 4832597.373962977
12985927.433633698 4832600.888323206
12985923.784556031 4832604.402684667
12985920.135478364 4832607.917047373
12985916.486400697 4832611.431411316
12985912.83732303 4832614.945776496
12985909.188245364 4832618.460142914
12985905.551183093 4832621.995521178
12985901.915351924 4832625.533053438
12985898.279520752 4832629.070586955
12985894.643689584 4832632.608121728
12985891.007858416 4832636.145657758
12985887.374308836 4832639.6871583965
12985883.742450781 4832643.2315986445
12985880.110592723 4832646.7760401545
12985876.478734665 4832650.320482921
12985872.846876608 4832653.864926951
12985869.21501855 4832657.409372237
12985865.585761948 4832660.958325938
12985861.960057715 4832664.513413744
12985858.338355685 4832668.075410062
12985854.716653654 4832671.637407648
12985851.094951624 4832675.199406514
12985847.473249597 4832678.761406652
12985843.855124481 4832682.329530366
12985840.24803759 4832685.916548579
12985836.6409507 4832689.503568084
12985833.033863813 4832693.090588881
12985829.42677692 4832696.677610965
12985825.819690032 4832700.264634342
12985822.214178374 4832703.854325901
12985818.621552443 4832707.465834472
12985815.028926512 4832711.077344357
12985811.43630058 4832714.688855556
12985807.843674649 4832718.300368056
12985804.251048718 4832721.911881864
12985800.658422789 4832725.523396976
12985797.065796858 4832729.1349134
12985793.473170927 4832732.746431137
12985789.880544996 4832736.357950178
12985786.287919065 4832739.969470528
12985782.704257753 4832743.596010025
12985779.125532683 4832747.23082021
12985775.546807613 4832750.865631721
12985771.968082545 4832754.500444557
12985768.389357474 4832758.135258719
12985764.810632406 4832761.770074205
12985761.244291054 4832765.425412635
12985757.681107866 4832769.085985939
12985754.117924677 4832772.74656059
12985750.554741489 4832776.407136582
12985746.9915583 4832780.067713925
12985743.428375112 4832783.728292604
12985739.865249922 4832787.388968192
12985736.302139463 4832791.049669394
12985732.739029 4832794.710371947
12985729.17591854 4832798.37107583
12985725.612808079 4832802.031781065
12985722.04384775 4832805.682717712
12985718.48823454 4832809.355744684
12985714.93262133 4832813.02877302
12985711.392792376 4832816.727506272
12985707.854477407 4832820.428706327
12985704.316162437 4832824.129907749
12985700.777847467 4832827.831110546
12985697.2395325 4832831.532314723
12985693.70121753 4832835.233520267
12985690.162902562 4832838.934727187
12985686.624587592 4832842.635935486
12985683.086272623 4832846.337145151
12985679.55379987 4832850.047771677
12985676.02696772 4832853.767490148
12985672.50013557 4832857.48721001
12985668.973303419 4832861.206931253
12985665.44647127 4832864.926653888
12985661.919639118 4832868.64637791
12985658.400449771 4832872.378301784
12985654.889300773 4832876.123060025
12985651.378151773 4832879.8678196855
12985647.867002774 4832883.612580743
12985644.355853776 4832887.357343216
12985640.844704777 4832891.102107089
12985637.333555775 4832894.84687237
12985633.825441923 4832898.596440445
12985630.323694047 4832902.356080474
12985626.821946174 4832906.115721927
12985623.3201983 4832909.875364792
12985619.818450425 4832913.635009079
12985616.316702552 4832917.394654779
12985612.814954678 4832921.154301896
12985609.313206805 4832924.913950438
12985605.81584688 4832928.680475275
12985602.33209433 4832932.468321094
12985598.848341778 4832936.2561683515
12985595.364589227 4832940.04401704
12985591.880836675 4832943.831867175
12985588.397084124 4832947.619718747
12985584.913331572 4832951.407571759
12985581.429579021 4832955.19542621
12985577.945826469 4832958.983282101
12985574.464189 4832962.774411641
12985570.99866395 4832966.590469927
12985567.533138901 4832970.406529672
12985564.067613851 4832974.222590882
12985560.602088798 4832978.038653544
12985557.140827488 4832981.86124956
12985553.685443679 4832985.69285115
12985550.23005987 4832989.52445421
12985546.774676058 4832993.356058741
12985543.31929225 4832997.187664751
12985539.86390844 4833001.019272227
12985536.40852463 4833004.850881177
12985532.953140818 4833008.682491601
12985529.497757008 4833012.514103497
12985526.042373197 4833016.345716865
12985522.586989386 4833020.177331708
12985519.141610458 4833024.024141849
12985515.701519897 4833027.878984601
12985512.261429336 4833031.7338288585
12985508.821338778 4833035.588674599
12985505.381248217 4833039.443521823
12985501.941157656 4833043.298370546
12985498.501067095 4833047.153220759
12985495.071444795 4833051.0237702895
12985491.653160125 4833054.911322837
12985488.234875457 4833058.7988768965
12985484.816590786 4833062.686432475
12985481.398306115 4833066.573989569
12985477.980021445 4833070.461548179
12985474.561736777 4833074.349108301
12985471.143452106 4833078.236669944
12985467.725167437 4833082.124233102
12985464.306882765 4833086.011797779
12985460.893363275 4833089.906420652
12985457.490344236 4833093.816595028
12985454.087325195 4833097.7267709365
12985450.684306152 4833101.6369483825
12985447.281287113 4833105.54712736
12985443.878268074 4833109.457307868
12985440.475249033 4833113.367489913
12985437.072229993 4833117.2776734885
12985433.669210954 4833121.187858603
12985430.271463068 4833125.105762659
12985426.887244292 4833129.043476
12985423.503025515 4833132.981190896
12985420.118806738 4833136.918907348
12985416.73458796 4833140.856625357
12985413.35241627 4833144.797314138
12985409.977457618 4833148.748466736
12985406.602498965 4833152.699620902
12985403.227540312 4833156.650776628
12985399.852581663 4833160.601933923
12985396.47762301 4833164.553092781
12985393.102664359 4833168.504253211
12985389.739284897 4833172.472057268
12985386.382785177 4833176.449750735
12985383.026285458 4833180.42744579
12985379.66978574 4833184.4051424395
12985376.313286023 4833188.382840669
12985372.956786305 4833192.360540486
12985369.600286584 4833196.338241888
12985366.243786864 4833200.315944884
12985362.887287147 4833204.293649464
12985359.530787429 4833208.27135563
12985356.174287708 4833212.249063385
12985352.826729698 4833216.239486388
12985349.484548178 4833220.237555498
12985346.142366655 4833224.235626206
12985342.800185135 4833228.233698519
12985339.45800361 4833232.231772437
12985336.11582209 4833236.229847955
12985332.773640566 4833240.227925079
12985329.431459045 4833244.226003801
12985326.09177475 4833248.227590697
12985322.773619939 4833252.259410471
12985319.455465127 4833256.291231879
12985316.137310311 4833260.323054921
12985312.819155497 4833264.354879592
12985309.50472715 4833268.391886571
12985306.193297599 4833272.43306424
12985302.881868048 4833276.474243541
12985299.570438497 4833280.515424487
12985296.259008946 4833284.556607067
12985292.947579391 4833288.5977912815
12985289.636149844 4833292.638977142
12985286.32472029 4833296.680164636
12985283.0147862 4833300.723412869
12985279.726614337 4833304.796627175
12985276.438442474 4833308.869843145
12985273.150270611 4833312.943060782
12985269.862098746 4833317.016280083
12985266.573926883 4833321.089501042
12985263.285755021 4833325.162723669
12985259.997583158 4833329.235947963
12985256.709411295 4833333.309173922
12985253.433826087 4833337.399514727
12985250.16182513 4833341.494730472
12985246.889824172 4833345.589947896
12985243.617823217 4833349.685167009
12985240.34582226 4833353.7803877955
12985237.073821304 4833357.875610268
12985233.801820347 4833361.970834422
12985230.52981939 4833366.066060263
12985227.257818434 4833370.161287779
12985223.987904096 4833374.259323501
12985220.73375764 4833378.378568843
12985217.479611183 4833382.49781589
12985214.225464722 4833386.617064636
12985210.971318265 4833390.736315085
12985207.717171809 4833394.855567231
12985204.463025352 4833398.974821087
12985201.208878893 4833403.094076643
12985197.96067652 4833407.221233339
12985194.726692596 4833411.367287459
12985191.492708672 4833415.513343307
12985188.258724747 4833419.659400877
12985185.024740826 4833423.805460173
12985181.790756902 4833427.951521192
12985178.556772977 4833432.097583929
12985175.336016685 4833436.261027591
12985172.118269991 4833440.42842717
12985168.9005233 4833444.59582849
12985165.68277661 4833448.763231551
12985162.465029921 4833452.930636361
12985159.247283228 4833457.098042907
12985156.03359024 4833461.270737915
12985152.823276522 4833465.44784182
12985149.612962805 4833469.624947472
12985146.402649084 4833473.8020548755
12985143.192335367 4833477.979164027
12985139.98202165 4833482.1562749315
12985136.771707932 4833486.33338758
12985133.562741479 4833490.512244079
12985130.372532796 4833494.715357194
12985127.182324115 4833498.918472088
12985123.992115434 4833503.12158875
12985120.801906753 4833507.324707189
12985117.611698069 4833511.527827395
12985114.421489388 4833515.730949374
12985111.235960005 4833519.940058692
12985108.060531402 4833524.162090296
12985104.885102797 4833528.384123682
12985101.70967419 4833532.606158863
12985098.534245586 4833536.828195829
12985095.358816981 4833541.05023458
12985092.183388377 4833545.272275121
12985089.007959772 4833549.494317452
12985085.840946209 4833553.727023353
12985082.681760626 4833557.969649045
12985079.522575047 4833562.2122765435
12985076.363389466 4833566.454905842
12985073.204203887 4833570.697536949
12985070.045018308 4833574.940169863
12985066.885832725 4833579.182804581
12985063.741863754 4833583.444524966
12985060.599655358 4833587.708455192
12985057.457446959 4833591.972387239
12985054.315238563 4833596.236321115
12985051.173030164 4833600.500256817
12985048.030821769 4833604.7641943395
12985044.888613373 4833609.028133683
12985041.746404974 4833613.292074856
12985038.621621441 4833617.5775837395
12985035.50585485 4833621.874254292
12985032.390088262 4833626.1709267
12985029.274321673 4833630.467600956
12985026.158555083 4833634.76427707
12985023.042788494 4833639.06095503
12985019.928800447 4833643.359814506
12985016.818936644 4833647.66373026
12985013.709072845 4833651.967647865
12985010.59920904 4833656.271567325
12985007.489345241 4833660.575488647
12985004.379481437 4833664.8794118315
12985001.269617634 4833669.183336871
12984998.159753833 4833673.487263768
12984995.04989003 4833677.791192522
12984991.96368132 4833682.123792999
12984988.884727139 4833686.465187828
12984985.805772962 4833690.806584543
12984982.726818783 4833695.147983152
12984979.647864606 4833699.489383654
12984976.56891043 4833703.830786045
12984973.489956252 4833708.172190322
12984970.411002073 4833712.513596499
12984967.332047896 4833716.855004559
12984964.255150475 4833721.198874913
12984961.188679982 4833725.555220402
12984958.122209491 4833729.911567798
12984955.055738997 4833734.267917094
12984951.989268508 4833738.624268293
12984948.922798017 4833742.980621397
12984945.856327523 4833747.336976409
12984942.789857032 4833751.693333315
12984939.737090897 4833756.065934514
12984936.68913242 4833760.444235661
12984933.641173946 4833764.822538727
12984930.593215471 4833769.2008437235
12984927.545256997 4833773.579150639
12984924.497298522 4833777.957459475
12984921.449340047 4833782.335770234
12984918.408317817 4833786.722217079
12984915.377339138 4833791.1204439625
12984912.345984748 4833795.518234309
12984909.314230563 4833799.91556002
12984906.282476382 4833804.312887669
12984903.2507222 4833808.710217254
12984900.220300484 4833813.10909684
12984897.204517804 4833817.524985952
12984894.188735126 4833821.940877016
12984891.172952443 4833826.356770035
12984888.157169763 4833830.772665011
12984885.141387084 4833835.188561945
12984882.125604404 4833839.6044608345
12984879.109821722 4833844.0203616815
12984876.09403904 4833848.436264479
12984873.078256361 4833852.852169243
12984870.072144492 4833857.279162172
12984867.085553557 4833861.728535067
12984864.09896262 4833866.177909955
12984861.112371683 4833870.627286826
12984858.125780744 4833875.07666568
12984855.139189808 4833879.526046525
12984852.154224608 4833883.9772760505
12984849.169359416 4833888.428621173
12984846.184494223 4833892.879968278
12984843.199629031 4833897.331317371
12984840.214763837 4833901.782668456
12984837.249381902 4833906.255961256
12984834.292360047 4833910.738670186
12984831.335338186 4833915.221381132
12984828.378316328 4833919.704094097
12984825.42129447 4833924.186809074
12984822.464272613 4833928.669526071
12984819.507250754 4833933.152245079
12984816.550228896 4833937.634966104
12984813.593207035 4833942.117689149
12984810.63618518 4833946.600414204
12984807.67916332 4833951.083141281
12984804.740997015 4833955.586774207
12984801.809316132 4833960.09759911
12984798.877635248 4833964.608426052
12984795.945954366 4833969.119255041
12984793.014273481 4833973.630086067
12984790.0825926 4833978.140919135
12984787.150911715 4833982.651754243
12984784.223315433 4833987.167058293
12984781.312963901 4833991.701223166
12984778.402612373 4833996.23539011
12984775.492260844 4834000.769559115
12984772.581909312 4834005.303730184
12984769.671557784 4834009.837903312
12984766.761206253 4834014.372078501
12984763.850854723 4834018.906255754
12984760.940503195 4834023.4404350715
12984758.030151663 4834027.974616451
12984755.119800134 4834032.508799894
12984752.218046384 4834037.052248665
12984749.337571846 4834041.618625786
12984746.457097309 4834046.185005003
12984743.57662277 4834050.751386306
12984740.696148232 4834055.317769706
12984737.815673692 4834059.884155193
12984734.935199155 4834064.450542777
12984732.054724617 4834069.016932447
12984729.174250077 4834073.583324211
12984726.30960098 4834078.166537838
12984723.446076624 4834082.7509489795
12984720.58255227 4834087.335362237
12984717.71902791 4834091.919777598
12984714.855503557 4834096.504195063
12984711.991979202 4834101.088614646
12984709.128454844 4834105.673036333
12984706.264930489 4834110.257460125
12984703.413646711 4834114.854755866
12984700.570463954 4834119.460571199
12984697.727281196 4834124.066388668
12984694.884098442 4834128.672208256
12984692.040915685 4834133.2780299755
12984689.197732927 4834137.883853829
12984686.36804116 4834142.5036915755
12984683.546884224 4834147.132395762
12984680.725727288 4834151.761102104
12984677.904570352 4834156.389810593
12984675.083413415 4834161.018521228
12984672.262256483 4834165.647234017
12984669.441099545 4834170.27594895
12984666.61994261 4834174.90466604
12984663.798785673 4834179.533385276
12984660.977628738 4834184.162106658
12984658.1564718 4834188.790830192
12984655.357330242 4834193.442062555
12984652.568952259 4834198.1043008715
12984649.780574273 4834202.766541366
12984646.99219629 4834207.428784043
12984644.203818304 4834212.091028899
12984641.41544032 4834216.753275939
12984638.627062334 4834221.41552516
12984635.838684347 4834226.077776555
12984633.050306363 4834230.740030136
12984630.261928378 4834235.402285895
12984627.489114115 4834240.080215362
12984624.720603634 4834244.7624806175
12984621.952093149 4834249.444748075
12984619.183582665 4834254.127017729
12984616.415072184 4834258.80928958
12984613.646561703 4834263.491563633
12984610.87805122 4834268.173839887
12984608.109540734 4834272.85611834
12984605.341030257 4834277.538398989
12984602.574328296 4834282.222489629
12984599.811359761 4834286.910314381
12984597.048391229 4834291.598141343
12984594.285422696 4834296.285970499
12984591.522454161 4834300.97380187
12984588.759485628 4834305.661635437
12984585.996517096 4834310.349471222
12984583.233548565 4834315.037309196
12984580.47058003 4834319.725149387
12984577.707611497 4834324.412991772
12984574.944642965 4834329.100836375
12984572.18167443 4834333.788683168
12984569.418842621 4834338.476668615
12984566.656135244 4834343.164780439
12984563.893427867 4834347.852894468
12984561.130720489 4834352.541010704
12984558.36801311 4834357.229129144
12984555.605305733 4834361.9172497885
12984552.842598356 4834366.605372638
12984550.079890978 4834371.293497694
12984547.3171836 4834375.9816249525
12984544.554476222 4834380.669754412
12984541.791768845 4834385.357886086
12984539.029061466 4834390.046019957
12984536.26635409 4834394.73415604
12984533.50364671 4834399.422294324
12984530.740939334 4834404.110434809
12984527.978231955 4834408.798577503
12984525.215308672 4834413.486506945
12984522.452329753 4834418.174383061
12984519.689350832 4834422.862261389
12984516.926371912 4834427.550141918
12984514.16339299 4834432.238024656
12984511.400414072 4834436.925909589
12984508.637435153 4834441.613796737
12984505.87445623 4834446.301686081
12984503.111477312 4834450.989577637
12984500.348498393 4834455.677471394
12984497.58551947 4834460.365367358
12984494.822540551 4834465.053265523
12984492.05878247 4834469.740388074
12984489.294919048 4834474.427407675
12984486.531055627 4834479.114429472
12984483.767192211 4834483.801453478
12984481.003328793 4834488.488479687
12984478.239465373 4834493.175508097
12984475.475601954 4834497.862538717
12984472.711738536 4834502.549571542
12984469.947875116 4834507.236606566
12984467.184011696 4834511.923643796
12984464.420148278 4834516.610683225
12984461.65628486 4834521.297724865
12984458.89242144 4834525.984768706
12984456.128558021 4834530.671814748
12984453.364694603 4834535.358863001
12984450.600831183 4834540.045913453
12984447.836967763 4834544.73296611
12984445.073104344 4834549.420020975
12984442.309240926 4834554.107078036
12984439.545377506 4834558.794137305
12984436.781514088 4834563.481198782
12984434.017650668 4834568.168262455
12984431.25378725 4834572.855328336
12984428.48992383 4834577.542396425
12984425.726060411 4834582.229466715
12984422.96219699 4834586.916539207
12984420.198333573 4834591.603613904
12984417.434470156 4834596.290690805
12984414.670606734 4834600.977769913
12984411.90669647 4834605.664804442
12984409.142774276 4834610.351829268
12984406.37885208 4834615.038856289
12984403.614929888 4834619.725885524
12984400.851007694 4834624.4129169565
12984398.087085502 4834629.099950595
12984395.323163308 4834633.786986442
12984392.559241112 4834638.474024485
12984389.795128698 4834643.160874694
12984387.029490579 4834647.846202804
12984384.263852464 4834652.5315331165
12984381.498214345 4834657.21686563
12984378.732576227 4834661.9022003515
12984375.966938108 4834666.587537271
12984373.201299991 4834671.272876392
12984370.435661873 4834675.958217718
12984367.670023754 4834680.643561244
12984364.904385636 4834685.328906973
12984362.138747517 4834690.014254908
12984359.373109398 4834694.699605046
12984356.60747128 4834699.384957379
12984353.841833163 4834704.070311921
12984351.076195044 4834708.755668659
12984348.310556926 4834713.441027608
12984345.544918807 4834718.1263887575
12984342.779280689 4834722.811752105
12984340.01364257 4834727.497117656
12984337.248004453 4834732.182485415
12984334.482366335 4834736.867855366
12984331.716728216 4834741.553227529
12984328.951090097 4834746.238601893
12984326.185451979 4834750.923978457
12984323.41981386 4834755.609357224
12984320.654175742 4834760.294738192
12984317.888537625 4834764.980121364
12984315.123351485 4834769.665958077
12984312.361173384 4834774.354800796
12984309.59899528 4834779.043645722
12984306.836817179 4834783.732492856
12984304.07463908 4834788.421342194
12984301.31246098 4834793.110193741
12984298.550282879 4834797.799047485
12984295.78810478 4834802.487903442
12984293.02592668 4834807.176761598
12984290.263748579 4834811.865621968
12984287.50157048 4834816.554484542
12984284.73939238 4834821.243349321
12984281.977214279 4834825.932216303
12984279.215036178 4834830.621085496
12984276.452858077 4834835.309956891
12984273.690679977 4834839.998830488
12984270.928501876 4834844.687706297
12984268.166323775 4834849.376584314
12984265.404145675 4834854.065464531
12984262.641967574 4834858.754346954
12984259.879789477 4834863.443231588
12984257.117611377 4834868.132118423
12984254.355433276 4834872.821007469
12984251.593255175 4834877.50989871
12984248.831077075 4834882.198792168
12984246.068898974 4834886.8876878265
12984243.306720873 4834891.5765856905
12984240.544542773 4834896.2654857645
12984237.782364674 4834900.954388041
12984235.020186573 4834905.643292527
12984232.258008473 4834910.33219921
12984229.495830372 4834915.021108108
12984226.733652271 4834919.710019205
12984223.97147417 4834924.398932515
12984221.209296074 4834929.087848029
12984218.445121646 4834933.774772959
12984215.680808293 4834938.461561414
12984212.916494936 4834943.148352077
12984210.152181583 4834947.835144932
12984207.387868227 4834952.52194
12984204.623554876 4834957.208737268
12984201.85924152 4834961.895536743
12984199.094928166 4834966.582338422
12984196.33061481 4834971.269142301
12984193.566301458 4834975.955948391
12984190.8019881 4834980.642756674
12984188.037674747 4834985.329567169
12984185.273361394 4834990.016379867
12984182.509048037 4834994.70319477
12984179.744734684 4834999.390011872
12984176.980421329 4835004.0768311815
12984174.216107978 4835008.763652695
12984171.451794622 4835013.4504764145
12984168.687481267 4835018.137302335
12984165.923167912 4835022.824130454
12984163.158854559 4835027.510960784
12984160.394541202 4835032.197793313
12984157.630227849 4835036.884628051
12984154.865914496 4835041.571464993
12984152.10160114 4835046.258304139
12984149.337287785 4835050.945145488
12984146.57297443 4835055.631989041
12984143.808661079 4835060.318834797
12984141.045624966 4835065.006958022
12984138.282706512 4835069.695200926
12984135.519788058 4835074.383446037
12984132.756869603 4835079.071693356
12984129.993951146 4835083.759942873
12984127.23103269 4835088.448194603
12984124.468114236 4835093.136448536
12984121.705195779 4835097.824704672
12984118.942277323 4835102.512963015
12984116.17935887 4835107.201223562
12984113.416440412 4835111.889486318
12984110.653521957 4835116.577751273
12984107.890603503 4835121.266018437
12984105.127685046 4835125.954287808
12984102.364766592 4835130.642559379
12984099.601848137 4835135.330833162
12984096.83892968 4835140.019109147
12984094.076011226 4835144.707387337
12984091.31309277 4835149.395667733
12984088.550174313 4835154.083950333
12984085.787255859 4835158.77223514
12984083.024337403 4835163.460522152
12984080.261418946 4835168.148811373
12984077.49850049 4835172.837102789
12984074.735582037 4835177.525396422
12984071.97266358 4835182.213692254
12984069.209745124 4835186.901990293
12984066.44665063 4835191.590114577
12984063.6785843 4835196.273271503
12984060.910517968 4835200.956430623
12984058.142451638 4835205.639591952
12984055.374385308 4835210.32275548
12984052.60631898 4835215.005921205
12984049.83825265 4835219.689089135
12984047.07018632 4835224.372259261
12984044.299490131 4835229.052796668
12984041.528308623 4835233.732850021
12984038.75712711 4835238.412905574
12984035.985945601 4835243.092963317
12984033.214764088 4835247.773023262
12984030.44358258 4835252.453085405
12984027.672401069 4835257.133149747
12984024.901219558 4835261.813216282
12984022.130038047 4835266.493285018
12984019.358856538 4835271.173355955
12984016.587675026 4835275.853429083
12984013.816493517 4835280.53350441
12984011.045312004 4835285.213581939
12984008.274130495 4835289.893661663
12984005.502948983 4835294.573743581
12984002.731767474 4835299.2538277
12983999.960585963 4835303.933914021
12983997.189404454 4835308.614002534
12983994.401207441 4835313.276943658
12983991.61257954 4835317.939452676
12983988.82395164 4835322.601963878
12983986.035323737 4835327.264477259
12983983.246695833 4835331.92699282
12983980.458067931 4835336.589510562
12983977.66944003 4835341.252030486
12983974.880812129 4835345.914552598
12983972.092184225 4835350.577076884
12983969.292348098 4835355.228213137
12983966.492489947 4835359.87932918
12983963.692631798 4835364.530447391
12983960.892773647 4835369.18156778
12983958.092915496 4835373.832690333
12983955.293057343 4835378.483815059
12983952.493199196 4835383.134941953
12983949.693341043 4835387.78607102
12983946.893482892 4835392.43720226
12983944.084251724 4835397.0787088275
12983941.258850116 4835401.703609209
12983938.433448508 4835406.328511737
12983935.6080469 4835410.95341641
12983932.782645293 4835415.57832323
12983929.957243683 4835420.203232193
12983927.131842073 4835424.828143309
12983924.306440465 4835429.453056568
12983921.481038857 4835434.077971969
12983918.65092573 4835438.6979888985
12983915.807321757 4835443.30397564
12983912.963717787 4835447.909964515
12983910.120113816 4835452.515955513
12983907.276509844 4835457.121948637
12983904.432905873 4835461.7279439
12983901.581183068 4835466.325385887
12983898.710810592 4835470.90317748
12983895.840438116 4835475.480971179
12983892.970065644 4835480.0587669825
12983890.099693168 4835484.636564886
12983887.22240792 4835489.207000355
12983884.341098491 4835493.773150746
12983881.459789056 4835498.339303228
12983878.578479623 4835502.905457802
12983875.697170189 4835507.47161447
12983872.815860756 4835512.037773223
12983869.934551321 4835516.603934078
12983867.053241888 4835521.170097017
12983864.167233836 4835525.731213711
12983861.26769007 4835530.277789309
12983858.368146306 4835534.8243669765
12983855.46860254 4835539.370946722
12983852.552560918 4835543.899551854
12983849.623051537 4835548.413484062
12983846.69354216 4835552.927418316
12983843.76403278 4835557.441354614
12983840.834523402 4835561.955292963
12983837.905014025 4835566.469233349
12983834.975504644 4835570.983175781
12983832.042090818 4835575.49279727
12983829.08787171 4835579.979385296
12983826.133652601 4835584.465975334
12983823.179433497 4835588.952567399
12983820.225214388 4835593.439161475
12983817.270995283 4835597.925757577
12983814.316776175 4835602.412355701
12983811.362557067 4835606.898955838
12983808.385847932 4835611.36027239
12983805.40412896 4835615.815958351
12983802.422409985 4835620.271646306
12983799.440691011 4835624.727336254
12983796.458972035 4835629.183028195
12983793.477253063 4835633.638722125
12983790.482918035 4835638.080036731
12983787.481881963 4835642.513714644
12983784.480845891 4835646.94739453
12983781.479809819 4835651.381076392
12983778.478773747 4835655.814760218
12983775.477737676 4835660.248446022
12983772.476701604 4835664.6821338
12983769.475665532 4835669.115823549
12983766.474629458 4835673.54951527
12983763.473593386 4835677.983208957
12983760.447825665 4835682.388268663
12983757.413418539 4835686.783327024
12983754.379011413 4835691.178387324
12983751.344604291 4835695.573449562
12983748.310197165 4835699.968513739
12983745.27579004 4835704.3635798525
12983742.261627538 4835708.781411186
12983739.360880502 4835713.32677011
12983736.460133465 4835717.872131106
12983733.55938643 4835722.417494175
12983730.658639397 4835726.962859316
12983727.757892359 4835731.508226528
12983724.857145322 4835736.0535958195
12983721.956398286 4835740.59896718
12983719.055651251 4835745.144340613
12983716.154682541 4835749.689475825
12983713.244129902 4835754.224223957
12983710.319273684 4835758.74327764
12983707.376603147 4835763.2427842375
12983704.433932617 4835767.742292868
12983701.491262084 4835772.241803523
12983698.54859155 4835776.741316215
12983695.592718758 4835781.226115064
12983692.628840527 4835785.701992669
12983689.664962297 4835790.177872291
12983686.689086417 4835794.640172398
12983683.69389009 4835799.0806034515
12983680.698693763 4835803.521036486
12983677.701996785 4835807.959740566
12983674.674660182 4835812.363105213
12983671.647323577 4835816.766471805
12983668.619986974 4835821.169840347
12983665.59265037 4835825.57321083
12983662.565313766 4835829.976583259
12983659.537977163 4835834.379957634
12983656.505348649 4835838.777152917
12983653.46787018 4835843.168685314
12983650.431370765 4835847.561366313
12983647.394901106 4835851.954084097
12983644.341540664 4835856.326880918
12983641.280387096 4835860.690487558
12983638.219233532 4835865.054096113
12983635.139393587 4835869.395340916
12983632.054077148 4835873.7300328165
12983628.968760708 4835878.064726596
12983625.883444272 4835882.399422263
12983622.798127832 4835886.734119813
12983619.712811394 4835891.068819251
12983616.619762683 4835895.394141487
12983613.514266131 4835899.7043665815
12983610.408769576 4835904.01459355
12983607.303273024 4835908.324822383
12983604.185306117 4835912.619770362
12983601.065966882 4835916.913038369
12983597.946627647 4835921.206308221
12983594.82728841 4835925.499579926
12983591.707949175 4835929.792853482
12983588.58860994 4835934.086128887
12983585.469270704 4835938.37940614
12983582.349931467 4835942.672685245
12983579.232488206 4835946.968297414
12983576.116143828 4835951.265262584
12983572.999799453 4835955.562229612
12983569.883455077 4835959.859198485
12983566.767110704 4835964.156169219
12983563.650766328 4835968.4531418
12983560.534421952 4835972.750116239
12983557.418077577 4835977.047092531
12983554.317173498 4835981.362852601
12983551.21660008 4835985.679057721
12983548.12297797 4835990.003761566
12983545.029355854 4835994.328467293
12983541.977123449 4835998.702348536
12983538.949270636 4836003.105196241
12983535.938626315 4836007.527551835
12983533.00349577 4836012.035504797
12983530.134662464 4836016.6145537365
12983527.318230191 4836021.248922395
12983524.51345738 4836025.895331199
12983521.72490685 4836030.558116378
12983518.975038804 4836035.259573928
12983516.30302649 4836040.036684934
12983513.638188204 4836044.820482795
12983511.024607878 4836049.652043843
12983508.411027553 4836054.483607222
12983505.848439137 4836059.361067177
12983503.297584614 4836064.249090363
12983500.756116599 4836069.145199055
12983498.296880158 4836074.112123104
12983495.837643716 4836079.079049627
12983493.378407277 4836084.045978623
12983490.967405418 4836089.052423232
12983488.590050561 4836094.086433547
12983486.21269571 4836099.1204464
12983483.897327252 4836104.202564166
12983481.624942616 4836109.318040631
12983479.35255798 4836114.433519725
12983477.113795025 4836119.573506553
12983474.949964974 4836124.768110803
12983472.790428791 4836129.965686445
12983470.700695893 4836135.211362688
12983468.667347373 4836140.49451249
12983466.633998852 4836145.777665092
12983464.600650331 4836151.060820494
12983462.598234646 4836156.363561405
12983460.660069834 4836161.7069805665
12983458.72190502 4836167.050402595
12983456.803247413 4836172.40543116
12983454.967244914 4836177.809629217
12983453.131242413 4836183.213830207
12983451.295239914 4836188.618034134
12983449.501068378 4836194.0456092
12983447.75586371 4836199.500541806
12983446.010659043 4836204.9554774035
12983444.330828756 4836210.444808331
12983442.687325504 4836215.952886028
12983441.090322627 4836221.484202387
12983439.49331975 4836227.015521819
12983437.896316873 4836232.546844317
12983436.380422534 4836238.116159745
12983434.903048595 4836243.703520583
12983433.425674656 4836249.290884563
12983431.983871672 4836254.893778626
12983430.574064972 4836260.51064244
12983429.178248554 4836266.133276075
12983427.83301182 4836271.776907167
12983426.50677647 4836277.427967463
12983425.24076673 4836283.102567978
12983423.974756988 4836288.77717173
12983422.739118382 4836294.462833427
12983421.55970202 4836300.168962578
12983420.38028566 4836305.875094988
12983419.236333238 4836311.593359475
12983418.10812516 4836317.317011864
12983416.979917083 4836323.0406675385
12983415.857981909 4836328.766372705
12983414.778774789 4836334.506018915
12983413.699567668 4836340.245668428
12983412.658249477 4836345.997146701
12983411.620078012 4836351.749610412
12983410.581906544 4836357.5020774435
12983409.543735078 4836363.254547791
12983408.50354198 4836369.006402715
12983407.463138767 4836374.758196643
12983406.422735551 4836380.509993892
12983405.382332336 4836386.261794461
12983404.341929121 4836392.013598349
12983403.279501515 4836397.758312291
12983402.13895181 4836403.4778691875
12983400.998402106 4836409.197429374
12983399.741071457 4836414.875361214
12983398.483121447 4836420.553075493
12983397.112319825 4836426.185861552
12983395.714459138 4836431.807877318
12983394.200282054 4836437.376986271
12983392.573795477 4836442.89325851
12983390.833342476 4836448.35089841
12983389.005169736 4836453.759419799
12983387.037735822 4836459.084696442
12983384.965867419 4836464.3414151305
12983382.71184325 4836469.469222829
12983380.350461893 4836474.515139182
12983377.897195384 4836479.4872637475
12983375.272726089 4836484.3068471495
12983372.59577017 4836489.079283506
12983369.69701924 4836493.627154897
12983366.696871031 4836498.059806604
12983363.625694145 4836502.411747532
12983360.367094148 4836506.525488041
12983357.073638521 4836510.59133302
12983353.647535665 4836514.468562828
12983350.139548978 4836518.218367543
12983346.549976593 4836521.833682664
12983342.863451924 4836525.282376448
12983339.147038536 4836528.675901617
12983335.313953243 4836531.841981342
12983331.408014845 4836534.854129153
12983327.464742897 4836537.781265874
12983323.446152817 4836540.528691286
12983319.387623888 4836543.177143098
12983315.270336868 4836545.66588486
12983311.107037775 4836548.020190094
12983306.90940213 4836550.271571656
12983302.669166734 4836552.382349401
12983298.38808593 4836554.349325068
12983294.085777773 4836556.233985037
12983289.741184605 4836557.947465892
12983285.36272699 4836559.5083564725
12983280.952097284 4836560.9060357455
12983276.513495572 4836562.145850019
12983272.063489182 4836563.317012831
12983267.596961975 4836564.375158492
12983263.112099351 4836565.291050711
12983258.621194668 4836566.157323724
12983254.109401746 4836566.815804519
12983249.583912436 4836567.285355195
12983245.055350576 4836567.701075145
12983240.520937249 4836567.992676869
12983235.98243179 4836568.147756447
12983231.443478046 4836568.218167607
12983226.903761538 4836568.144513466
12983222.369556466 4836567.8544694185
12983217.836933238 4836567.519238255
12983213.31023688 4836567.066026604
12983208.789828282 4836566.520803189
12983204.283591855 4836565.8071979545
12983199.791385613 4836564.952992724
12983195.316360302 4836563.960293741
12983190.851536952 4836562.888913997
12983186.409506522 4836561.67040639
12983181.977631116 4836560.389357566
12983177.580196958 4836558.919808985
12983173.229891628 4836557.229528456
12983168.896752456 4836555.470568195
12983164.621786112 4836553.480895073
12983160.370521208 4836551.40899523
12983156.144969996 4836549.247887639
12983151.963922575 4836546.947310491
12983147.805341484 4836544.5763268685
12983143.692498546 4836542.074445788
12983139.658295117 4836539.365472242
12983135.651971847 4836536.586374847
12983131.707184572 4836533.662796352
12983127.838619014 4836530.570020457
12983124.044975935 4836527.326610629
12983120.342316778 4836523.908112408
12983116.675969707 4836520.42328547
12983113.113694353 4836516.760227744
12983109.65265868 4836512.935916596
12983106.259063851 4836509.0127056455
12983102.967042234 4836504.945347513
12983099.79675658 4836500.715512772
12983096.753715534 4836496.332634178
12983093.763672074 4836491.88601378
12983090.928243468 4836487.27102076
12983088.234180637 4836482.516990708
12983085.65401391 4836477.656438891
12983083.261796711 4836472.635696957
12983081.012357209 4836467.504008582
12983078.905199552 4836462.269908766
12983076.981328363 4836456.918330581
12983075.20350325 4836451.483158378
12983073.653054044 4836445.929664136
12983072.24337008 4836440.314767567
12983071.031606466 4836434.620711992
12983070.052158056 4836428.851527462
12983069.195202675 4836423.05096559
12983068.52008758 4836417.207739032
12983068.06660026 4836411.330083741
12983067.756688513 4836405.4348041
12983067.630773762 4836399.52910519
12983067.602049377 4836393.620882427
12983067.6622572 4836387.712349827
12983067.915585017 4836381.813552149
12983068.256828008 4836375.9216021765
12983068.650393741 4836370.034804546
12983069.152966805 4836364.1621752
12983069.661396665 4836358.290310371
12983070.175162321 4836352.419316068
12983070.791606294 4836346.565010512
12983071.408050267 4836340.710708396
12983072.024494238 4836334.856409715
12983072.640938208 4836329.002114473
12983073.25738218 4836323.147822674
12983073.873826152 4836317.293534314
12983074.459224222 4836311.433960087
12983075.021302318 4836305.570416273
12983075.54649144 4836299.701410017
12983076.011444481 4836293.823481975
12983076.476397522 4836287.945557399
12983076.87488905 4836282.059717388
12983077.237681145 4836276.169627257
12983077.5758032 4836270.277530533
12983077.78025371 4836264.374545968
12983077.984704219 4836258.471564893
12983078.040722966 4836252.563319172
12983078.083754867 4836246.654616022
12983077.956088265 4836240.749371749
12983077.771893514 4836234.845275254
12983077.515478054 4836228.9463086305
12983077.181263352 4836223.053682002
12983076.73044622 4836217.174119935
12983076.178803355 4836211.308953072
12983075.584619777 4836205.451853472
12983074.8218406 4836199.626907154
12983074.059061425 4836193.801964238
12983073.078733038 4836188.032562606
12983072.09430111 4836182.26421189
12983070.97205859 4836176.539524481
12983069.809359005 4836170.827657601
12983068.542168032 4836165.154919983
12983067.194911033 4836159.512165666
12983065.780324602 4836153.898852445
12983064.236785896 4836148.341923101
12983062.677481538 4836142.792875859
12983060.966728974 4836137.319518953
12983059.255976409 4836131.846165065
12983057.355900576 4836126.4800698105
12983055.430241108 4836121.129203244
12983053.433212452 4836115.822648751
12983051.384850526 4836110.549928613
12983049.226484943 4836105.351926425
12983047.028744562 4836100.181503058
12983044.77798448 4836095.051023696
12983042.427857203 4836089.995403223
12983040.061328316 4836084.953146714
12983037.594418509 4836079.992666984
12983035.127508707 4836075.0321897175
12983032.676836535 4836070.059249145
12983030.14335837 4836065.156041793
12983027.587153597 4836060.273086291
12983024.981071033 4836055.435232008
12983022.369095394 4836050.604766608
12983019.784004021 4836045.748488637
12983017.14416388 4836040.944092527
12983014.49124331 4836036.149213116
12983011.82172151 4836031.370877987
12983009.157813635 4836026.586886572
12983006.471142294 4836021.823865487
12983003.789584098 4836017.055956338
12983001.142872008 4836012.255252163
12982998.479726102 4836007.469886661
12982995.810127325 4836002.690905979
12982993.154977573 4835997.898315825
12982990.450131107 4835993.152721825
12982987.770054754 4835988.384834882
12982985.08909852 4835983.616244187
12982982.406893184 4835978.848845812
12982979.734470155 4835974.07215485
12982977.062601471 4835969.294939394
12982974.39073279 4835964.517726228
12982971.718864104 4835959.74051535
12982969.046637367 4835954.963646127
12982966.373214364 4835950.187912982
12982963.69979136 4835945.412182126
12982961.026368355 4835940.6364535615
12982958.352945352 4835935.860727284
12982955.67952235 4835931.085003294
12982953.006099345 4835926.309281596
12982950.332676342 4835921.533562182
12982947.659253338 4835916.757845062
12982944.985830333 4835911.982130224
12982942.31240733 4835907.206417681
12982939.638984324 4835902.430707426
12982936.965561321 4835897.654999455
12982934.292138318 4835892.879293773
12982931.618715316 4835888.103590382
12982928.945292309 4835883.327889281
12982926.271869304 4835878.552190468
12982923.598446302 4835873.776493945
12982920.925023299 4835869.000799706
12982918.251600295 4835864.2251077555
12982915.57817729 4835859.449418102
12982912.904754287 4835854.67373073
12982910.231331281 4835849.898045646
12982907.557908278 4835845.122362851
12982904.884485275 4835840.3466823455
12982902.21106227 4835835.571004135
12982899.537639268 4835830.7953282045
12982896.864646785 4835826.019246406
12982894.191670673 4835821.243151368
12982891.51869456 4835816.46705862
12982888.84571845 4835811.690968165
12982886.172742337 4835806.914879997
12982883.499766225 4835802.1387941195
12982880.826790113 4835797.362710532
12982878.153814001 4835792.586629228
12982875.480837889 4835787.81055022
12982872.807861779 4835783.034473496
12982870.134885667 4835778.258399057
12982867.461909553 4835773.482326917
12982864.788933441 4835768.706257058
12982862.115957329 4835763.930189492
12982859.442981219 4835759.154124214
12982856.767038915 4835754.3808861775
12982854.077736743 4835749.620374149
12982851.388434574 4835744.859864395
12982848.699132403 4835740.09935691
12982846.009830235 4835735.338851704
12982843.320528064 4835730.578348773
12982840.631225893 4835725.817848114
12982837.959088288 4835721.043777123
12982835.336528156 4835716.220624329
12982832.713968026 4835711.39747388
12982830.091407893 4835706.574325755
12982827.468847759 4835701.751179969
12982824.846287629 4835696.928036514
12982822.223727496 4835692.104895393
12982819.624232648 4835687.260726287
12982817.036800703 4835682.405560898
12982814.449368758 4835677.55039787
12982811.861936813 4835672.695237207
12982809.318902936 4835667.800733094
12982806.795832064 4835662.888540065
12982804.272761192 4835657.976349448
12982801.74969032 4835653.064161261
12982799.229195243 4835648.149750473
12982796.730862293 4835643.216198046
12982794.232529344 4835638.2826480605
12982791.734196395 4835633.349100513
12982789.235863447 4835628.415555415
12982786.74449421 4835623.476064961
12982784.260767998 4835618.530048953
12982781.777041785 4835613.584035405
12982779.293315569 4835608.638024307
12982776.809589356 4835603.692015666
12982774.325863142 4835598.746009478
12982771.842136929 4835593.800005747
12982769.358410716 4835588.854004463
12982766.874684501 4835583.9080056455
12982764.313371748 4835579.03147111
12982761.735219916 4835574.168004154
12982759.157068083 4835569.3045395715
12982756.57891625 4835564.4410773665
12982754.000764418 4835559.577617531
12982751.422612581 4835554.71416007
12982748.85512138 4835549.841202192
12982746.290545633 4835544.965610303
12982743.725032799 4835540.090853093
12982741.159519967 4835535.216098256
12982738.594007134 4835530.3413458085
12982736.0284943 4835525.466595749
12982733.460193772 4835520.594343198
12982730.880287934 4835515.7324803695
12982728.300382098 4835510.870619911
12982725.720476259 4835506.008761829
12982723.14057042 4835501.146906114
12982720.560664583 4835496.285052778
12982717.978064604 4835491.425625385
12982715.394927472 4835486.566683571
12982712.81179034 4835481.707744123
12982710.228653206 4835476.848807047
12982707.645516071 4835471.98987234
12982705.06237894 4835467.130940001
12982702.479241809 4835462.272010032
12982699.896104675 4835457.413082433
12982697.307679702 4835452.558931067
12982694.715251867 4835447.70839584
12982692.12282404 4835442.857862974
12982689.530396206 4835438.007332473
12982686.937968379 4835433.156804325
12982684.345540548 4835428.306278542
12982681.753112718 4835423.45575512
12982679.160684887 4835418.60523406
12982676.878192877 4835413.510129137
12982674.773158224 4835408.2751361085
12982672.668123571 4835403.04014583
12982670.56308892 4835397.805158299
12982668.458054267 4835392.57017352
12982666.353019614 4835387.335191492
12982664.24798496 4835382.100212213
12982662.142950308 4835376.865235681
12982660.037915654 4835371.630261899
12982657.932881003 4835366.395290864
12982655.458802838 4835361.442817165
12982652.965909492 4835356.504748524
12982650.473016141 4835351.566682322
12982647.980122793 4835346.628618575
12982645.487229442 4835341.690557272
12982642.994336095 4835336.752498413
12982640.501442745 4835331.814442005
12982638.008549396 4835326.876388044
12982635.515656047 4835321.938336523
12982633.022762699 4835317.000287456
12982630.532263223 4835312.060206588
12982628.060743174 4835307.104000023
12982625.589223122 4835302.14779592
12982623.117703073 4835297.19159429
12982620.656211501 4835292.226956325
12982618.197389701 4835287.260074262
12982615.738567904 4835282.293194677
12982613.279746106 4835277.326317564
12982610.820924308 4835272.359442928
12982608.36210251 4835267.392570764
12982605.903280715 4835262.425701077
12982603.444458917 4835257.458833869
12982600.9879883 4835252.490010718
12982598.55188383 4835247.504226067
12982596.11577936 4835242.518443912
12982593.683851171 4835237.52921835
12982591.257816847 4835232.535132193
12982588.831782527 4835227.541048535
12982586.405748205 4835222.54696738
12982583.979713885 4835217.552888723
12982581.553679565 4835212.558812573
12982579.127645243 4835207.564738925
12982576.701610921 4835202.570667782
12982574.286466073 4835197.567684465
12982571.877604226 4835192.559560075
12982569.468742376 4835187.551438209
12982567.059880525 4835182.543318855
12982564.651018675 4835177.535202014
12982562.25301412 4835172.518295292
12982559.864532243 4835167.493679474
12982557.476050366 4835162.469066192
12982555.099240799 4835157.435111492
12982552.730247391 4835152.394902329
12982550.361253982 4835147.354695708
12982547.99226057 4835142.314491644
12982545.62326716 4835137.274290118
12982543.254273754 4835132.2340911515
12982540.885280345 4835127.193894729
12982538.516286932 4835122.153700855
12982536.147293523 4835117.113509526
12982533.788757475 4835112.0650226325
12982531.430552632 4835107.016275471
12982529.072347786 4835101.967530873
12982526.714142945 4835096.918788828
12982524.355938101 4835091.870049342
12982522.004697775 4835086.81584408
12982519.672129579 4835081.746980581
12982517.33956138 4835076.678119667
12982515.00699318 4835071.609261324
12982512.674359439 4835066.540456649
12982510.341661062 4835061.471704916
12982508.008984793 4835056.402938536
12982505.695308391 4835051.319750894
12982503.395604512 4835046.225537359
12982501.09590063 4835041.131326419
12982498.796196751 4835036.037118092
12982496.499732656 4835030.940441721
12982494.2086418 4835025.839670347
12982491.917550942 4835020.738901593
12982489.626460088 4835015.638135446
12982487.335369231 4835010.537371909
12982485.044278376 4835005.436610984
12982482.75318752 4835000.335852666
12982480.462096665 4834995.235096964
12982478.171005812 4834990.13434387
12982475.887802444 4834985.027618889
12982473.611137541 4834979.9159438815
12982471.334472636 4834974.804271496
12982469.057807732 4834969.692601729
12982466.781142829 4834964.580934586
12982464.52714107 4834959.4523226665
12982462.279828135 4834954.318711517
12982460.0325152 4834949.185103013
12982457.785202267 4834944.051497149
12982455.537889335 4834938.917893933
12982453.299745973 4834933.777529103
12982451.069263082 4834928.631515901
12982448.838780195 4834923.485505363
12982446.608297305 4834918.339497481
12982444.377814414 4834913.193492253
12982442.147331527 4834908.047489681
12982439.911837062 4834902.905180075
12982437.670612521 4834897.767092509
12982435.42938798 4834892.629007592
12982433.209614627 4834887.47519286
12982430.992733216 4834882.319259823
12982428.775851807 4834877.163329455
12982426.572321283 4834871.997763794
12982424.384505033 4834866.820856735
12982422.196688784 4834861.643952369
12982420.008872535 4834856.467050683
12982417.821056286 4834851.290151694
12982415.633240037 4834846.11325539
12982413.45764546 4834840.927651406
12982411.283838468 4834835.740776109
12982409.110031478 4834830.553903507
12982406.936224487 4834825.367033614
12982404.762417497 4834820.180166408
12982402.588610506 4834814.9933019085
12982400.414803516 4834809.806440105
12982398.240996525 4834804.619581002
12982396.067189535 4834799.432724595
12982393.904344585 4834794.238125086
12982391.745298931 4834789.0408436945
12982389.586253278 4834783.843565011
12982387.433008637 4834778.6422428405
12982385.302515859 4834773.425053969
12982383.172023084 4834768.207867833
12982381.04153031 4834762.990684435
12982378.911037534 4834757.773503761
12982376.780544758 4834752.5563258175
12982374.654510982 4834747.336084399
12982372.542740822 4834742.106037416
12982370.430970658 4834736.875993178
12982368.319200495 4834731.645951687
12982366.207430331 4834726.415912943
12982364.098843127 4834721.183702856
12982361.990595145 4834715.95126381
12982359.882347165 4834710.718827515
12982357.78486099 4834705.479077623
12982355.688589623 4834700.238504608
12982353.59956725 4834694.993059467
12982351.527173998 4834689.736434148
12982349.454780748 4834684.479811606
12982347.382387498 4834679.223191835
12982345.309994247 4834673.966574837
12982343.237600997 4834668.709960609
12982341.165207746 4834663.453349154
12982339.098731952 4834658.1928007
12982337.035330739 4834652.930208008
12982334.98985293 4834647.65582104
12982332.95500576 4834642.374439864
12982330.920158591 4834637.093061493
12982328.885311417 4834631.811685911
12982326.850464249 4834626.5303131305
12982324.815617079 4834621.248943151
12982322.780769907 4834615.967575964
12982320.745922735 4834610.686211581
12982318.711075565 4834605.404849991
12982316.681849334 4834600.119838312
12982314.65982197 4834594.830151082
12982312.637794608 4834589.540466663
12982310.615767242 4834584.250785055
12982308.59373988 4834578.961106249
12982306.571712514 4834573.671430256
12982304.549685152 4834568.381757066
12982302.533282388 4834563.088467879
12982300.530925129 4834557.786144797
12982298.528567867 4834552.483824537
12982296.526210604 4834547.1815070985
12982294.523853345 4834541.879192475
12982292.521496084 4834536.576880678
12982290.524102977 4834531.271429907
12982288.555080231 4834525.9480264895
12982286.586057488 4834520.624625925
12982284.617034743 4834515.301228202
12982282.657976884 4834509.971611868
12982280.699185433 4834504.641832067
12982278.740393983 4834499.312055118
12982276.781602528 4834493.982281016
12982274.822811076 4834488.652509757
12982272.864019625 4834483.322741354
12982270.905228171 4834477.992975807
12982268.966215542 4834472.650993378
12982267.03062402 4834467.306900196
12982265.095032502 4834461.962809872
12982263.159440983 4834456.618722419
12982261.223849464 4834451.274637829
12982259.295376515 4834445.926204111
12982257.369894471 4834440.575944752
12982255.444412427 4834435.225688268
12982253.518930383 4834429.875434652
12982251.593448339 4834424.5251839105
12982249.667966295 4834419.174936037
12982247.742484251 4834413.82469104
12982245.817002207 4834408.474448911
12982243.886071997 4834403.127539156
12982241.951680396 4834397.782747601
12982240.017288791 4834392.437958916
12982238.082897186 4834387.09317309
12982236.148505585 4834381.7483901335
12982234.214113982 4834376.403610047
12982232.279722378 4834371.058832828
12982230.345637077 4834365.713871502
12982228.424004968 4834360.3613119135
12982226.502372859 4834355.008755194
12982224.580740748 4834349.65620135
12982222.659108639 4834344.303650383
12982220.73747653 4834338.951102285
12982218.815844418 4834333.598557062
12982216.898009358 4834328.243712966
12982214.985306552 4834322.885760611
12982213.072603742 4834317.527811131
12982211.159900934 4834312.16986454
12982209.247198125 4834306.8119208235
12982207.334495317 4834301.453979988
12982205.421792509 4834296.096042028
12982203.5090897 4834290.738106953
12982201.593647463 4834285.381840198
12982199.666750625 4834280.032531602
12982197.742582602 4834274.681560864
12982195.818414576 4834269.330593
12982193.894246554 4834263.979628007
12982191.970078532 4834258.628665886
12982190.04591051 4834253.277706632
12982188.121742487 4834247.926750257
12982186.197574463 4834242.575796752
12982184.273406439 4834237.224846124
12982182.349238416 4834231.873898366
12982180.425070394 4834226.522953478
12982178.500902371 4834221.172011464
12982176.576734347 4834215.821072323
12982174.652566325 4834210.470136054
12982172.728398303 4834205.119202653
12982170.80423028 4834199.768272132
12982168.880062256 4834194.41734448
12982166.955894234 4834189.066419704
12982165.03172621 4834183.715497795
12982163.110295428 4834178.362913688
12982161.189128907 4834173.0101717105
12982159.267962385 4834167.6574326
12982157.34679586 4834162.304696372
12982155.425629338 4834156.951963011
12982153.504462818 4834151.599232532
12982151.583296293 4834146.24650492
12982149.662129771 4834140.893780184
12982147.740963247 4834135.541058323
12982145.819796724 4834130.188339335
12982143.898630204 4834124.835623226
12982141.97746368 4834119.48290999
12982140.056297157 4834114.130199626
12982138.135130633 4834108.777492138
12982136.210171362 4834103.427095613
12982134.284674482 4834098.077029135
12982132.3591776 4834092.726965514
12982130.43368072 4834087.376904777
12982128.508183835 4834082.026846909
12982126.582686953 4834076.676791912
12982124.657190071 4834071.326739781
12982122.731693188 4834065.97669053
12982120.806196308 4834060.626644143
12982118.880699426 4834055.276600627
12982116.955202542 4834049.92655999
12982115.02970566 4834044.576522222
12982113.104208779 4834039.226487323
12982111.178711897 4834033.876455294
12982109.253215013 4834028.526426139
12982107.331488576 4834023.17410549
12982105.410511006 4834017.821332018
12982103.489533437 4834012.468561419
12982101.56855587 4834007.115793699
12982099.6475783 4834001.763028852
12982097.726600735 4833996.410266874
12982095.805623166 4833991.057507775
12982093.884633334 4833985.704759002
12982091.963336315 4833980.352199783
12982090.042039294 4833974.999643439
12982088.12074227 4833969.647089967
12982086.199445253 4833964.29453937
12982084.27814823 4833958.941991649
12982082.356851209 4833953.5894468
12982080.43555419 4833948.236904823
12982078.514257168 4833942.884365722
12982076.592960149 4833937.53182949
12982074.671663128 4833932.179296141
12982072.750366105 4833926.826765662
12982070.829069085 4833921.4742380595
12982068.907772064 4833916.121713328
12982066.986475043 4833910.769191468
12982065.061252136 4833905.41906198
12982063.135324592 4833900.069364236
12982061.209397051 4833894.719669365
12982059.283469507 4833889.369977363
12982057.357541963 4833884.020288233
12982055.431614423 4833878.670601974
12982053.50568688 4833873.320918586
12982051.579759339 4833867.97123807
12982049.659959067 4833862.617839927
12982047.746161848 4833857.260799583
12982045.832364626 4833851.903762119
12982043.918567408 4833846.546727538
12982042.00477019 4833841.189695832
12982040.09097297 4833835.832667008
12982038.17717575 4833830.475641055
12982036.26337853 4833825.11861799
12982034.34958131 4833819.761597799
12982032.43578409 4833814.404580487
12982030.521986872 4833809.047566054
12982028.608189654 4833803.6905545
12982026.69835385 4833798.331154189
12982024.790448828 4833792.9705910785
12982022.882543804 4833787.610030852
12982020.974638786 4833782.249473505
12982019.066733763 4833776.888919046
12982017.156478746 4833771.529790843
12982015.232478011 4833766.178991213
12982013.308477277 4833760.828194452
12982011.384476544 4833755.477400567
12982009.46047581 4833750.126609551
12982007.53647508 4833744.775821409
12982005.612474343 4833739.425036136
12982003.688473608 4833734.074253735
12982001.764472876 4833728.72347421
12981999.840472141 4833723.372697553
12981997.91647141 4833718.021923768
12981995.992470674 4833712.671152855
12981994.06846994 4833707.32038482
12981992.144469209 4833701.96961965
12981990.220468473 4833696.618857359
12981988.296467742 4833691.268097933
12981986.37141812 4833685.917980383
12981984.44517209 4833680.568594585
12981982.518926062 4833675.219211652
12981980.59268003 4833669.86983159
12981978.666434 4833664.520454403
12981976.74018797 4833659.171080085
12981974.813941939 4833653.8217086345
12981972.887695909 4833648.472340059
12981970.96144988 4833643.122974353
12981969.035203848 4833637.773611519
12981967.108957818 4833632.424251551
12981965.18608469 4833627.072869685
12981963.30853156 4833621.6942849485
12981961.420617256 4833616.321919539
12981959.49609104 4833610.971523171
12981957.571564825 4833605.621129675
12981955.658142647 4833600.264012538
12981953.750301193 4833594.903517633
12981951.84245974 4833589.543025604
12981949.932321403 4833584.183925595
12981948.012880055 4833578.83045487
12981946.093438705 4833573.476987012
12981944.173997354 4833568.123522032
12981942.254556008 4833562.770059923
12981940.335114656 4833557.416600698
12981938.415673306 4833552.063144339
12981936.496231958 4833546.709690859
12981934.576790608 4833541.356240253
12981932.65734926 4833536.002792522
12981930.73790791 4833530.649347662
12981928.81846656 4833525.295905685
12981926.893744018 4833519.945680246
12981924.966558361 4833514.596956511
12981923.039372701 4833509.24823565
12981921.115669496 4833503.8973978795
12981919.19523895 4833498.544570916
12981917.274808401 4833493.191746826
12981915.354377855 4833487.838925605
12981913.433947308 4833482.486107263
12981911.513516763 4833477.133291788
12981909.593086213 4833471.780479196
12981907.672655668 4833466.427669476
12981905.752225121 4833461.074862628
12981903.831794571 4833455.722058653
12981901.911364026 4833450.369257558
12981899.991206419 4833445.016293593
12981898.071665991 4833439.662957741
12981896.152125567 4833434.309624761
12981894.232585141 4833428.956294659
12981892.313044716 4833423.602967429
12981890.393504288 4833418.249643075
12981888.473963862 4833412.896321591
12981886.554423435 4833407.543002987
12981884.634883013 4833402.189687257
12981882.715342585 4833396.836374401
12981880.79580216 4833391.4830644205
12981878.873712312 4833386.1313065
12981876.950974595 4833380.779945157
12981875.028236879 4833375.428586675
12981873.105499161 4833370.077231066
12981871.182761444 4833364.725878333
12981869.26002373 4833359.374528471
12981867.337286012 4833354.023181485
12981865.415370801 4833348.6713371985
12981863.493560417 4833343.31943205
12981861.571750032 4833337.9675297635
12981859.649939645 4833332.615630358
12981857.728129262 4833327.263733825
12981855.806318877 4833321.911840162
12981853.884508492 4833316.559949371
12981851.962698108 4833311.208061455
12981850.04088772 4833305.8561764145
12981848.119077338 4833300.504294242
12981846.197266953 4833295.152414949
12981844.275456568 4833289.800538526
12981842.353646183 4833284.448664975
12981840.431835797 4833279.096794297
12981838.510025414 4833273.744926491
12981836.588215027 4833268.393061561
12981834.666404642 4833263.041199502
12981832.744906701 4833257.689150458
12981830.824406566 4833252.336497954
12981828.903906431 4833246.983848332
12981826.983406292 4833241.631201576
12981825.062906154 4833236.278557692
12981823.142406018 4833230.925916691
12981821.22190588 4833225.573278556
12981819.301405745 4833220.220643299
12981817.380905608 4833214.868010911
12981815.460405469 4833209.515381403
12981813.539905334 4833204.162754764
12981811.618418654 4833198.810730611
12981809.695950331 4833193.459305958
12981807.773482004 4833188.107884177
12981805.851013679 4833182.756465274
12981803.928545356 4833177.405049234
12981802.00607703 4833172.05363608
12981800.083608704 4833166.702225786
12981798.160682602 4833161.351096929
12981796.23645243 4833156.000764477
12981794.31222226 4833150.650434892
12981792.387992086 4833145.300108184
12981790.463761915 4833139.949784341
12981788.539531741 4833134.599463372
12981786.61530157 4833129.249145275
12981784.691071397 4833123.898830045
12981782.766841223 4833118.548517693
12981780.842345593 4833113.19836989
12981778.916989364 4833107.848749105
12981776.991633138 4833102.499131202
12981775.06627691 4833097.149516159
12981773.140920682 4833091.799903993
12981771.215564456 4833086.450294694
12981769.290208226 4833081.100688268
12981767.364852 4833075.751084707
12981765.43949577 4833070.401484023
12981763.514139544 4833065.051886202
12981761.588783316 4833059.7022912605
12981759.66342709 4833054.35269918
12981757.738070862 4833049.0031099785
12981755.812714634 4833043.6535236435
12981753.885375021 4833038.305152122
12981751.950821131 4833032.961191719
12981750.016267244 4833027.617234186
12981748.081713356 4833022.273279518
12981746.147159465 4833016.92932771
12981744.212605579 4833011.585378765
12981742.276016532 4833006.242685482
12981740.32725688 4833000.90748699
12981738.37849723 4832995.572291355
12981736.42973758 4832990.237098575
12981734.480977926 4832984.901908649
12981732.53221828 4832979.566721579
12981730.583458629 4832974.2315373635
12981728.634698976 4832968.896356004
12981726.685939325 4832963.561177498
12981724.737179674 4832958.226001849
12981722.776439574 4832952.898273327
12981720.81208704 4832947.572792319
12981718.847734503 4832942.247314147
12981716.870160546 4832936.930166392
12981714.87806524 4832931.622167795
12981712.885969933 4832926.314172031
12981710.886567788 4832921.010837643
12981708.883105949 4832915.710094388
12981706.879644105 4832910.409353951
12981704.876182262 4832905.108616328
12981702.872720422 4832899.807881525
12981700.869258579 4832894.507149539
12981698.865796737 4832889.206420375
12981696.862334896 4832883.905694029
12981694.855622323 4832878.607062607
12981692.833176684 4832873.31855953
12981690.810731048 4832868.030059257
12981688.77868816 4832862.747827756
12981686.728643047 4832857.4773525745
12981684.678597929 4832852.2068801755
12981682.628552819 4832846.936410559
12981680.578507705 4832841.665943736
12981678.528462587 4832836.395479692
12981676.478417473 4832831.125018441
12981674.428372359 4832825.854559975
12981672.355735455 4832820.599114667
12981670.276158815 4832815.348283015
12981668.196582174 4832810.097454125
12981666.117005534 4832804.846628001
