12928598.787547708 4891083.276981018
12928603.95181162 4891081.877105173
12928609.116075527 4891080.477229524
12928614.28259342 4891079.091689313
12928619.449608723 4891077.709312785
12928624.616624024 4891076.3269364545
12928629.783639325 4891074.944560314
12928634.950654628 4891073.562184369
12928640.119126314 4891072.189255899
12928645.291501075 4891070.841646045
12928650.46386304 4891069.493952278
12928655.636219628 4891068.146223361
12928660.808576219 4891066.798494629
12928665.980932808 4891065.450766075
12928671.153289398 4891064.103037705
12928676.325645987 4891062.755309523
12928681.504132543 4891061.448802141
12928686.685172234 4891060.159463366
12928691.866211923 4891058.870124758
12928697.047251614 4891057.580786314
12928702.228291307 4891056.291448038
12928707.41232481 4891055.023156635
12928712.60080763 4891053.786144387
12928717.789290449 4891052.5491323
12928722.977773272 4891051.312120364
12928728.166256094 4891050.075108582
12928733.354738913 4891048.838096961
12928738.54598604 4891047.621342077
12928743.740898753 4891046.431448418
12928748.935811462 4891045.241554903
12928754.130724173 4891044.051661536
12928759.325636882 4891042.861768307
12928764.524214644 4891041.699988087
12928769.726709204 4891040.568251941
12928774.929203767 4891039.4365159385
12928780.13169833 4891038.304780057
12928785.334192893 4891037.173044304
12928790.536687456 4891036.041308683
12928795.742799234 4891034.938938989
12928800.953494536 4891033.8737799665
12928806.164189836 4891032.808621063
12928811.374885134 4891031.743462276
12928816.585580435 4891030.6783036
12928821.796275735 4891029.613145042
12928827.006971035 4891028.547986601
12928832.218102789 4891027.486602903
12928837.43630925 4891026.4864041135
12928842.654515706 4891025.486205419
12928847.872722166 4891024.486006833
12928853.090928623 4891023.485808344
12928858.30913508 4891022.485609954
12928863.528711082 4891021.498124471
12928868.754812999 4891020.571215894
12928873.980914913 4891019.644307413
12928879.207016828 4891018.717399015
12928884.433118744 4891017.790490702
12928889.659220656 4891016.863582478
12928894.885322573 4891015.93667434
12928900.111424485 4891015.009766293
12928905.340523645 4891014.112374465
12928910.570213104 4891013.220795862
12928915.799902564 4891012.329217337
12928921.030166 4891011.443588456
12928926.265068883 4891010.606049571
12928931.499971764 4891009.768510758
12928936.734874643 4891008.9309720155
12928941.972447874 4891008.122857894
12928947.21161987 4891007.332360618
12928952.450791866 4891006.541863408
12928957.68996386 4891005.751366259
12928962.930347495 4891004.975104956
12928968.174018614 4891004.23746897
12928973.417689731 4891003.499833037
12928978.661360849 4891002.762197156
12928983.905031968 4891002.024561335
12928989.148703087 4891001.286925569
12928994.392374206 4891000.549289853
12928999.636045324 4890999.811654198
12929004.879716441 4890999.074018596
12929010.126617609 4890998.377113488
12929015.374276714 4890997.689765943
12929020.62193582 4890997.0024184445
12929025.869594926 4890996.315070988
12929031.117254032 4890995.627723587
12929036.364913138 4890994.94037623
12929041.615262525 4890994.290308866
12929046.868464507 4890993.679770709
12929052.121666493 4890993.069232593
12929057.374868475 4890992.458694514
12929062.628070457 4890991.848156471
12929067.881272443 4890991.237618473
12929073.135023275 4890990.635383279
12929078.39029533 4890990.056160494
12929083.645567387 4890989.476937735
12929088.900839446 4890988.897715012
12929094.156111503 4890988.318492322
12929099.413238756 4890987.770079229
12929104.672967542 4890987.264870299
12929109.932696331 4890986.759661398
12929115.19242512 4890986.254452521
12929120.45215391 4890985.749243669
12929125.713337231 4890985.271234805
12929130.975564556 4890984.812749037
12929136.237791883 4890984.35426329
12929141.500852145 4890983.912456201
12929146.763913507 4890983.470671163
12929152.026974868 4890983.028886141
12929157.290036231 4890982.587101146
12929162.553097593 4890982.145316167
12929167.817325417 4890981.72870012
12929173.082605023 4890981.334778496
12929178.347884625 4890980.940856884
12929183.61316423 4890980.5469353
12929188.879130589 4890980.169907406
12929194.146625655 4890979.830484557
12929199.414120717 4890979.491061724
12929204.68161578 4890979.1516389
12929209.949110841 4890978.812216086
12929215.216960913 4890978.482991839
12929220.486219142 4890978.194220684
12929225.75547737 4890977.905449534
12929231.024735596 4890977.616678395
12929236.293993823 4890977.327907265
12929241.563252052 4890977.039136143
12929246.83287353 4890976.763161336
12929252.10397909 4890976.539466532
12929257.37508465 4890976.315771729
12929262.64619021 4890976.0920769395
12929267.917295769 4890975.8683821475
12929273.188401325 4890975.644687366
12929278.459506888 4890975.420992589
12929283.730612446 4890975.197297816
12929289.002073752 4890974.988612732
12929294.273639766 4890974.784345697
12929299.545205783 4890974.580078666
12929304.816864824 4890974.380870068
12929310.089836003 4890974.253010913
12929315.362807184 4890974.125151754
12929320.63577836 4890973.997292598
12929325.908749538 4890973.869433445
12929331.181720717 4890973.7415742865
12929336.454691898 4890973.61371514
12929341.727753803 4890973.492955254
12929347.001042925 4890973.3899747515
12929352.274332048 4890973.28699424
12929357.54762117 4890973.184013739
12929362.820910295 4890973.081033234
12929368.094199417 4890972.97805273
12929373.36748854 4890972.875072227
12929378.640777664 4890972.77209173
12929383.914125074 4890972.6749749025
12929389.187676648 4890972.598397363
12929394.461228222 4890972.521819813
12929399.734779796 4890972.445242266
12929405.008331368 4890972.368664723
12929410.281910226 4890972.296256181
12929415.55569045 4890972.254619756
12929420.829470677 4890972.212983325
12929426.103250904 4890972.1713469
12929431.37703113 4890972.129710476
12929436.650818666 4890972.089989445
12929441.92465362 4890972.062696431
12929447.198488574 4890972.035403413
12929452.472323531 4890972.0081104
12929457.746158486 4890971.980817386
12929463.019993443 4890971.953524371
12929468.293828398 4890971.926231358
12929473.567663351 4890971.898938343
12929478.84149843 4890971.871686071
12929484.115333619 4890971.844470292
12929489.389179979 4890971.823420955
12929494.663054485 4890971.81790526
12929499.93692899 4890971.812389564
12929505.210803496 4890971.8068738645
12929510.484678 4890971.801358174
12929515.758552507 4890971.795842478
12929521.032427011 4890971.7903267825
12929526.3063026 4890971.788354817
12929531.580178788 4890971.788354817
12929536.854054978 4890971.788354817
12929542.127931168 4890971.788354817
12929547.401807358 4890971.788354817
12929552.675683549 4890971.788354817
12929557.949559737 4890971.788354817
12929563.223435927 4890971.788354817
12929568.497312117 4890971.788354817
12929573.771188308 4890971.788354817
12929579.045064466 4890971.788948828
12929584.31894061 4890971.789845772
12929589.592816755 4890971.790742716
12929594.8666929 4890971.791639658
12929600.140569046 4890971.792536601
12929605.414445188 4890971.793433545
12929610.688321335 4890971.794330487
12929615.962197479 4890971.79522743
12929621.236073624 4890971.796124375
12929626.50994977 4890971.797021316
12929631.783825913 4890971.79791826
12929637.057702059 4890971.798815205
12929642.331578204 4890971.799712146
12929647.60545435 4890971.800609085
12929652.879330495 4890971.801506034
12929658.153206639 4890971.80240297
12929663.427082784 4890971.803299914
12929668.70095893 4890971.804196859
12929673.974835072 4890971.805093801
12929679.24871122 4890971.805990744
12929684.522587363 4890971.806887689
12929689.796463508 4890971.80778463
12929695.070339654 4890971.808681574
12929700.3442158 4890971.809578518
12929705.618091943 4890971.810475458
12929710.891968088 4890971.811372403
12929716.165844234 4890971.812269347
12929721.43972038 4890971.813166285
12929726.713596525 4890971.814063231
12929731.98747267 4890971.814960172
12929737.261348814 4890971.815857113
12929742.535224957 4890971.816754061
12929747.809101105 4890971.817651003
12929753.082977246 4890971.818547943
12929758.356853392 4890971.819444886
12929763.630729537 4890971.820341832
12929768.904605683 4890971.821238771
12929774.178481828 4890971.822135716
12929779.452357974 4890971.823032657
12929784.726234118 4890971.8239296
12929790.000110263 4890971.824826546
12929795.27397376 4890971.838693337
12929800.54783447 4890971.855414435
12929805.821695184 4890971.872135536
12929811.0955559 4890971.8888566345
12929816.369416611 4890971.905577736
12929821.643277321 4890971.922298833
12929826.917138033 4890971.9390199315
12929832.190998748 4890971.955741033
12929837.46485946 4890971.972462131
12929842.738722362 4890971.979632459
12929848.012589786 4890971.967049112
12929853.28645721 4890971.954465768
12929858.560324635 4890971.941882425
12929863.834192058 4890971.92929908
12929869.108059483 4890971.9167157365
12929874.381926907 4890971.904132397
12929879.655794332 4890971.8915490545
12929884.929661758 4890971.878965706
12929890.203529183 4890971.866382363
12929895.477402054 4890971.861621847
12929900.751278244 4890971.861621847
12929906.025154434 4890971.861621847
12929911.299029099 4890971.859327427
12929916.572897313 4890971.847324013
12929921.846765526 4890971.835320591
12929927.12063413 4890971.826336039
12929932.39450513 4890971.836016223
12929937.668376133 4890971.845696405
12929942.942247136 4890971.855376581
12929948.216118136 4890971.865056761
12929953.489989141 4890971.874736945
12929958.763860144 4890971.884417121
12929964.037731146 4890971.894097307
12929969.31160215 4890971.903777486
12929974.58547315 4890971.913457663
12929979.859344155 4890971.923137843
12929985.133215157 4890971.932818026
12929990.407086158 4890971.942498203
12929995.680959882 4890971.947100048
12930000.954826297 4890971.959879296
12930006.228691917 4890971.973697041
12930011.502557537 4890971.987514784
12930016.77642316 4890972.001332523
12930022.05028878 4890972.015150265
12930027.324160978 4890972.020367084
12930032.598037168 4890972.020367084
12930037.871913357 4890972.020367084
12930043.145789547 4890972.020367084
12930048.419665737 4890972.020367084
12930053.693541924 4890972.020367084
12930058.967418114 4890972.020367084
12930064.241294304 4890972.020367084
12930069.515170494 4890972.020367084
12930074.789046684 4890972.020367084
12930080.062922873 4890972.020367084
12930085.336799063 4890972.020367084
12930090.610675253 4890972.020367084
12930095.884551443 4890972.020367084
12930101.158427633 4890972.020367084
12930106.43230382 4890972.020367084
12930111.70618001 4890972.020367084
12930116.9800562 4890972.020367084
12930122.253932388 4890972.020367084
12930127.527808579 4890972.020367084
12930132.801684769 4890972.020367084
12930138.075560957 4890972.020367084
12930143.349437147 4890972.020367084
12930148.62329189 4890972.001381001
12930153.897145025 4890971.980973119
12930159.170998158 4890971.960565238
12930164.444851296 4890971.940157354
12930169.71870443 4890971.919749473
12930174.992557565 4890971.899341595
12930180.266413355 4890971.889428968
12930185.540204307 4890971.850188102
12930190.813995259 4890971.81094724
12930196.08778621 4890971.771706377
12930201.36157716 4890971.732465512
12930206.63536811 4890971.693224654
12930211.909159064 4890971.653983793
12930217.182950014 4890971.614742931
12930222.456708921 4890971.570501729
12930227.730260948 4890971.493977254
12930233.00381297 4890971.41745278
12930238.27713058 4890971.318779048
12930243.550279109 4890971.204129468
12930248.82342764 4890971.089479886
12930254.09657617 4890970.974830306
12930259.3697247 4890970.86018073
12930264.642863888 4890970.744843717
12930269.915792666 4890970.614024092
12930275.188140316 4890970.450525132
12930280.460010603 4890970.2601820445
12930285.731880886 4890970.0698389625
12930291.003751175 4890969.879495883
12930296.275621459 4890969.689152805
12930301.547407491 4890969.494925535
12930306.81903882 4890969.293566112
12930312.090670148 4890969.092206688
12930317.362301474 4890968.890847272
12930322.633046947 4890968.654440393
12930327.903322356 4890968.399436023
12930333.172471754 4890968.10851879
12930338.440993542 4890967.7975846045
12930343.709515331 4890967.48665043
12930348.978037119 4890967.175716265
12930354.246558907 4890966.864782109
12930359.514567355 4890966.539316539
12930364.781055018 4890966.17546611
12930370.046484044 4890965.784980829
12930375.31191307 4890965.394495575
12930380.577342095 4890965.004010329
12930385.841199547 4890964.579006122
12930391.104805276 4890964.148473039
12930396.36724827 4890963.694886051
12930401.62842891 4890963.216269916
12930406.889609545 4890962.737653801
12930412.14963185 4890962.2380406065
12930417.408783607 4890961.722647117
12930422.66793537 4890961.207253649
12930427.927087126 4890960.691860214
12930433.186238885 4890960.176466805
12930438.444024801 4890959.638876666
12930443.698196467 4890959.042896761
12930448.950127527 4890958.413912647
12930454.202058587 4890957.784928573
12930459.453989651 4890957.155944544
12930464.705748979 4890956.524567016
12930469.955346327 4890955.86305714
12930475.204943677 4890955.201547316
12930480.453408431 4890954.5253081145
12930485.698462373 4890953.804711138
12930490.943516312 4890953.0841142135
12930496.188570254 4890952.363517342
12930501.431141896 4890951.61264403
12930506.673614902 4890950.860567679
12930511.916087905 4890950.108491387
12930517.15856091 4890949.356415152
12930522.401033916 4890948.604338976
12930527.642945748 4890947.84577642
12930532.881194668 4890947.044875216
12930538.114926409 4890946.195145432
12930543.347874241 4890945.336942034
12930548.580822073 4890944.478738716
12930553.812876446 4890943.611365762
12930559.042934423 4890942.723503565
12930564.272758298 4890941.833354846
12930569.496942898 4890940.888123459
12930574.721127499 4890939.942892163
12930579.9453121 4890938.997660957
12930585.1694967 4890938.052429842
12930590.3936813 4890937.107198817
12930595.617865901 4890936.161967879
12930600.836834671 4890935.169533535
12930606.05161603 4890934.139203026
12930611.265149595 4890933.098274607
12930616.475046523 4890932.026458719
12930621.684943449 4890930.954642949
12930626.894840376 4890929.882827292
12930632.100083776 4890928.773402178
12930637.302203203 4890927.638729389
12930642.504322631 4890926.504056722
12930647.70644206 4890925.369384194
12930652.908561489 4890924.234711797
12930658.108335547 4890923.081910346
12930663.305933904 4890921.912291338
12930668.501295935 4890920.726128356
12930673.690063108 4890919.491177371
12930678.878830276 4890918.256226545
12930684.067597447 4890917.021275875
12930689.251988092 4890915.755490173
12930694.433516366 4890914.46953756
12930699.615044642 4890913.183585109
12930704.796572912 4890911.897632827
12930709.97293528 4890910.576570725
12930715.148849832 4890909.252465229
12930720.324764382 4890907.928359913
12930725.495469363 4890906.570173751
12930730.662285648 4890905.186547886
12930735.824980766 4890903.7771071
12930740.982902026 4890902.337762948
12930746.140823288 4890900.898419005
12930751.298744548 4890899.459075273
12930756.456665806 4890898.01973175
12930761.61458707 4890896.580388439
12930766.770424204 4890895.128324872
12930771.924986277 4890893.668642545
12930777.067781072 4890892.139404738
12930782.210575864 4890890.610167167
12930787.353370655 4890889.080929833
12930792.496165447 4890887.551692736
12930797.637045126 4890886.011475431
12930802.770098519 4890884.4275556905
12930807.8982041 4890882.816047018
12930813.026309676 4890881.204538613
12930818.154415255 4890879.59303047
12930823.280074973 4890877.968307005
12930828.403296301 4890876.330408587
12930833.526517628 4890874.692510434
12930838.640199622 4890873.004786362
12930843.748290362 4890871.287858149
12930848.853330083 4890869.555556438
12930853.954253769 4890867.802514739
12930859.055177458 4890866.0494733555
12930864.156101147 4890864.296432274
12930869.257024834 4890862.543391507
12930874.351718118 4890860.759625331
12930879.445649792 4890858.972103515
12930884.532607673 4890857.151136713
12930889.614271132 4890855.304778978
12930894.695934596 4890853.4584215805
12930899.772638962 4890851.588899735
12930904.848494215 4890849.71538004
12930909.924349466 4890847.841860701
12930915.000204716 4890845.9683417175
12930920.07605997 4890844.0948230885
12930925.13744519 4890842.155555575
12930930.188576493 4890840.170945414
12930935.238544779 4890838.181220209
12930940.288513064 4890836.191495404
12930945.337410675 4890834.197130846
12930950.384863278 4890832.196504254
12930955.432315884 4890830.19587807
12930960.461612701 4890828.118453146
12930965.490502287 4890826.039306058
12930970.51939187 4890823.960159411
12930975.545812191 4890821.870911075
12930980.563131759 4890819.744430648
12930985.573060533 4890817.588405376
12930990.579954745 4890815.42024965
12930995.586848956 4890813.252094407
12931000.593743166 4890811.08393964
12931005.600042932 4890808.913445068
12931010.602369271 4890806.727307963
12931015.604695609 4890804.541171331
12931020.60613794 4890802.351622017
12931025.593232086 4890800.106674514
12931030.580326233 4890797.86172753
12931035.567420382 4890795.61678105
12931040.543488821 4890793.330367441
12931045.518227272 4890791.038952278
12931050.490908 4890788.7399213435
12931055.46061589 4890786.429887516
12931060.430323778 4890784.119854225
12931065.400031669 4890781.809821474
12931070.355971882 4890779.44991413
12931075.295588952 4890777.032192401
12931080.224962007 4890774.578609621
12931085.147707865 4890772.102391609
12931090.06434512 4890769.605428714
12931094.980982373 4890767.108466454
12931099.882694727 4890764.564369856
12931104.707821464 4890761.7784056105
12931109.532948203 4890758.992442148
12931114.353431769 4890756.192811355
12931119.166475264 4890753.371280022
12931123.97951876 4890750.549749493
12931128.781545637 4890747.696467971
12931133.572451893 4890744.811135766
12931138.363358151 4890741.925804397
12931143.154264407 4890739.040473874
12931147.937137524 4890736.132595632
12931152.705909679 4890733.185137672
12931157.474681834 4890730.237680597
12931162.249919858 4890727.308753241
12931167.07494861 4890724.522508861
12931171.89997736 4890721.736265271
12931176.725006111 4890718.950022461
12931181.543858068 4890716.145665266
12931186.351031635 4890713.307058739
12931191.1582052 4890710.468453036
12931195.965378763 4890707.629848141
12931200.772552332 4890704.791244064
12931205.57051114 4890701.926229416
12931210.358166216 4890699.031683009
12931215.145821294 4890696.137137447
12931219.933476372 4890693.242592737
12931224.723653724 4890690.355317463
12931229.51571866 4890687.4742318755
12931234.284947721 4890684.528054812
12931239.054176783 4890681.581878627
12931243.823405845 4890678.63570332
12931248.58794131 4890675.676627172
12931253.342181776 4890672.689253122
12931258.09642224 4890669.7018799735
12931262.850662708 4890666.714507723
12931267.601347646 4890663.717563961
12931272.333404083 4890660.670468276
12931277.065460524 4890657.623373529
12931281.79751696 4890654.57627972
12931286.529573398 4890651.529186857
12931291.261629837 4890648.482094922
12931295.979514617 4890645.39779962
12931300.68722273 4890642.286788875
12931305.39493084 4890639.175779105
12931310.102638954 4890636.064770317
12931314.786331333 4890632.892296842
12931319.469797015 4890629.719244183
12931324.1532627 4890626.546192538
12931328.829306701 4890623.354629759
12931333.482836144 4890620.107027317
12931338.135588804 4890616.857517518
12931342.780400256 4890613.58868999
12931347.416606007 4890610.298928245
12931352.05281176 4890607.009167594
12931356.68901751 4890603.71940804
12931361.32404389 4890600.426825488
12931365.943492116 4890597.0969411265
12931370.562940342 4890593.767057882
12931375.156557146 4890590.3765403135
12931379.749749962 4890586.985028662
12931384.328027012 4890583.559193443
12931388.903647719 4890580.127246534
12931393.479268426 4890576.695300817
12931398.054889133 4890573.263356284
12931402.629865589 4890569.829946315
12931407.198734052 4890566.382632627
12931411.747694325 4890562.8906257795
12931416.291310882 4890559.386623409
12931420.833405213 4890555.879247249
12931425.368025234 4890552.355355758
12931429.900488136 4890548.826705444
12931434.397603165 4890545.2215170525
12931438.892091425 4890541.610642208
12931443.386579685 4890537.999768673
12931447.880597048 4890534.387901422
12931452.3533489 4890530.73110019
12931456.82610075 4890527.074300318
12931461.275710443 4890523.369475077
12931465.724882491 4890519.663742999
12931470.17405454 4890515.958012302
12931474.623067517 4890512.25195676
12931479.065631012 4890508.532675624
12931483.502901096 4890504.802783182
12931487.89263672 4890500.977590744
12931492.275323302 4890497.138660757
12931496.642508935 4890493.269519961
12931501.009694574 4890489.400380678
12931505.376880208 4890485.531242915
12931509.740952166 4890481.656125866
12931514.090682527 4890477.753462809
12931518.44041289 4890473.850801301
12931522.675042327 4890469.738624001
12931526.887429746 4890465.585961456
12931531.099817162 4890461.433300646
12931535.311469372 4890457.279365017
12931539.51716399 4890453.115209628
12931543.68743968 4890448.8903913
12931547.830193067 4890444.619696911
12931551.956261015 4890440.321190845
12931556.082328964 4890436.022686652
12931560.208396912 4890431.724184323
12931564.290344281 4890427.354369525
12931568.36177949 4890422.96756532
12931572.433214702 4890418.580763063
12931576.494245004 4890414.177717379
12931580.506280925 4890409.69817785
12931584.518316846 4890405.218640357
12931588.530352764 4890400.739104892
12931592.465623124 4890396.144499593
12931596.39892836 4890391.546950715
12931600.329434158 4890386.945377513
12931604.197587233 4890382.254124106
12931608.065740304 4890377.562872919
12931611.918375254 4890372.849910365
12931615.753789192 4890368.112853714
12931619.589203132 4890363.37579934
12931623.343310451 4890358.528581187
12931627.094326379 4890353.677176749
12931630.827563306 4890348.802806766
12931634.486117242 4890343.831959528
12931638.144671177 4890338.861114787
12931641.754030807 4890333.8292662855
12931645.357308872 4890328.789761083
12931648.959473204 4890323.7489676075
12931652.477707045 4890318.607590113
12931655.995940885 4890313.466215291
12931659.514174724 4890308.32484314
12931662.973959798 4890303.116134468
12931666.425387485 4890297.897799948
12931669.876815174 4890292.679468186
12931673.258055886 4890287.383551584
12931676.59430322 4890282.038718904
12931679.859657753 4890276.61961744
12931683.052413117 4890271.126526217
12931686.239919003 4890265.62824763
12931689.384989982 4890260.088682141
12931692.399628293 4890254.426390443
12931695.361963253 4890248.716517929
12931698.304224528 4890242.988938212
12931701.14441137 4890237.174508071
12931703.946425946 4890231.3277060585
12931706.672159705 4890225.419639428
12931709.33706562 4890219.464833316
12931711.948872225 4890213.469136482
12931714.483956575 4890207.417896203
12931716.974966198 4890201.334840039
12931719.422658669 4890195.221726288
12931721.777821053 4890189.0469345255
12931724.113607185 4890182.859338832
12931726.400633141 4890176.640601242
12931728.687659102 4890170.421867564
12931730.974685062 4890164.203137804
12931733.244305242 4890157.973770947
12931735.47556604 4890151.720636229
12931737.668619273 4890145.444220176
12931739.84425324 4890139.157460625
12931742.011049652 4890132.865455349
12931744.177846067 4890126.573454076
12931746.363230994 4890120.29257639
12931748.581583198 4890114.031423578
12931750.799935399 4890107.770274738
12931753.018287603 4890101.509129854
12931755.278398471 4890095.273691591
12931757.550012983 4890089.045343621
12931759.843338162 4890082.830746105
12931762.16572708 4890076.634554767
12931764.492346665 4890070.441145724
12931766.90089168 4890064.301543519
12931769.309436698 4890058.161945121
12931771.738272876 4890052.036090761
12931774.217721852 4890045.94536376
12931776.743661748 4890039.887099673
12931779.269733159 4890033.8289334485
12931781.806141462 4890027.778171026
12931784.431479016 4890021.793175886
12931787.084061377 4890015.8283320265
12931789.772756396 4890009.891548871
12931792.50480722 4890003.9884538
12931795.252500648 4889998.097953797
12931798.046729358 4889992.244915949
12931800.870747084 4889986.416659218
12931803.73452181 4889980.621474654
12931806.622300712 4889974.8470305735
12931809.56950687 4889969.123928765
12931812.516713029 4889963.400830271
12931815.536754219 4889957.743232719
12931818.563164642 4889952.091365994
12931821.624520253 4889946.472144542
12931824.735958338 4889940.89997548
12931827.877722425 4889935.3569524
12931831.019486515 4889929.813932423
12931834.18953907 4889924.298696003
12931837.390857544 4889918.814524362
12931840.653237117 4889913.3921377035
12931843.917740766 4889907.971974398
12931847.238503188 4889902.610623579
12931850.56762321 4889897.258247406
12931853.936561322 4889891.948618138
12931857.324774047 4889886.6602868205
12931860.760144893 4889881.42405983
12931864.239660615 4889876.238096001
12931867.727600003 4889871.061725503
12931871.215539388 4889865.885357721
12931874.733594121 4889860.744131089
12931878.308328465 4889855.670281301
12931881.891240282 4889850.6062112
12931885.477408785 4889845.546132711
12931889.102453 4889840.533674406
12931892.737095725 4889835.533283113
12931896.418602537 4889830.591798314
12931900.157068351 4889825.72423224
12931903.902567783 4889820.86579616
12931907.649456043 4889816.0092155095
12931911.434409317 4889811.20342575
12931915.250304427 4889806.4401501035
12931919.102894695 4889801.727293146
12931922.967782784 4889797.031769714
12931926.84091134 4889792.347831165
12931930.714039901 4889787.663894834
12931934.6218534 4889783.029824987
12931938.562579589 4889778.44370475
12931942.545753134 4889773.920561176
12931946.541964801 4889769.417246078
12931950.553811066 4889764.937707769
12931954.565657329 4889760.458171481
12931958.59793783 4889756.010530108
12931962.670038607 4889751.625110842
12931966.783171313 4889747.3057295345
12931970.89834333 4889742.9897119505
12931975.046529483 4889738.72812041
12931979.19471564 4889734.466530706
12931983.342901794 4889730.204942842
12931987.506742112 4889725.969771531
12931991.71580081 4889721.811859065
12931995.941825856 4889717.683306313
12932000.169918928 4889713.558397111
12932004.410185035 4889709.454926526
12932008.695412876 4889705.433197853
12932013.019553086 4889701.482467409
12932017.35184484 4889697.547036147
12932021.684136597 4889693.61160645
12932026.019377248 4889689.681788409
12932030.377480825 4889685.795467155
12932034.739087285 4889681.915968949
12932039.135682983 4889678.104610268
12932043.532278681 4889674.293253055
12932047.928874375 4889670.481897317
12932052.30533943 4889666.631568775
12932056.647316813 4889662.71447132
12932060.989294201 4889658.797375421
12932065.331724636 4889654.881141152
12932069.674326606 4889650.965234082
12932074.016928578 4889647.049328559
12932078.359530548 4889643.1334245885
12932082.70213252 4889639.217522168
12932087.044966498 4889635.302064085
12932091.401696136 4889631.413127371
12932095.758425774 4889627.524192186
12932100.110323643 4889623.626090163
12932104.427156115 4889619.662138496
12932108.673598496 4889615.569657433
12932112.919396935 4889611.476039633
12932117.151024958 4889607.357371487
12932121.321403284 4889603.133619661
12932125.429031095 4889598.805577614
12932129.526860055 4889594.461427938
12932133.591533879 4889590.072849605
12932137.592459466 4889585.576699556
12932141.553722851 4889581.021571576
12932145.464525098 4889576.391855532
12932149.292026093 4889571.644233504
12932153.049526716 4889566.80253564
12932156.760248229 4889561.899237162
12932160.386721354 4889556.888844331
12932163.932566604 4889551.780449887
12932167.37678899 4889546.555421494
12932170.713503674 4889541.21183253
12932173.952728892 4889535.765935814
12932177.169626435 4889530.297477996
12932180.181177817 4889524.63229131
12932183.135665542 4889518.916345088
12932185.942098688 4889513.07420154
12932188.638465017 4889507.144371642
12932191.2519146 4889501.150817037
12932193.747405881 4889495.071359204
12932196.085086428 4889488.885390285
12932198.271076703 4889482.606412752
12932200.327240657 4889476.252019638
12932202.269415524 4889469.837162292
12932204.095276508 4889463.3635669965
12932205.73847922 4889456.807046168
12932207.24798021 4889450.194842241
12932208.575673662 4889443.516391877
12932209.773064587 4889436.796304583
12932210.828098135 4889430.035898502
12932211.720144065 4889423.235870656
12932212.43350898 4889416.398505012
12932213.026167661 4889409.542301578
12932213.448671686 4889402.663599448
12932213.68248275 4889395.770216286
12932213.740199128 4889388.870801617
12932213.644071253 4889381.972091969
12932213.391864909 4889375.079386462
12932213.002199555 4889368.198591517
12932212.414251503 4889361.340914129
12932211.709698563 4889354.503350495
12932210.770385716 4889347.712875875
12932209.652988596 4889340.968911821
12932208.466603642 4889334.244951085
12932207.108033316 4889327.579224843
12932205.525887815 4889320.996368955
12932203.887222815 4889314.437440073
12932202.070259126 4889307.959936144
12932200.126771834 4889301.54569204
12932198.078483282 4889295.187252867
12932195.825124783 4889288.948911343
12932193.466877265 4889282.777149135
12932190.98319587 4889276.689509452
12932188.362147236 4889270.701693416
12932185.65679323 4889264.778428832
12932182.787968742 4889258.988638002
12932179.851448799 4889253.256552663
12932176.824807357 4889247.606009682
12932173.64693355 4889242.099294299
12932170.350269463 4889236.71335711
12932166.981385896 4889231.4040656015
12932163.56295257 4889226.150078071
12932160.045829445 4889221.008154093
12932156.451463731 4889215.9593614405
12932152.77806798 4889211.008093308
12932149.075496867 4889206.093941747
12932145.37292575 4889201.1797926165
12932141.581806911 4889196.382919039
12932137.74903636 4889191.642763826
12932133.916265806 4889186.902610885
12932130.062394466 4889182.191912608
12932126.200017052 4889177.493089318
12932122.322565984 4889172.81559114
12932118.44183149 4889168.142739843
12932114.561097 4889163.469890749
12932110.680362506 4889158.797043866
12932106.799628012 4889154.124199192
12932102.91889352 4889149.451356721
12932099.056937069 4889144.752674141
12932095.294565672 4889139.916945021
12932091.532194277 4889135.081218269
12932087.769822884 4889130.245493875
12932084.00745149 4889125.409771852
12932080.245080093 4889120.57405219
12932076.482708698 4889115.738334892
12932072.721934417 4889110.900494091
12932068.962320471 4889106.061111168
12932065.202706527 4889101.221730616
12932061.443092583 4889096.38235243
12932057.683478637 4889091.542976609
12932053.92386469 4889086.703603167
12932050.164250745 4889081.864232083
12932046.404636802 4889077.024863368
12932042.645022856 4889072.185497024
12932038.885408908 4889067.346133045
12932035.125794964 4889062.506771438
12932031.366181018 4889057.6674122
12932027.606567074 4889052.828055323
12932023.846953128 4889047.9887008155
12932020.087339181 4889043.149348677
12932016.32772524 4889038.309998905
12932012.568111293 4889033.47065151
12932008.808497347 4889028.63130647
12932005.0488834 4889023.791963807
12932001.289269455 4889018.952623511
12931997.528124986 4889014.115324449
12931993.762746109 4889009.283668587
12931989.997367231 4889004.45201508
12931986.231988354 4888999.620363939
12931982.466609472 4888994.788715148
12931978.701230595 4888989.957068725
12931974.935851714 4888985.125424663
12931971.173488243 4888980.289763113
12931967.411190247 4888975.454016635
12931963.648892254 4888970.618272525
12931959.886594262 4888965.782530773
12931956.124296268 4888960.946791391
12931952.3619269 4888956.111149462
12931948.598800378 4888951.276518644
12931944.835673857 4888946.4418901885
12931941.072547333 4888941.607264101
12931937.309420811 4888936.772640376
12931933.546294289 4888931.9380190065
12931929.783167765 4888927.103400009
12931926.020139655 4888922.268652264
12931922.257938592 4888917.432805046
12931918.495737527 4888912.5969602
12931914.736041421 4888907.757786549
12931910.997830007 4888902.890239632
12931907.265695773 4888898.014678721
12931903.533561539 4888893.139120215
12931899.801427307 4888888.263564111
12931896.069293072 4888883.388010413
12931892.352382515 4888878.492611541
12931888.663368823 4888873.561199735
12931884.974355131 4888868.629790385
12931881.28534144 4888863.698383497
12931877.596327752 4888858.766979068
12931873.90731406 4888853.835577099
12931870.23907314 4888848.877781052
12931866.5795661 4888843.908889123
12931862.920059055 4888838.939999686
12931859.260552011 4888833.971112744
12931855.629101347 4888828.967183623
12931852.005330615 4888823.953664185
12931848.381559879 4888818.940147286
12931844.77162063 4888813.909601545
12931841.166696735 4888808.8728827145
12931837.56177284 4888803.836166446
12931833.957822476 4888798.798269079
12931830.382767828 4888793.725241504
12931826.807713177 4888788.652216532
12931823.23265853 4888783.579194161
12931819.676443798 4888778.483647277
12931816.13607886 4888773.369151248
12931812.595713923 4888768.254657858
12931809.061715811 4888763.132659576
12931805.540775709 4888757.9952664245
12931802.019835608 4888752.857875944
12931798.506459624 4888747.711744593
12931795.044088626 4888742.506658163
12931791.605702689 4888737.274644171
12931788.199283155 4888732.006741252
12931784.814710468 4888726.715047293
12931781.473317893 4888721.376327873
12931778.157225052 4888716.01077835
12931774.856730482 4888710.628688177
12931771.556235911 4888705.246600932
12931768.255741345 4888699.86451662
12931764.955840914 4888694.481817162
12931761.692126181 4888689.061477572
12931758.428411447 4888683.641140957
12931755.164696712 4888678.220807308
12931751.900981978 4888672.800476628
12931748.629621642 4888667.388290986
12931745.23585891 4888662.1064587515
12931741.844955044 4888656.821491461
12931738.459798444 4888651.530218841
12931735.074641844 4888646.238949043
12931731.689485244 4888640.947682079
12931728.355054962 4888635.601611374
12931725.024232212 4888630.251645847
12931721.693409467 4888624.901683213
12931718.362586718 4888619.551723475
12931715.031763973 4888614.201766629
12931711.700941224 4888608.851812682
12931708.404376939 4888603.4657336455
12931705.11614718 4888598.070868195
12931701.82791742 4888592.676005695
12931698.53968766 4888587.281146138
12931695.251457898 4888581.886289519
12931691.963228138 4888576.491435847
12931688.695610253 4888571.07529145
12931685.447531803 4888565.638964274
12931682.199453352 4888560.202640086
12931678.951374901 4888554.766318892
12931675.711145232 4888549.322068898
12931672.511743233 4888543.836562444
12931669.312341234 4888538.35105904
12931666.112939237 4888532.865558671
12931662.913537238 4888527.380061353
12931659.714135239 4888521.894567076
12931656.51473324 4888516.409075832
12931653.344383609 4888510.894933616
12931650.194661355 4888505.360449919
12931647.044939104 4888499.82596932
12931643.895216854 4888494.291491815
12931640.745494602 4888488.757017414
12931637.595772352 4888483.222546107
12931634.4460501 4888477.688077893
12931631.296662932 4888472.153289021
12931628.180540336 4888466.586362837
12931625.064417738 4888461.019439795
12931621.94829514 4888455.452519881
12931618.832172543 4888449.885603101
12931615.716049943 4888444.3186894525
12931612.6016109 4888438.750175358
12931609.50980769 4888433.160103816
12931606.41800448 4888427.570035431
12931603.326434286 4888421.9797536675
12931600.310768919 4888416.318939701
12931597.284281587 4888410.668201314
12931594.186097601 4888405.084196459
12931591.147979941 4888399.444023975
12931588.112985548 4888393.800933998
12931585.077991154 4888388.157847241
12931582.042996762 4888382.5147637045
12931579.008002369 4888376.87168339
12931575.973007975 4888371.228606293
12931572.938013583 4888365.585532413
12931569.90301919 4888359.942461758
12931566.904326495 4888354.266288082
12931563.90787538 4888348.588073403
12931560.911424262 4888342.909861986
12931557.914973147 4888337.231653821
12931554.918522032 4888331.553448916
12931551.922070917 4888325.87524728
12931548.925619802 4888320.197048895
12931545.929168683 4888314.518853773
12931542.932717567 4888308.840661912
12931539.936266452 4888303.162473307
12931536.954680592 4888297.470941218
12931533.982982904 4888291.770534315
12931531.011285217 4888286.070130701
12931528.03958753 4888280.369730378
12931525.067889843 4888274.669333335
12931522.096192155 4888268.968939578
12931519.124494467 4888263.268549106
12931516.152796783 4888257.56816192
12931513.181099094 4888251.867778018
12931510.217874583 4888246.159869879
12931507.264332296 4888240.443363405
12931504.310790014 4888234.726860234
12931501.35724773 4888229.010360364
12931498.403705446 4888223.293863801
12931495.45016316 4888217.577370546
12931492.496620877 4888211.860880586
12931489.543078592 4888206.144393931
12931486.58953631 4888200.427910584
12931483.635994025 4888194.711430539
12931480.682451742 4888188.994953796
12931477.728909455 4888183.278480355
12931474.775367172 4888177.562010222
12931471.821824888 4888171.845543394
12931468.872446273 4888166.125406696
12931465.929097269 4888160.399954013
12931462.985748265 4888154.674504649
12931460.042399257 4888148.949058596
12931457.099050254 4888143.223615851
12931454.15570125 4888137.498176425
12931451.212352244 4888131.7727403175
12931448.26900324 4888126.047307518
12931445.325654237 4888120.321878037
12931442.382305233 4888114.596451864
12931439.438956229 4888108.871029006
12931436.495607223 4888103.145609468
12931433.55225822 4888097.42019324
12931430.608909212 4888091.694780328
12931427.665560208 4888085.9693707265
12931424.722211204 4888080.243964439
12931421.7788622 4888074.518561471
12931418.835513197 4888068.793161813
12931415.892164191 4888063.0677654715
12931412.948815187 4888057.342372443
12931410.00638896 4888051.616171425
12931407.066597905 4888045.887656889
12931404.126806848 4888040.159145668
12931401.18701579 4888034.430637772
12931398.247224733 4888028.702133189
12931395.307433676 4888022.973631921
12931392.36764262 4888017.245133975
12931389.427851563 4888011.516639343
12931386.488060506 4888005.7881480325
12931383.548269449 4888000.059660038
12931380.608478393 4887994.33117536
12931377.668687336 4887988.602693997
12931374.728845049 4887982.874260966
12931371.788984269 4887977.145847486
12931368.84912349 4887971.417437325
12931365.90926271 4887965.689030481
12931362.969401931 4887959.960626957
12931360.029541153 4887954.232226744
12931357.089680376 4887948.503829856
12931354.149819596 4887942.775436285
12931351.209958818 4887937.0470460225
12931348.27009804 4887931.318659091
12931345.330237262 4887925.5902754655
12931342.390376482 4887919.861895164
12931339.450515704 4887914.133518176
12931336.510654924 4887908.405144505
12931333.570794145 4887902.6767741535
12931330.630933367 4887896.948407117
12931327.691072589 4887891.220043404
12931324.75121181 4887885.491682999
12931321.811351031 4887879.763325919
12931318.871490253 4887874.034972153
12931315.931629475 4887868.306621709
12931312.991768694 4887862.578274574
12931310.051907916 4887856.849930767
12931307.112047138 4887851.121590271
12931304.172186358 4887845.393253092
12931301.23232558 4887839.664919233
12931298.292464802 4887833.936588685
12931295.352604024 4887828.208261461
12931292.412743244 4887822.479937551
12931289.472882466 4887816.7516169585
12931286.533021687 4887811.023299684
12931283.593160907 4887805.294985731
12931280.653300129 4887799.566675088
12931277.713439351 4887793.838367767
12931274.773578573 4887788.1100637615
12931271.833717793 4887782.381763072
12931268.893857015 4887776.653465699
12931265.953996237 4887770.925171649
12931263.014135456 4887765.196880912
12931260.074274678 4887759.468593491
12931257.1344139 4887753.740309388
12931254.19455312 4887748.012028603
12931251.254692342 4887742.28375114
12931248.314831564 4887736.555476983
12931245.374970786 4887730.827206156
12931242.435110006 4887725.098938639
12931239.495362164 4887719.370575239
12931236.55570249 4887713.642137712
12931233.616042819 4887707.9137034975
12931230.676383143 4887702.185272605
12931227.736723468 4887696.456845032
12931224.797063798 4887690.72842077
12931221.857404124 4887684.99999983
12931218.917744448 4887679.271582201
12931215.978084777 4887673.543167897
12931213.038425101 4887667.814756908
12931210.09876543 4887662.086349233
12931207.159105757 4887656.35794488
12931204.219446082 4887650.62954384
12931201.27978641 4887644.901146119
12931198.340126734 4887639.172751718
12931195.400467062 4887633.444360631
12931192.46080739 4887627.715972862
12931189.520605942 4887621.988064362
12931186.580104707 4887616.260422554
12931183.63960347 4887610.532784056
12931180.699102232 4887604.805148881
12931177.758600995 4887599.07751702
12931174.818099756 4887593.349888473
12931171.877598519 4887587.622263244
12931168.937097281 4887581.894641331
12931165.996596046 4887576.167022739
12931163.056094805 4887570.439407455
12931160.114711199 4887564.712571153
12931157.172507206 4887558.986459323
12931154.230303217 4887553.260350813
12931151.288099226 4887547.534245612
12931148.345895234 4887541.808143731
12931145.403691242 4887536.082045164
12931142.46148725 4887530.355949908
12931139.519283261 4887524.629857974
12931136.577079266 4887518.903769342
12931133.634875277 4887513.177684038
12931130.692671286 4887507.451602043
12931127.750467295 4887501.72552336
12931124.808263302 4887495.999447994
12931121.86605931 4887490.273375939
12931118.923855321 4887484.5473072035
12931115.981651327 4887478.821241782
12931113.039447337 4887473.095179678
12931110.097243346 4887467.369120882
12931107.155039355 4887461.6430653995
12931104.212835362 4887455.917013236
12931101.270631375 4887450.190964386
12931098.328427382 4887444.464918853
12931095.38622339 4887438.738876628
12931092.4440194 4887433.012837723
12931089.502621498 4887427.286093386
12931086.561272727 4887421.559309178
12931083.619923955 4887415.832528282
12931080.678575179 4887410.105750704
12931077.73722641 4887404.378976434
12931074.795877637 4887398.652205486
12931071.854528865 4887392.925437846
12931068.913180092 4887387.198673527
12931065.97183132 4887381.471912525
12931063.030482547 4887375.745154834
12931060.089133773 4887370.0184004605
12931057.147785 4887364.291649403
12931054.206436232 4887358.5649016565
12931051.265087456 4887352.838157227
12931048.323738683 4887347.111416118
12931045.382389914 4887341.384678315
12931042.441041142 4887335.657943836
12931039.49969237 4887329.931212668
12931036.558343597 4887324.204484815
12931033.616994824 4887318.477760281
12931030.67564605 4887312.751039057
12931027.734297277 4887307.024321148
12931024.792948505 4887301.29760656
12931021.851599732 4887295.57089528
12931018.915110866 4887289.83992093
12931015.979105039 4887284.108525851
12931013.043099208 4887278.377134097
12931010.107093377 4887272.645745663
12931007.171087546 4887266.914360546
12931004.235081716 4887261.182978748
12931001.299075885 4887255.451600277
12930998.363070054 4887249.720225126
12930995.427064223 4887243.988853294
12930992.491058392 4887238.257484779
12930989.555052562 4887232.526119586
12930986.61904673 4887226.794757717
12930983.6830409 4887221.063399168
12930980.746859364 4887215.33219799
12930977.810602011 4887209.601066605
12930974.874344656 4887203.869938541
12930971.938087301 4887198.1388138
12930969.014026634 4887192.397037571
12930966.088606477 4887186.656442593
12930963.16318632 4887180.915850951
12930960.237766163 4887175.175262643
12930957.312346006 4887169.434677663
12930954.386925848 4887163.694096016
12930951.46150569 4887157.9535177
12930948.541366974 4887152.208349455
12930945.62729165 4887146.457911231
12930942.713216325 4887140.707476348
12930939.799141 4887134.957044806
12930936.885065675 4887129.206616611
12930933.97099035 4887123.456191752
12930931.056915026 4887117.705770239
12930928.1428397 4887111.955352071
12930925.228764376 4887106.204937244
12930922.314689048 4887100.454525762
12930919.401075514 4887094.703719707
12930916.513223855 4887088.930718948
12930913.625372196 4887083.1577215465
12930910.731466645 4887077.389919508
12930907.836351274 4887071.623158413
12930904.941235902 4887065.85640067
12930902.046120532 4887060.089646293
12930899.151005162 4887054.322895279
12930896.255889792 4887048.556147624
12930893.365102442 4887042.785703695
12930890.490560789 4887037.001376156
12930887.616019132 4887031.217052002
12930884.741477476 4887025.432731229
12930881.866935823 4887019.648413836
12930878.992394166 4887013.864099827
12930876.126699694 4887008.072302964
12930873.272612527 4887002.270687706
12930870.418525362 4886996.469075858
12930867.564438194 4886990.66746741
12930864.71035103 4886984.865862362
12930861.856263863 4886979.064260718
12930859.002176698 4886973.262662477
12930856.164737668 4886967.447109493
12930853.327320833 4886961.631541308
12930850.489903996 4886955.815976549
12930847.652487164 4886950.00041521
12930844.815070327 4886944.184857285
12930841.977653492 4886938.369302777
12930839.140236659 4886932.55375169
12930836.302819824 4886926.738204025
12930833.476305868 4886920.913610607
12930830.663010586 4886915.078049405
12930827.849715304 4886909.24249165
12930825.038594624 4886903.405154977
12930822.25172556 4886897.54794463
12930819.45939002 4886891.695195055
12930816.665980477 4886885.84332875
12930813.856611514 4886880.004552116
12930811.066075442 4886874.150428014
12930808.2974783 4886868.278424706
12930805.528881155 4886862.406424882
12930802.760284014 4886856.534428541
12930799.99168687 4886850.662435689
12930797.223089727 4886844.790446319
12930794.454492582 4886838.918460435
12930791.6966053 4886833.037893468
12930788.95446948 4886827.144704308
12930786.212333655 4886821.251518658
12930783.47019783 4886815.358336523
12930780.728489155 4886809.464819407
12930778.005728144 4886803.556291207
12930775.282967128 4886797.647766522
12930772.560206113 4886791.739245375
12930769.837445103 4886785.830727756
12930767.126005702 4886779.913359489
12930764.43645857 4886773.978873725
12930761.746911438 4886768.044391518
12930759.057364307 4886762.109912878
12930756.367817177 4886756.175437795
12930753.678270044 4886750.240966267
12930750.98872291 4886744.306498302
12930748.299175778 4886738.3720339015
12930745.616531508 4886732.43226303
12930742.95947848 4886726.472809667
12930740.302425455 4886720.513359896
12930737.64537243 4886714.553913717
12930734.997752164 4886708.587323014
12930732.367680877 4886702.607437382
12930729.737609593 4886696.627555362
12930727.107538305 4886690.647676954
12930724.477467021 4886684.667802159
12930721.868800716 4886678.6719896495
12930719.280366158 4886672.661113207
12930716.6919316 4886666.650240417
12930714.103497045 4886660.639371282
12930711.533115713 4886654.615279144
12930708.967418965 4886648.587758536
12930706.401722213 4886642.560241593
12930703.836025465 4886636.532728323
12930701.270328717 4886630.505218731
12930698.728378754 4886624.4605768435
12930696.202237535 4886618.404551759
12930693.676096315 4886612.348530382
12930691.14752081 4886606.294251675
12930688.631866733 4886600.230818459
12930686.13487729 4886594.154155089
12930683.637887843 4886588.077495449
12930681.140898397 4886582.000839546
12930678.653273502 4886575.917660589
12930676.190536927 4886569.817139054
12930673.727800349 4886563.716621278
12930671.265063774 4886557.6161072645
12930668.802327195 4886551.515597017
12930666.339590618 4886545.41509053
12930663.897183707 4886539.300665362
12930661.467817439 4886533.177313308
12930659.038451169 4886527.053965047
12930656.6090849 4886520.9306205725
12930654.179718632 4886514.807279886
12930651.779055495 4886508.664672549
12930649.392288383 4886502.512739642
12930647.005521271 4886496.360810562
12930644.636707455 4886490.19705473
12930642.278158324 4886484.026538678
12930639.91960919 4886477.856026476
12930637.56106006 4886471.685518127
12930635.202510927 4886465.515013625
12930632.88044814 4886459.32088151
12930630.558835953 4886453.1264614295
12930628.237223765 4886446.93204523
12930625.91561158 4886440.737632904
12930623.618643032 4886434.527561082
12930621.326471549 4886428.314424039
12930619.033854272 4886422.101571818
12930616.752156552 4886415.8819030635
12930614.499903565 4886409.64384682
12930612.247650573 4886403.405794501
12930609.995397586 4886397.16774612
12930607.743144598 4886390.929701676
12930605.490891607 4886384.691661161
12930603.26198487 4886378.439306118
12930601.036619803 4886372.184782889
12930598.811254738 4886365.930263615
12930596.615685653 4886359.657843944
12930594.438147977 4886353.374593217
12930592.2606103 4886347.091346485
12930590.08307262 4886340.808103734
12930587.905534944 4886334.524864985
12930585.730300318 4886328.240277757
12930583.587988872 4886321.936360522
12930581.44567742 4886315.632447305
12930579.303365976 4886309.328538103
12930577.161054526 4886303.0246329205
12930575.049507422 4886296.703098881
12930572.958752958 4886290.369651383
12930570.865536118 4886284.037617288
12930568.746364975 4886277.720481575
12930566.66911966 4886271.379444724
12930564.591874342 4886265.038411928
12930562.514629025 4886258.697383205
12930560.437383708 4886252.356358537
12930558.379907828 4886246.004372567
12930556.339536088 4886239.642903646
12930554.299164345 4886233.28143882
12930552.258792605 4886226.919978083
12930550.244755046 4886220.544290159
12930548.257736959 4886214.154004754
12930546.270718869 4886207.763723472
12930544.283700781 4886201.3734463155
12930542.30593212 4886194.978280558
12930540.33862492 4886188.577585068
12930538.37131772 4886182.176893721
12930536.404010521 4886175.776206513
12930534.436776813 4886169.375485365
12930532.519580733 4886162.948840839
12930530.602384655 4886156.522200485
12930528.68518858 4886150.095564309
12930526.767992502 4886143.668932304
12930524.857233247 4886137.239053432
12930522.97515498 4886130.794692854
12930521.093076713 4886124.350336472
12930519.21099845 4886117.90598429
12930517.328920184 4886111.461636303
12930515.461924633 4886105.009829982
12930513.612379842 4886098.549393694
12930511.762835052 4886092.088961624
12930509.91329026 4886085.628533777
12930508.108768003 4886079.146434057
12930506.315076645 4886072.65912406
12930504.521385286 4886066.171818317
12930502.731483929 4886059.682737683
12930500.962352734 4886053.183911199
12930499.19322154 4886046.685088979
12930497.424090346 4886040.186271026
12930495.654959152 4886033.687457347
12930493.900260855 4886027.182016272
12930492.173704429 4886020.663648803
12930490.447147999 4886014.145285626
12930488.720591571 4886007.626926747
12930487.010829147 4886001.101045265
12930485.31846274 4885994.567371378
12930483.62609633 4885988.033701809
12930481.933729919 4885981.500036552
12930480.241363509 4885974.966375609
12930478.572502488 4885968.42243439
12930476.918903107 4885961.8718198985
12930475.265303724 4885955.321209748
12930473.611704342 4885948.770603926
12930471.958104957 4885942.220002446
12930470.349890163 4885935.650150835
12930468.749359248 4885929.077043684
12930467.148828335 4885922.503940911
12930465.548297418 4885915.930842495
12930463.97874428 4885909.34498991
12930462.411458889 4885902.758207714
12930460.844173502 4885896.171429902
12930459.276888113 4885889.584656477
12930457.717472542 4885882.994741694
12930456.202236256 4885876.387171856
12930454.686999967 4885869.779606434
12930453.171763683 4885863.172045422
12930451.656527394 4885856.564488818
12930450.16088598 4885849.9493093295
12930448.667668272 4885843.333190839
12930447.174450561 4885836.717076768
12930445.68123285 4885830.100967122
