12930463.905472428 4885823.478863905
12930465.236544063 4885829.479641185
12930466.567615703 4885835.480422106
12930467.898687338 4885841.4812066695
12930469.229758976 4885847.481994867
12930470.584869776 4885853.473514762
12930471.955858963 4885859.458913966
12930473.326848147 4885865.444316791
12930474.697837329 4885871.429723238
12930476.068826513 4885877.415133298
12930477.460573152 4885883.392214638
12930478.892375896 4885889.353220474
12930480.32417864 4885895.314229897
12930481.755981384 4885901.275242912
12930483.187784128 4885907.236259518
12930484.625678744 4885913.194742364
12930486.092582753 4885919.141145992
12930487.559486764 4885925.087553187
12930489.026390772 4885931.033963959
12930490.493294783 4885936.9803783065
12930491.960198792 4885942.926796221
12930493.427102802 4885948.873217717
12930494.894006811 4885954.819642781
12930496.387702007 4885960.754590589
12930497.895110387 4885966.683665439
12930499.40251877 4885972.612743835
12930500.90992715 4885978.541825796
12930502.41733553 4885984.4709113
12930503.944542533 4885990.391207939
12930505.508435471 4885996.29521616
12930507.07232841 4886002.199227908
12930508.636221346 4886008.103243173
12930510.200114284 4886014.00726196
12930511.764007222 4886019.911284271
12930513.33090124 4886025.813937292
12930514.920731489 4886031.706101872
12930516.510561734 4886037.5982699655
12930518.100391982 4886043.49044156
12930519.693153964 4886049.381241877
12930521.32733409 4886055.252623276
12930522.96151421 4886061.124008163
12930524.595694335 4886066.995396533
12930526.24882781 4886072.857662301
12930527.914883627 4886078.713709394
12930529.580939444 4886084.569759959
12930531.246995261 4886090.4258139925
12930532.913051078 4886096.281871485
12930534.583087888 4886102.1359720025
12930536.283069367 4886107.975329714
12930537.983050844 4886113.814690872
12930539.683032323 4886119.654055476
12930541.383013802 4886125.493423527
12930543.082995279 4886131.332795021
12930544.782976758 4886137.172169964
12930546.488495031 4886143.008740058
12930548.24234515 4886148.820799363
12930549.996195268 4886154.632862087
12930551.750045387 4886160.44492823
12930553.503895504 4886166.256997779
12930555.286943655 4886172.05376899
12930557.08609552 4886177.84210415
12930558.885247383 4886183.630442696
12930560.684399249 4886189.418784633
12930562.483551115 4886195.207129956
12930564.283900768 4886200.994838063
12930566.100311862 4886206.773959614
12930567.916722957 4886212.553084542
12930569.733134056 4886218.332212839
12930571.549545148 4886224.111344514
12930573.38784754 4886229.878545698
12930575.246509941 4886235.634651133
12930577.105172347 4886241.390759908
12930578.96383475 4886247.146872037
12930580.822497154 4886252.902987515
12930582.681159558 4886258.659106339
12930584.539821962 4886264.415228514
12930586.407898784 4886270.166082812
12930588.3086087 4886275.898668854
12930590.209318614 4886281.631258218
12930592.11002853 4886287.363850898
12930594.010738444 4886293.0964469025
12930595.937669834 4886298.813947304
12930597.88601376 4886304.519121157
12930599.834357683 4886310.224298309
12930601.78270161 4886315.92947875
12930603.731045533 4886321.634662475
12930605.679389458 4886327.339849496
12930607.65628489 4886333.028193812
12930609.636038888 4886338.7148547815
12930611.61579289 4886344.401519019
12930613.59554689 4886350.088186524
12930615.57530089 4886355.774857299
12930617.564362502 4886361.455910017
12930619.58925661 4886367.115324987
12930621.61415072 4886372.774743193
12930623.63904483 4886378.434164636
12930625.663938938 4886384.093589314
12930627.688833047 4886389.753017236
12930629.713727154 4886395.412448389
12930631.75304839 4886401.062999766
12930633.808617365 4886406.703433934
12930635.886644946 4886412.329821519
12930637.964672528 4886417.956212298
12930640.044803686 4886423.581270425
12930642.121952621 4886429.208213932
12930644.205593461 4886434.831021181
12930646.312081816 4886440.439285458
12930648.418570172 4886446.047552911
12930650.525058528 4886451.6558235455
12930652.631546885 4886457.264097358
12930654.742226042 4886462.869657129
12930656.878496245 4886468.458627402
12930659.014766444 4886474.047600829
12930661.151036646 4886479.636577422
12930663.287306847 4886485.225557168
12930665.444416625 4886490.800753044
12930667.619804453 4886496.3638597
12930669.795192275 4886501.926969478
12930671.970580101 4886507.490082391
12930674.145967927 4886513.053198425
12930676.32135575 4886518.616317593
12930678.516193433 4886524.16630848
12930680.722415354 4886529.708616505
12930682.928637274 4886535.250927642
12930685.134859197 4886540.793241882
12930687.341081116 4886546.335559225
12930689.572980298 4886551.860184625
12930691.819573272 4886557.37468712
12930694.066166248 4886562.889192698
12930696.312759224 4886568.4037013445
12930698.559352199 4886573.918213061
12930700.812171862 4886579.428346419
12930703.091347668 4886584.919937191
12930705.370523473 4886590.411531013
12930707.64969928 4886595.903127878
12930709.928875087 4886601.394727797
12930712.229876356 4886606.870683857
12930714.544258473 4886612.337034859
12930716.859101145 4886617.8030553525
12930719.17394382 4886623.269078867
12930721.487687143 4886628.735901842
12930723.801391797 4886634.202755851
12930726.115096452 4886639.669612881
12930728.428801104 4886645.136472934
12930730.742505759 4886650.603336001
12930733.098874178 4886656.038900578
12930735.458500214 4886661.472078089
12930737.81812625 4886666.905258588
12930740.177752286 4886672.338442065
12930742.537378322 4886677.771628533
12930744.897004358 4886683.204817981
12930747.272723522 4886688.625974276
12930749.65492416 4886694.042286009
12930752.037124801 4886699.45860071
12930754.41932544 4886704.874918371
12930756.80152608 4886710.291239002
12930759.18372672 4886715.707562599
12930761.587175634 4886721.107723865
12930764.007890351 4886726.494752567
12930766.428605068 4886731.881784204
12930768.849319784 4886737.268818773
12930771.270034503 4886742.655856281
12930773.69074922 4886748.04289671
12930776.111463938 4886753.42994008
12930778.54346909 4886758.808220991
12930780.998571051 4886764.168573457
12930783.45367301 4886769.528928831
12930785.908774972 4886774.889287111
12930788.363876933 4886780.249648298
12930790.818978895 4886785.610012382
12930793.296234848 4886790.952906181
12930795.77400807 4886796.295394887
12930798.251781294 4886801.637886481
12930800.729554515 4886806.980380958
12930803.20732774 4886812.322878316
12930805.685100961 4886817.665378567
12930808.162874183 4886823.007881701
12930810.644466154 4886828.347334077
12930813.149391333 4886833.668131111
12930815.654316513 4886838.988930999
12930818.159241693 4886844.309733744
12930820.664166875 4886849.630539355
12930823.18225393 4886854.940685292
12930825.70724852 4886860.245238228
12930828.232243113 4886865.549794004
12930830.757237706 4886870.854352629
12930833.282232298 4886876.158914099
12930835.797741808 4886881.471063116
12930838.344631404 4886886.757687168
12930840.891521003 4886892.0443140445
12930843.438686559 4886897.330716187
12930845.986319086 4886902.616736086
12930848.533951616 4886907.902758811
12930851.081584146 4886913.188784353
12930853.629216673 4886918.4748127265
12930856.178047298 4886923.759849667
12930858.748073515 4886929.027299956
12930861.318099732 4886934.294753051
12930863.888125949 4886939.562208951
12930866.458152167 4886944.829667652
12930869.028178383 4886950.097129164
12930871.5982046 4886955.364593478
12930874.168230817 4886960.632060592
12930876.738257034 4886965.899530515
12930879.308283249 4886971.167003242
12930881.880837785 4886976.432360641
12930884.463056773 4886981.689624315
12930887.045275763 4886986.9468907835
12930889.62749475 4886992.204160044
12930892.20971374 4886997.461432098
12930894.791932728 4887002.718706946
12930897.397653747 4887007.956094856
12930900.00471122 4887013.192354491
12930902.61176869 4887018.428616898
12930905.218826164 4887023.664882075
12930907.825883634 4887028.901150022
12930910.432941109 4887034.1374207465
12930913.040131222 4887039.373580591
12930915.667631386 4887044.592340874
12930918.295131547 4887049.811103913
12930920.92263171 4887055.029869702
12930923.550131872 4887060.248638242
12930926.177632036 4887065.467409546
12930928.8051322 4887070.686183593
12930931.432632359 4887075.904960394
12930934.060132522 4887081.123739957
12930936.687632686 4887086.342522263
12930939.315132845 4887091.561307323
12930941.92498712 4887096.794909566
12930944.572193835 4887101.996628826
12930947.219400546 4887107.198350825
12930949.86660726 4887112.4000755595
12930952.49083298 4887117.619309787
12930955.12622307 4887122.831298492
12930957.779135615 4887128.028041638
12930960.435080916 4887133.222148368
12930963.091026211 4887138.416257822
12930965.746971512 4887143.610370002
12930968.402916808 4887148.8044849085
12930971.058862109 4887153.998602543
12930973.714807404 4887159.192722907
12930976.370752705 4887164.386845993
12930979.026698 4887169.580971812
12930981.683431124 4887174.7744100895
12930984.343820201 4887179.964647876
12930987.004209278 4887185.154888381
12930989.664598357 4887190.345131616
12930992.324987432 4887195.535377572
12930994.985884208 4887200.725180818
12930997.64681109 4887205.914960374
12931000.30773797 4887211.104742647
12931002.968664853 4887216.294527648
12931005.630526017 4887221.483493618
12931008.291451655 4887226.673285153
12931010.952377295 4887231.86307941
12931013.613302933 4887237.0528763905
12931016.274228571 4887242.242676094
12931018.93515421 4887247.432478519
12931021.596079847 4887252.622283668
12931024.257005487 4887257.8120915415
12931026.917931125 4887263.001902136
12931029.578856764 4887268.191715448
12931032.239782402 4887273.38153149
12931034.900708042 4887278.571350257
12931037.56163368 4887283.761171741
12931040.222559316 4887288.950995944
12931042.883213658 4887294.141060856
12931045.542902451 4887299.33197547
12931048.202591244 4887304.522892804
12931050.862280037 4887309.7138128625
12931053.52196883 4887314.904735648
12931056.181657622 4887320.09566115
12931058.841948817 4887325.286060646
12931061.505017241 4887330.474025252
12931064.168085668 4887335.6619925825
12931066.831154091 4887340.849962633
12931069.494222516 4887346.0379353985
12931072.157290941 4887351.225910892
12931074.820359366 4887356.413889103
12931077.483427789 4887361.601870037
12931080.146496214 4887366.789853688
12931082.809564639 4887371.977840064
12931085.472633066 4887377.165829157
12931088.135701489 4887382.353820976
12931090.798769914 4887387.541815507
12931093.461838339 4887392.729812767
12931096.124906762 4887397.917812742
12931098.787975186 4887403.105815444
12931101.451043611 4887408.293820858
12931104.114112036 4887413.481829002
12931106.777180463 4887418.669839862
12931109.440248886 4887423.857853446
12931112.103317311 4887429.045869743
12931114.766385736 4887434.2338887695
12931117.429484833 4887439.421883571
12931120.0926245 4887444.6098454455
12931122.755764166 4887449.7978100395
12931125.418903833 4887454.9857773585
12931128.082043499 4887460.173747399
12931130.745183166 4887465.361720156
12931133.408322832 4887470.549695637
12931136.071462499 4887475.73767384
12931138.734602164 4887480.92565476
12931141.397741832 4887486.1136384
12931144.060881497 4887491.301624769
12931146.724021165 4887496.489613854
12931149.38716083 4887501.677605657
12931152.050300498 4887506.865600182
12931154.713440163 4887512.053597431
12931157.37657983 4887517.2415974
12931160.041529585 4887522.428008714
12931162.707158307 4887527.613825823
12931165.372787029 4887532.799645647
12931168.038415752 4887537.985468191
12931170.704044478 4887543.17129346
12931173.3696732 4887548.357121439
12931176.035301922 4887553.542952138
12931178.700930644 4887558.728785558
12931181.366559368 4887563.914621694
12931184.03218809 4887569.100460553
12931186.697816815 4887574.286302125
12931189.363445537 4887579.472146424
12931192.02907426 4887584.657993435
12931194.694702983 4887589.843843163
12931197.360331705 4887595.029695615
12931200.025960429 4887600.215550781
12931202.69158915 4887605.401408667
12931205.357217876 4887610.587269278
12931208.022846598 4887615.773132599
12931210.687149962 4887620.960163612
12931213.349479012 4887626.148932731
12931216.011808064 4887631.33770457
12931218.674137117 4887636.526479135
12931221.336466169 4887641.715256417
12931223.99879522 4887646.904036426
12931226.661124272 4887652.092819156
12931229.323453326 4887657.2816046
12931231.985782377 4887662.470392774
12931234.648111429 4887667.659183666
12931237.310440483 4887672.847977284
12931239.972769532 4887678.036773623
12931242.635098588 4887683.22557268
12931245.297427638 4887688.414374462
12931247.95975669 4887693.603178959
12931250.622085743 4887698.791986185
12931253.284414794 4887703.980796129
12931255.946743846 4887709.1696088
12931258.609072898 4887714.358424186
12931261.271401951 4887719.547242297
12931263.933731003 4887724.736063132
12931266.596060054 4887729.924886689
12931269.258389108 4887735.113712961
12931271.92071816 4887740.302541961
12931274.58304721 4887745.49137368
12931277.245376261 4887750.680208124
12931279.907705314 4887755.869045291
12931282.570034368 4887761.057885179
12931285.23236342 4887766.246727781
12931287.894692471 4887771.435573113
12931290.557021523 4887776.624421163
12931293.219350576 4887781.813271939
12931295.881679628 4887787.002125435
12931298.54400868 4887792.190981652
12931301.206337733 4887797.379840593
12931303.868666785 4887802.568702248
12931306.530995835 4887807.757566634
12931309.19332489 4887812.946433737
12931311.85565394 4887818.135303565
12931314.517982991 4887823.324176113
12931317.180312045 4887828.513051382
12931319.842641097 4887833.7019293755
12931322.50497015 4887838.890810093
12931325.167299202 4887844.079693531
12931327.829628253 4887849.268579684
12931330.491957305 4887854.457468566
12931333.154286359 4887859.646360167
12931335.81661541 4887864.835254492
12931338.47894446 4887870.024151542
12931341.141273515 4887875.213051304
12931343.803602565 4887880.401953795
12931346.465931617 4887885.590859005
12931349.128260668 4887890.779766941
12931351.790589722 4887895.968677601
12931354.452918775 4887901.157590972
12931357.115247827 4887906.346507074
12931359.777576879 4887911.535425894
12931362.43990593 4887916.724347441
12931365.10445606 4887921.91102749
12931367.758813342 4887927.106940268
12931370.413170625 4887932.302855772
12931373.067527907 4887937.498774008
12931375.721885188 4887942.694694972
12931378.376242468 4887947.890618662
12931381.03059975 4887953.086545086
12931383.684957033 4887958.282474239
12931386.339314315 4887963.478406119
12931388.993671598 4887968.674340724
12931391.648501959 4887973.869862844
12931394.316646287 4887979.053701861
12931396.984790614 4887984.2375436025
12931399.652934946 4887989.421388061
12931402.321079273 4887994.60523523
12931404.989223601 4887999.789085119
12931407.657367928 4888004.972937727
12931410.325512258 4888010.156793043
12931412.993656587 4888015.340651086
12931415.661800914 4888020.524511844
12931418.329945244 4888025.708375315
12931420.998089572 4888030.892241504
12931423.6662339 4888036.076110412
12931426.33437823 4888041.259982034
12931429.002522558 4888046.443856375
12931431.670666885 4888051.627733431
12931434.338811215 4888056.811613199
12931437.006955544 4888061.995495692
12931439.675099874 4888067.179380897
12931442.3432442 4888072.363268822
12931445.01138853 4888077.547159462
12931447.67953286 4888082.731052818
12931450.347677186 4888087.914948895
12931453.015821515 4888093.09884768
12931455.683965841 4888098.282749191
12931458.352110172 4888103.466653417
12931461.0202545 4888108.650560357
12931463.688398827 4888113.834470013
12931466.356543157 4888119.018382391
12931469.021220397 4888124.205347855
12931471.684292573 4888129.393728196
12931474.34736475 4888134.582111251
12931477.010436926 4888139.77049703
12931479.673509102 4888144.958885534
12931482.336581279 4888150.147276755
12931484.999653453 4888155.335670699
12931487.66272563 4888160.52406737
12931490.325797807 4888165.712466754
12931492.988869982 4888170.900868861
12931495.651942158 4888176.089273695
12931498.315014333 4888181.277681247
12931500.978086509 4888186.46609152
12931503.641158683 4888191.654504517
12931506.30423086 4888196.8429202335
12931508.967303036 4888202.031338673
12931511.63037521 4888207.219759837
12931514.293447386 4888212.408183715
12931516.96171564 4888217.592025036
12931519.640825285 4888222.766302069
12931522.319934927 4888227.940581809
12931524.999044571 4888233.114864256
12931527.678154213 4888238.289149413
12931530.357263856 4888243.463437273
12931533.036373498 4888248.6377278445
12931535.71548314 4888253.8120211195
12931538.394592786 4888258.986317099
12931541.087069688 4888264.148724674
12931543.7796376 4888269.311053986
12931546.472205507 4888274.473385991
12931549.164773416 4888279.635720687
12931551.857341327 4888284.798058081
12931554.551515155 4888289.958960964
12931557.252749184 4888295.11354805
12931559.953983208 4888300.268137821
12931562.655217234 4888305.422730277
12931565.35645126 4888310.57732542
12931568.057685286 4888315.731923251
12931570.76095916 4888320.884678858
12931573.492251338 4888326.012096385
12931576.223543517 4888331.13951657
12931578.954835692 4888336.266939416
12931581.686127871 4888341.394364918
12931584.41742005 4888346.521793079
12931587.164283616 4888351.634954203
12931589.913867164 4888356.745625365
12931592.663450707 4888361.8562991675
12931595.413034253 4888366.966975612
12931598.162617797 4888372.0776547
12931600.91681926 4888377.184065152
12931603.682176754 4888382.280159623
12931606.447534248 4888387.376256726
12931609.212891743 4888392.472356453
12931611.978249237 4888397.568458806
12931614.751402931 4888402.657280134
12931617.537837405 4888407.733696429
12931620.32427188 4888412.81011533
12931623.110706354 4888417.886536832
12931625.897140827 4888422.962960947
12931628.683575299 4888428.039387661
12931631.495018475 4888433.092134505
12931634.310040297 4888438.141495057
12931637.12506212 4888443.190858186
12931639.946685677 4888448.233884524
12931642.784337377 4888453.261522276
12931645.621989079 4888458.289162591
12931648.459640779 4888463.316805456
12931651.297292478 4888468.344450876
12931654.13494418 4888473.372098854
12931656.97259588 4888478.399749388
12931659.81024758 4888483.427402477
12931662.669869073 4888488.433652674
12931665.538214525 4888493.431405543
12931668.416285377 4888498.419570349
12931671.298229238 4888503.403918359
12931674.180173097 4888508.388268878
12931677.062116954 4888513.372621904
12931679.944060815 4888518.35697745
12931682.836331517 4888523.331048873
12931685.741517719 4888528.292257584
12931688.646703921 4888533.253468782
12931691.556270607 4888538.210260502
12931694.486991193 4888543.145700484
12931697.41771178 4888548.081142924
12931700.353493068 4888553.011412725
12931703.305938283 4888557.924644375
12931706.258383496 4888562.837878465
12931709.21082871 4888567.751114998
12931712.180951566 4888572.645983361
12931715.170342227 4888577.520831039
12931718.159732893 4888582.39568112
12931721.149123555 4888587.270533598
12931724.138514219 4888592.145388486
12931727.134408556 4888597.0133830225
12931730.142535657 4888601.868471793
12931733.150662761 4888606.723562947
12931736.158789866 4888611.57865648
12931739.166916968 4888616.433752401
12931742.17504407 4888621.288850705
12931745.208170459 4888626.1172459
12931748.247272968 4888630.939174633
12931751.310626326 4888635.734801327
12931754.37397969 4888640.530430352
12931757.43733305 4888645.326061706
12931760.504833616 4888650.117145817
12931763.57964059 4888654.900216968
12931766.66657407 4888659.669811032
12931769.777254662 4888664.413010936
12931772.887935251 4888669.156213118
12931776.009744707 4888673.886856002
12931779.139565712 4888678.608458216
12931782.269386712 4888683.330062682
12931785.399207713 4888688.051669406
12931788.529028717 4888692.773278379
12931791.658849718 4888697.4948896095
12931794.798621228 4888702.205163338
12931797.943570457 4888706.90953869
12931801.088519687 4888711.613916282
12931804.25933477 4888716.288248643
12931807.457166985 4888720.931198337
12931810.657662783 4888725.570841599
12931814.05593111 4888729.963287014
12931817.455440693 4888734.354099756
12931820.854950277 4888738.744914455
12931824.25445986 4888743.135731097
12931827.654556012 4888747.525767663
12931831.073657656 4888751.8904674435
12931834.492759297 4888756.255169142
12931837.914937783 4888760.615713262
12931841.360706795 4888764.944367755
12931844.80647581 4888769.273024147
12931848.252244825 4888773.601682438
12931851.69801384 4888777.930342623
12931855.143782856 4888782.259004698
12931858.589551874 4888786.587668672
12931862.036122391 4888790.915240109
12931865.488372916 4888795.235057609
12931868.940623442 4888799.554876993
12931872.392873965 4888803.874698262
12931875.876793386 4888808.143285966
12931879.284047145 4888812.52384511
12931882.691300906 4888816.904406203
12931886.098554663 4888821.284969237
12931889.505808422 4888825.66553421
12931892.913062183 4888830.046101119
12931896.32031594 4888834.426669972
12931899.727569701 4888838.807240763
12931903.19884316 4888843.096252133
12931906.76740942 4888847.2511237655
12931910.33597568 4888851.405997139
12931913.90454194 4888855.560872254
12931917.473108202 4888859.71574912
12931921.041674461 4888863.870627733
12931924.610240722 4888868.025508084
12931928.19365297 4888872.158372919
12931931.788468305 4888876.274335324
12931935.382068833 4888880.392115498
12931938.975669364 4888884.509897379
12931942.56926989 4888888.627680983
12931946.162870418 4888892.7454663
12931949.756470945 4888896.86325333
12931953.361988168 4888900.963143991
12931956.971912386 4888905.056417328
12931960.581836605 4888909.149692366
12931964.191760823 4888913.24296909
12931967.801685039 4888917.336247515
12931971.422360187 4888921.413129337
12931975.063588066 4888925.4586639255
12931978.704815945 4888929.504200174
12931982.346043823 4888933.549738073
12931985.9872717 4888937.595277625
12931989.626121415 4888941.644479715
12931993.277168084 4888945.674775402
12931996.938604292 4888949.688972632
12932000.600040494 4888953.703171497
12932004.261476703 4888957.717371993
12932007.92637205 4888961.726138397
12932011.606685784 4888965.71067788
12932015.28699952 4888969.695218967
12932018.967313256 4888973.679761662
12932022.647626989 4888977.664305956
12932026.327940723 4888981.648851857
12932030.010836406 4888985.62927495
12932033.721225344 4888989.56578174
12932037.431614282 4888993.502290091
12932041.142003221 4888997.438800014
12932044.85239216 4889001.375311508
12932048.57558829 4889005.290953673
12932052.31468388 4889009.18068727
12932056.053779472 4889013.070422394
12932059.792875063 4889016.9601590475
12932063.531970652 4889020.8498972375
12932067.271066245 4889024.739636952
12932071.011959333 4889028.626399463
12932074.770971278 4889032.483137703
12932078.529983224 4889036.339877455
12932082.288995167 4889040.1966187
12932086.04800711 4889044.053361459
12932089.807019057 4889047.910105715
12932093.566031 4889051.766851475
12932097.325042944 4889055.623598744
12932101.120507164 4889059.418670019
12932104.918860305 4889063.208854669
12932108.717213448 4889066.999040778
12932112.51556659 4889070.789228332
12932116.313919734 4889074.579417338
12932120.120334752 4889078.355652598
12932123.943253193 4889082.103321672
12932127.766171632 4889085.850992159
12932131.589090072 4889089.59866407
12932135.41200851 4889093.346337404
12932139.23492695 4889097.0940121515
12932143.060100561 4889100.837722387
12932146.901973587 4889104.5520664705
12932150.74384661 4889108.266411947
12932154.585719636 4889111.9807588225
12932158.42759266 4889115.695107094
12932162.269465685 4889119.409456756
12932166.128225936 4889123.093518048
12932170.004442215 4889126.746270703
12932173.88065849 4889130.399024709
12932177.75687477 4889134.051780065
12932181.649898393 4889137.673632204
12932185.557569088 4889141.268553308
12932189.465239782 4889144.863475716
12932193.372910475 4889148.458399434
12932197.280581173 4889152.053324457
12932201.188251864 4889155.648250789
12932205.106786897 4889159.222853631
12932209.027896525 4889162.792641249
12932212.949006157 4889166.362430157
12932216.870115787 4889169.932220359
12932220.791225415 4889173.50201185
12932224.72763505 4889177.042812709
12932228.667999782 4889180.576120337
12932232.608364513 4889184.109429218
12932236.548729248 4889187.6427393695
12932240.48909398 4889191.176050783
12932244.41401914 4889194.738415546
12932248.317139853 4889198.34181025
12932252.220260564 4889201.945206268
12932256.213871513 4889205.372925175
12932260.231234016 4889208.754533807
12932264.210352244 4889212.21261341
12932268.186870463 4889215.675892969
12932272.163388684 4889219.139173744
12932276.1630597 4889222.556495611
12932280.163923046 4889225.9714182075
12932284.19215541 4889229.330821741
12932288.220387772 4889232.690226416
12932292.251276975 4889236.044051489
12932296.333334772 4889239.290259852
12932300.446297519 4889242.469031415
12932304.573869208 4889245.614870923
12932308.723344252 4889248.711334482
12932312.91424821 4889251.709806262
12932317.123861715 4889254.66402482
12932321.33347522 4889257.618244262
12932325.543088723 4889260.572464586
12932329.767743893 4889263.489315772
12932334.010880936 4889266.3602508195
12932338.25401798 4889269.231186696
12932342.497155026 4889272.10212341
12932346.74029207 4889274.973060954
12932351.016747003 4889277.757847162
12932355.297687279 4889280.531036113
12932359.578627557 4889283.304225838
12932363.859567832 4889286.077416342
12932368.172742486 4889288.762888636
12932372.501301773 4889291.406495627
12932376.829861064 4889294.05010332
12932381.16706112 4889296.668809816
12932385.53705428 4889299.193010219
12932389.907047436 4889301.717211255
12932394.280551633 4889304.230797918
12932398.678084774 4889306.671737699
12932403.075617911 4889309.11267808
12932407.473151054 4889311.553619067
12932411.88877641 4889313.937227301
12932416.321359584 4889316.267097637
12932420.754246272 4889318.595974093
12932425.193924306 4889320.902600494
12932429.643510472 4889323.175722114
12932434.113412281 4889325.380144944
12932438.588548157 4889327.566067032
12932443.078015566 4889329.701330872
12932447.567482969 4889331.836595183
12932452.078031262 4889333.893935837
12932456.594320433 4889335.930056131
12932461.110609602 4889337.966176841
12932465.636053814 4889339.966796329
12932470.171821035 4889341.927385381
12932474.70758826 4889343.887974814
12932479.243355481 4889345.848564637
12932483.802904457 4889347.7116224095
12932488.368319413 4889349.550623269
12932492.938605022 4889351.368740978
12932497.51080843 4889353.178636233
12932502.092647582 4889354.945824287
12932506.682968222 4889356.675421035
12932511.273288859 4889358.405018078
12932515.876023564 4889360.076930022
12932520.481592072 4889361.7356741885
12932525.101252535 4889363.325425057
12932529.725171555 4889364.894326465
12932534.349090576 4889366.463228128
12932538.985371785 4889367.9672463685
12932543.630996699 4889369.4222238725
12932548.276621612 4889370.877201591
12932552.922246523 4889372.332179521
12932557.580766821 4889373.714388394
12932562.241674569 4889375.083124968
12932566.9055378 4889376.434083671
12932571.579801416 4889377.7224813765
12932576.25881357 4889378.980693167
12932580.941961067 4889380.212617064
12932585.626305774 4889381.436631588
12932590.314766593 4889382.63345268
12932595.00322741 4889383.830273919
12932599.699509531 4889384.972284852
12932604.40212488 4889386.069913633
12932609.110237468 4889387.126093328
12932613.820517395 4889388.165931411
12932618.538240766 4889389.145760667
12932623.258064961 4889390.1086532045
12932627.97788916 4889391.071545836
12932632.697713355 4889392.034438565
12932637.424251769 4889392.937750544
12932642.155594695 4889393.798428138
12932646.886937626 4889394.659105808
12932651.620488023 4889395.497995653
12932656.359781435 4889396.280201537
12932661.099074848 4889397.062407477
12932665.83836826 4889397.844613484
12932670.57766167 4889398.626819553
12932675.320599927 4889399.37017067
12932680.063777316 4889400.110972598
12932684.806954708 4889400.851774578
12932689.550132098 4889401.592576616
12932694.293309487 4889402.333378712
12932699.036486877 4889403.074180858
12932703.779664267 4889403.814983061
12932708.522841658 4889404.555785324
12932713.26522527 4889405.304768457
12932717.999390613 4889406.138450571
12932722.733555958 4889406.972132751
12932727.467721304 4889407.805815007
12932732.197293859 4889408.68276066
12932736.925873598 4889409.569058555
12932741.648828538 4889410.504531066
12932746.368507465 4889411.468644106
12932751.075443875 4889412.533034475
12932755.775877675 4889413.645989577
12932760.46999859 4889414.804204703
12932765.149924554 4889416.055632707
12932769.822073642 4889417.356206737
12932774.470444191 4889418.796098843
12932779.11281383 4889420.267436926
12932783.732828345 4889421.855919812
12932788.336929003 4889423.521342955
12932792.914289683 4889425.308173808
12932797.455157582 4889427.2470305255
12932801.976417152 4889429.262970193
12932806.46575658 4889431.398455658
12932810.917960392 4889433.663394269
12932815.324874584 4889436.075072613
12932819.704325324 4889438.5703263655
12932824.00333042 4889441.294430344
12932828.227561725 4889444.20932662
12932832.415053645 4889447.216950202
12932836.513855094 4889450.424232118
12932840.550727185 4889453.765442705
12932844.544698095 4889457.193325741
12932848.42272968 4889460.841291116
12932852.177391635 4889464.704098942
12932855.908422815 4889468.6072489405
12932859.50052948 4889472.726038464
12932863.001085835 4889476.976333172
12932866.350826306 4889481.430735092
12932869.604918467 4889486.006291463
12932872.744318202 4889490.716379862
12932875.770505235 4889495.551952178
12932878.628587855 4889500.559940292
12932881.320424022 4889505.722108762
12932883.806485102 4889511.058652544
12932886.108731378 4889516.534172743
12932888.243131543 4889522.125092952
12932890.234155979 4889527.806848465
12932892.01168492 4889533.606156071
12932893.60304523 4889539.498651716
12932894.960703747 4889545.490685883
12932896.08008024 4889551.566021789
12932896.997170942 4889557.698347257
12932897.622970033 4889563.892933879
12932898.09673882 4889570.11022795
12932898.325459454 4889576.353680912
12932898.322539598 4889582.602019126
12932898.04876878 4889588.841714
12932897.561869485 4889595.057589245
12932896.806352088 4889601.228827438
12932895.834270395 4889607.3473424055
12932894.66794824 4889613.407026542
12932893.30106909 4889619.393670668
12932891.657671174 4889625.261518245
12932889.876572592 4889631.059230549
12932887.85993052 4889636.725385509
12932885.64998525 4889642.265692072
12932883.324926527 4889647.724633947
12932880.793921523 4889653.023704475
12932878.023915807 4889658.115087113
12932875.181378892 4889663.1373882005
12932872.17280568 4889667.991441229
12932868.988936758 4889672.6496209605
12932865.683908135 4889677.160605868
12932862.248782417 4889681.502986458
12932858.75432113 4889685.764276218
12932855.153023329 4889689.870391809
12932851.482040115 4889693.868645124
12932847.70797899 4889697.700396125
12932843.829595026 4889701.3466921905
12932839.859577965 4889704.821835029
12932835.804046225 4889708.12379453
12932831.677907962 4889711.273345388
12932827.489261942 4889714.275636062
12932823.240673218 4889717.132236369
12932818.928601278 4889719.819963454
12932814.55766609 4889722.340365751
12932810.139135024 4889724.714299488
12932805.701443743 4889727.027122423
12932801.195461461 4889729.10020495
12932796.660769934 4889731.065126775
12932792.08117702 4889732.839432512
12932787.472260745 4889734.482240742
12932782.814893467 4889735.869917408
12932778.154171655 4889737.239662775
12932773.461203009 4889738.405883598
12932768.768234355 4889739.5721045565
12932764.053372096 4889740.573134682
12932759.32210744 4889741.432090423
12932754.576524219 4889742.140533734
12932749.824695814 4889742.779419536
12932745.05811383 4889743.18353049
12932740.287825854 4889743.510940814
12932735.515678737 4889743.776671727
12932730.740502946 4889743.941922509
12932725.96530085 4889744.104182893
12932721.18848341 4889744.082800812
12932716.412354646 4889744.009124133
12932711.637810418 4889743.815126494
12932706.863266187 4889743.621128856
12932702.092960257 4889743.298712943
12932697.323411627 4889742.953351132
12932692.553863 4889742.607989324
12932687.790948022 4889742.13339806
12932683.028948488 4889741.6409732
12932678.270899577 4889741.087508729
12932673.513439199 4889740.524951106
12932668.75597882 4889739.962393523
12932664.003041776 4889739.338061413
12932659.250505434 4889738.708257017
12932654.49796909 4889738.078452661
12932649.745432748 4889737.448648346
12932644.992896406 4889736.818844074
12932640.24036006 4889736.189039839
12932635.48782372 4889735.5592356445
12932630.735287378 4889734.929431488
12932625.982751036 4889734.299627377
12932621.230214695 4889733.669823302
12932616.47767835 4889733.040019265
12932611.723124892 4889732.4374689
12932606.96655452 4889731.862169482
12932602.209984146 4889731.286870095
12932597.453413775 4889730.711570741
12932592.696614418 4889730.139759966
12932587.934740175 4889729.64526542
12932583.17286593 4889729.150770899
12932578.410991685 4889728.656276403
12932573.649117438 4889728.161781931
12932568.886344504 4889727.683929642
12932564.118646922 4889727.297273485
12932559.35094934 4889726.910617344
12932554.581513627 4889726.563088984
12932549.811690124 4889726.22429031
12932545.041137151 4889725.905324093
12932540.268495979 4889725.643130966
12932535.495854804 4889725.3809378445
12932530.723213628 4889725.118744725
12932525.950572453 4889724.856551623
12932521.175564835 4889724.686505459
12932516.400239281 4889724.528839282
12932511.62491373 4889724.371173099
12932506.849481368 4889724.221208796
12932502.072928315 4889724.152056148
12932497.296375256 4889724.082903505
12932492.519601058 4889724.056947088
12932487.742768688 4889724.04235401
12932482.965994347 4889724.0487343175
12932478.18936799 4889724.1085922755
12932473.412741628 4889724.168450229
12932468.636115268 4889724.228308194
12932463.860140698 4889724.334002343
12932459.085119149 4889724.506715903
12932454.310097601 4889724.679429474
12932449.535076052 4889724.852143053
12932444.760093302 4889725.026396829
12932439.9867451 4889725.26553809
12932435.213396901 4889725.504679352
12932430.44178979 4889725.796670101
12932425.670422735 4889726.095947707
12932420.900734527 4889726.43570083
12932416.132642627 4889726.813939524
12932411.364550726 4889727.192178226
12932406.596458824 4889727.570416947
12932401.832279088 4889728.024312421
12932397.068710266 4889728.4900222635
12932392.305800198 4889728.966383532
12932387.546993243 4889729.509088216
12932382.788186288 4889730.05179293
12932378.034097092 4889730.661030252
12932373.280224737 4889731.273325642
12932368.526352381 4889731.885621065
12932363.774049234 4889732.517283186
12932359.028529078 4889733.231408007
12932354.291643668 4889734.038228968
12932349.557058798 4889734.866521502
12932344.833248854 4889735.795378963
12932340.10943891 4889736.72423652
12932335.385628965 4889737.653094156
12932330.661819018 4889738.581951883
12932325.947089188 4889739.5857937625
12932321.235237919 4889740.613407054
12932316.53430571 4889741.7203035
12932311.844742205 4889742.909748
12932307.155178703 4889744.099192652
12932302.465615202 4889745.2886374425
12932297.775662659 4889746.475437863
12932293.10100282 4889747.760846002
12932288.41882188 4889748.9989057435
12932283.74058916 4889750.262411263
12932279.063306687 4889751.53188005
12932274.394054307 4889752.8509886
12932269.719795445 4889754.139459941
12932265.046351325 4889755.432986794
12932260.377285197 4889756.753049253
12932255.708813684 4889758.076892055
12932251.039602011 4889759.396329804
12932246.382995794 4889760.789894967
12932241.719129486 4889762.141156005
12932237.057479313 4889763.5039010085
12932232.419930896 4889764.95921252
12932227.90811819 4889767.0123438705
12932223.386687825 4889769.028274566
12932218.882424802 4889771.109430637
12932214.389195977 4889773.231178337
12932209.917445423 4889775.427131092
12932205.457330465 4889777.665300096
12932200.989863915 4889779.87815159
12932196.575134784 4889782.264902158
12932192.139241438 4889784.584048798
12932187.714823842 4889786.940014508
12932183.309374811 4889789.356437986
12932178.9138381 4889791.803582716
12932174.549961725 4889794.3457369385
12932170.176975932 4889796.861174488
12932165.837538743 4889799.47206881
12932161.49019596 4889802.062430986
12932157.168953035 4889804.725752429
12932152.530464726 4889806.182434528
12932147.885227706 4889807.609096973
12932143.639483219 4889810.473222445
12932139.421769211 4889813.406978544
12932135.22233296 4889816.386062467
12932131.050171275 4889819.42985768
12932126.884175913 4889822.488283774
12932122.75941316 4889825.640534383
12932118.643977134 4889828.814008679
12932114.537881758 4889832.007902688
12932110.45626204 4889835.25530158
12932106.380091755 4889838.514166974
12932102.349507207 4889841.868944406
12932098.31892266 4889845.223722975
12932094.297884401 4889848.597861968
12932090.305882148 4889852.030600034
12932086.346843038 4889855.5282234335
12932082.387803929 4889859.025848074
12932078.440480256 4889862.546062775
12932074.538870929 4889866.152220447
12932070.645994551 4889869.774784782
12932066.764634928 4889873.418271224
12932062.905818157 4889877.102709278
12932059.068126747 4889880.824317667
12932055.261325188 4889884.600276543
12932051.454523627 4889888.376236864
12932047.684397202 4889892.214492573
12932043.923261788 4889896.068021308
12932040.219343645 4889900.01530513
12932036.515593132 4889903.962865186
12932032.844563177 4889907.9620958995
12932029.192420928 4889911.991153852
12932025.575636458 4889916.074151084
12932021.976725843 4889920.18441624
12932018.397418743 4889924.323782917
12932014.859280635 4889928.522963365
12932011.356120538 4889932.772525064
12932007.852960447 4889937.022088588
12932004.36749486 4889941.29642257
12932000.892149083 4889945.584904991
12931997.483615447 4889949.964262873
12931994.091671703 4889954.365422838
12931990.7307782 4889958.807386716
12931987.369884703 4889963.249352589
12931984.026721332 4889967.713891331
12931980.726061694 4889972.232540346
12931977.474266527 4889976.811349594
12931974.23712835 4889981.407951878
12931971.022947993 4889986.032127315
12931967.808767632 4889990.6563049015
12931964.60811478 4889995.296351143
12931961.445866887 4889999.981444953
12931958.297412163 4890004.682412674
12931955.150898634 4890009.385616351
12931952.007224558 4890014.092034126
12931948.90617412 4890018.846668041
12931945.805123685 4890023.601304244
12931942.704073243 4890028.35594274
12931939.603022806 4890033.110583516
12931936.501972368 4890037.865226577
12931933.40092193 4890042.619871927
12931930.299871493 4890047.3745195605
12931927.19553317 4890052.125487776
12931924.085107364 4890056.869641645
12931920.969134301 4890061.607560088
12931917.853115259 4890066.3454291
12931914.737096217 4890071.083300381
12931911.621077172 4890075.821173928
12931908.500525985 4890080.553901195
12931905.353633218 4890085.256706448
12931902.20674045 4890089.959513937
12931899.052954717 4890094.6544013405
12931895.895567015 4890099.345151898
12931892.739076333 4890104.036938443
12931889.580292923 4890108.726046948
12931886.372111602 4890113.357410171
12931883.084726803 4890117.892538209
12931879.791053023 4890122.419971735
12931876.489841137 4890126.938000579
12931873.188629257 4890131.456031483
12931869.887417374 4890135.974064453
12931866.552166112 4890140.448804329
12931863.176843468 4890144.87202074
12931859.793415684 4890149.284678653
12931856.409987902 4890153.697338534
12931853.026560118 4890158.11000038
12931849.643132336 4890162.522664202
12931846.254231432 4890166.928128522
12931842.863717128 4890171.331471916
12931839.473202823 4890175.734817269
12931836.082688518 4890180.138164585
12931832.662396915 4890184.501789674
12931829.232838908 4890188.8530549
12931825.803280905 4890193.204322041
12931822.3737229 4890197.555591103
12931818.944164896 4890201.906862072
12931815.50160369 4890206.240503116
12931812.061551375 4890210.57756659
12931808.596743528 4890214.880511381
12931805.109375143 4890219.152380207
12931801.622006757 4890223.424250879
12931798.134507855 4890227.695940531
12931794.639937144 4890231.957723864
12931791.145366432 4890236.21950903
12931787.65643938 4890240.488922308
12931784.16134119 4890244.749970354
12931780.666242996 4890249.011020231
12931777.171144804 4890253.272071949
12931773.659551075 4890257.509766781
12931770.134154309 4890261.72783178
12931766.592188654 4890265.922091829
12931763.050223 4890270.116353659
12931759.508257346 4890274.310617271
12931755.966291692 4890278.504882656
12931752.416390019 4890282.687617708
12931748.859108385 4890286.859630434
12931745.301826749 4890291.031644921
12931741.733039858 4890295.186621301
12931738.13112685 4890299.292537967
12931734.529213844 4890303.398456333
12931730.927300837 4890307.504376412
12931727.325387834 4890311.6102981875
12931723.723474827 4890315.716221674
12931720.09732025 4890319.785366363
12931716.464794038 4890323.844845371
12931712.824580153 4890327.892421491
12931709.160180809 4890331.902547484
12931705.49578146 4890335.912675105
12931701.82236607 4890339.908628029
12931698.143625565 4890343.8962096535
12931694.438095646 4890347.841063542
12931690.730992315 4890351.783409402
12931687.023888983 4890355.7257568315
12931683.31678565 4890359.66810583
12931679.589134121 4890363.577062958
12931675.855217526 4890367.475840092
12931672.12130093 4890371.374618768
12931668.387384333 4890375.273398977
12931664.648986084 4890379.164807044
12931660.90588999 4890383.048487261
12931657.16053957 4890386.928382698
12931653.36768547 4890390.728493909
12931649.574831372 4890394.528606579
12931645.781977272 4890398.328720709
12931641.989123175 4890402.128836302
12931638.196269074 4890405.9289533505
12931634.34920282 4890409.630635267
12931630.39640811 4890413.140529241
12931626.44365266 4890416.65050023
12931622.49089721 4890420.160472463
12931618.538141761 4890423.670445944
12931614.584537243 4890427.178776051
12931610.620990425 4890430.667849476
12931606.662519762 4890434.166746552
12931602.712283783 4890437.681579073
12931598.762047805 4890441.196412845
12931594.850324826 4890444.784026636
12931590.967031164 4890448.424360883
12931587.084581444 4890452.0662498
12931583.202131728 4890455.708140054
12931579.319682008 4890459.350031648
12931575.411109703 4890462.943681768
12931571.498630833 4890466.530118612
12931567.586151969 4890470.116556756
12931563.6736731 4890473.702996203
12931559.761194235 4890477.289436953
12931555.841940071 4890480.863107489
12931551.906610552 4890484.406477051
12931547.971281031 4890487.9498478845
12931544.035951508 4890491.493219992
12931540.100621989 4890495.0365933655
12931536.165292464 4890498.579968013
12931532.216444554 4890502.097367955
12931528.255504476 4890505.591533707
12931524.294564396 4890509.085700696
12931520.32083657 4890512.554762298
12931516.332283728 4890515.99471862
12931512.339736925 4890519.426683065
12931508.332401196 4890522.82905175
12931504.326991484 4890526.235298458
12931500.324600622 4890529.6476229355
12931496.322209759 4890533.059948599
12931492.302455803 4890536.437043844
12931488.27618756 4890539.800922042
12931484.236718887 4890543.137421184
12931480.183170363 4890546.444717168
12931476.12962184 4890549.752014253
12931472.070072964 4890553.046648105
12931468.00408227 4890556.327686957
12931463.938091574 4890559.608726895
12931459.87210088 4890562.889767923
12931455.806110187 4890566.170810043
12931451.73688389 4890569.444938355
12931447.655395312 4890572.692861679
12931443.573906735 4890575.940786074
12931439.466764016 4890579.132808626
12931435.358143643 4890582.321612254
12931431.234599238 4890585.477127399
12931427.103083072 4890588.614861748
12931422.971566908 4890591.752597097
12931418.84005074 4890594.890333446
12931414.708534572 4890598.028070779
12931410.569672752 4890601.14915929
12931406.427511925 4890604.262771187
12931402.2875715 4890607.381339901
12931398.117346404 4890610.430051751
12931393.927945709 4890613.433427996
12931389.740354808 4890616.441136124
12931385.556495069 4890619.457704193
12931381.362447124 4890622.449583061
12931377.148496456 4890625.393584745
12931372.941617377 4890628.354825134
12931368.741348658 4890631.331326562
12931364.51903103 4890634.254328556
12931360.290580146 4890637.161375964
12931356.067200609 4890640.080388362
12931351.83735234 4890642.984843862
12931347.602941079 4890645.877927131
12931343.353009649 4890648.731891161
12931339.110813616 4890651.605608462
12931334.872253709 4890654.48846476
12931330.610462667 4890657.311350086
12931326.359129092 4890660.161796613
12931322.097229118 4890662.985004763
12931317.823224947 4890665.776037878
12931313.5468732 4890668.561481791
12931309.254483975 4890671.303874514
12931304.97274318 4890674.0747185545
12931300.683450397 4890676.82590052
12931296.37879297 4890679.535720061
12931292.073855964 4890682.244853676
12931287.769359212 4890684.954655185
12931283.44742872 4890687.617055873
12931279.124207893 4890690.275596952
12931274.80536801 4890692.946112074
12931270.494150622 4890695.63812894
12931266.163809128 4890698.276551206
12931261.841058837 4890700.935931171
12931257.50113189 4890703.547161252
12931253.165217342 4890706.169874375
12931248.82539135 4890708.781976075
12931244.473096546 4890711.357567606
12931240.132025927 4890713.966088917
12931235.775402503 4890716.527697631
12931231.40766955 4890719.055629529
12931227.027808798 4890721.55058954
12931222.650382036 4890724.052846575
12931218.25340441 4890726.495737845
12931213.850627076 4890728.920473026
12931209.4447931 4890731.33498096
12931205.03091105 4890733.724233685
12931200.614299875 4890736.104488119
12931196.189809186 4890738.460478211
12931191.763011664 4890740.809197851
12931187.329056263 4890743.134610909
12931182.883346658 4890745.421579212
12931178.434125725 4890747.696765956
12931173.990556028 4890749.990550472
12931169.5320541 4890752.233492719
12931165.078134134 4890754.491397605
12931160.615971256 4890756.722782259
12931156.152759645 4890758.950542733
12931151.675612552 4890761.129916599
12931147.205851208 4890763.334516057
12931142.727062162 4890765.507956217
12931138.2384197 4890767.6459688125
12931133.751176935 4890769.789099647
12931129.260974277 4890771.922025879
12931124.784657378 4890774.1039692685
12931120.31294115 4890776.30240518
12931115.82937998 4890778.458308991
12931111.345226478 4890780.612922129
12931106.861072974 4890782.767535737
12931102.376919474 4890784.922149809
12931097.892765973 4890787.076764355
12931093.406670634 4890789.2244374
12931088.918799223 4890791.365754277
12931084.430875648 4890793.506884467
12931079.942952074 4890795.648015125
12931075.453227011 4890797.782625548
12931070.956694536 4890799.892596249
12931066.460162068 4890802.002567406
12931061.963629592 4890804.112539015
12931057.46709712 4890806.222511067
12931052.970564649 4890808.332483573
12931048.474032177 4890810.44245653
12931043.972493032 4890812.5339814415
12931039.46631716 4890814.608421494
12931034.955319855 4890816.664539971
12931030.428649904 4890818.66110102
12931025.901979957 4890820.657662468
12931021.372498343 4890822.643231171
12931016.83952931 4890824.615165023
12931012.306560276 4890826.587099261
12931007.773591243 4890828.5590339
12931003.240622211 4890830.530968927
12930998.705465198 4890832.4942055475
12930994.163777145 4890834.431476936
12930989.622089092 4890836.368748695
12930985.071461765 4890838.2696821885
12930980.519171136 4890840.163854605
12930975.9656462 4890842.052861351
12930971.399704251 4890843.889898321
12930966.833762305 4890845.726935627
12930962.267820358 4890847.563973276
12930957.701878408 4890849.401011264
12930953.135936461 4890851.2380495975
12930948.563209144 4890853.045809821
12930943.986770378 4890854.837555696
12930939.410331614 4890856.6293019
12930934.824602095 4890858.379870905
12930930.238498054 4890860.128780288
12930925.652394012 4890861.877689979
12930921.066289969 4890863.62659998
12930916.480185924 4890865.375510288
12930911.894081881 4890867.1244209055
12930907.30301205 4890868.850589523
12930902.703234961 4890870.536880934
12930898.103457866 4890872.223172626
12930893.502436172 4890873.903594709
12930888.896395516 4890875.560346321
12930884.284559816 4890877.189039264
12930879.667938828 4890878.794562664
12930875.051317837 4890880.40008633
12930870.43469685 4890882.005610252
12930865.817345243 4890883.607523591
12930861.19858664 4890885.20248358
12930856.579828043 4890886.797443817
12930851.948533861 4890888.328509942
12930847.313954165 4890889.842829907
12930842.679374473 4890891.357150104
12930838.040356427 4890892.847942604
12930833.399747835 4890894.330303736
12930828.759139244 4890895.812665094
12930824.11853065 4890897.295026675
12930819.477922056 4890898.777388478
12930814.837313464 4890900.259750502
12930810.194694737 4890901.731281911
12930805.551537294 4890903.199910864
12930800.908379849 4890904.668540037
12930796.254189713 4890906.07590889
12930791.598591844 4890907.475461308
12930786.938045282 4890908.84627191
12930782.273704022 4890910.195043108
12930777.609362766 4890911.543814487
12930772.945021508 4890912.892586053
12930768.28068025 4890914.2413578
12930763.61520478 4890915.583351795
12930758.947042797 4890916.909291646
12930754.278880814 4890918.235231678
12930749.60634813 4890919.533961509
12930744.925355392 4890920.780022269
12930740.24436265 4890922.0260831965
12930735.563858414 4890923.2752831895
12930730.883354913 4890924.5244880635
12930726.202851413 4890925.7736931
12930721.52234791 4890927.022898283
12930716.838271236 4890928.248657991
12930712.149707288 4890929.44497428
12930707.459180545 4890930.627768887
12930702.762019929 4890931.764862459
12930698.06485931 4890932.901956162
12930693.367698694 4890934.039050003
12930688.668123739 4890935.158864434
12930683.967435898 4890936.270714036
12930679.266748058 4890937.382563763
12930674.566060215 4890938.494413611
12930669.865372375 4890939.606263588
12930665.164684534 4890940.718113686
12930660.45694543 4890941.777403691
12930655.747987917 4890942.827611773
12930651.036789058 4890943.8603414865
12930646.323843943 4890944.879453596
12930641.610898828 4890945.898565815
12930636.897953715 4890946.917678134
12930632.185008597 4890947.936790561
12930627.472063484 4890948.955903091
12930622.754179874 4890949.934916254
12930618.035231505 4890950.905283874
12930613.316283137 4890951.875651583
12930608.59432907 4890952.820180394
12930603.868510999 4890953.731491634
12930599.142692925 4890954.642802946
12930594.415440809 4890955.540965801
12930589.683521435 4890956.396335388
12930584.951602062 4890957.25170505
12930580.219682688 4890958.107074784
12930575.487763312 4890958.962444593
12930570.75584394 4890959.817814476
12930566.020362508 4890960.6383015085
12930561.282867791 4890961.4390727095
12930556.545373075 4890962.2398439795
12930551.807878358 4890963.04061531
12930547.068459751 4890963.82143506
12930542.327480335 4890964.586068557
12930537.586500915 4890965.350702114
12930532.844577016 4890966.105102815
12930528.10083705 4890966.839827557
12930523.357097086 4890967.574552356
12930518.609254505 4890968.262140711
12930513.860775733 4890968.942419615
12930509.112296958 4890969.622698566
12930504.363818185 4890970.302977568
12930499.61533941 4890970.983256614
12930494.866410244 4890971.658072865
12930490.116341239 4890972.319063967
12930485.366272235 4890972.980055109
12930480.615346663 4890973.629982679
12930475.860507978 4890974.229367786
12930471.105669297 4890974.828752932
12930466.347287064 4890975.377713666
12930461.588672921 4890975.923374369
12930456.83005878 4890976.469035099
12930452.071444636 4890977.014695855
12930447.312830493 4890977.560356647
12930442.55279376 4890978.084214755
12930437.792382222 4890978.60232862
12930433.031970682 4890979.1204425115
12930428.268122163 4890979.580847853
12930423.503859853 4890980.034305573
12930418.739597548 4890980.487763322
12930413.974618109 4890980.928024488
12930409.20927098 4890981.361519487
12930404.443923851 4890981.795014505
12930399.678576725 4890982.228509545
12930394.913229592 4890982.662004597
12930390.147882463 4890983.0954996785
12930385.379689682 4890983.470671452
12930380.610914249 4890983.8339014985
12930375.841859115 4890984.190598
12930371.071925187 4890984.526766866
12930366.301991262 4890984.862935744
12930361.531064643 4890985.1734074475
12930356.75954512 4890985.468530942
12930351.988025596 4890985.763654438
12930347.216506073 4890986.0587779535
12930342.44498655 4890986.353901472
12930337.673295734 4890986.644023363
12930332.900734067 4890986.908716728
12930328.1281724 4890987.173410105
12930323.355123967 4890987.421319082
12930318.580961617 4890987.630818263
12930313.806799263 4890987.840317448
12930309.03238568 4890988.039198165
12930304.257465305 4890988.216659276
12930299.482544929 4890988.394120398
12930294.707624555 4890988.571581514
12930289.932704179 4890988.749042638
12930285.157730386 4890988.923932822
12930280.382496972 4890989.086327825
12930275.607263558 4890989.248722827
12930270.831281813 4890989.367513708
12930266.055292517 4890989.485864421
12930261.279303217 4890989.604215137
12930256.503096148 4890989.705785707
12930251.726790471 4890989.799757631
12930246.95048479 4890989.893729567
12930242.174179109 4890989.987701497
12930237.397873428 4890990.081673425
12930232.621567747 4890990.175645358
12930227.845262067 4890990.269617291
12930223.068820259 4890990.348976792
12930218.292183671 4890990.407428389
12930213.515547087 4890990.465879987
12930208.7389105 4890990.524331588
12930203.9621851 4890990.561966742
12930199.185347596 4890990.573329674
12930194.408510096 4890990.584692607
12930189.631672597 4890990.596055543
12930184.854835097 4890990.607418475
12930180.077997595 4890990.618781412
12930175.301160097 4890990.630144349
12930170.524323259 4890990.641975968
12930165.747486427 4890990.653810334
12930160.970649594 4890990.665644706
12930156.193812761 4890990.677479081
12930151.416973658 4890990.6875979565
12930146.640134202 4890990.6974532
12930141.863294747 4890990.707308445
12930137.086455293 4890990.717163695
12930132.309615834 4890990.727018939
12930127.53277638 4890990.736874185
12930122.755936924 4890990.746729426
12930117.97909499 4890990.7531174235
12930113.202249808 4890990.754955204
12930108.425404623 4890990.7567929905
12930103.648559438 4890990.758630764
12930098.871714253 4890990.760468549
12930094.094869068 4890990.762306327
12930089.318023883 4890990.764144108
12930084.541178698 4890990.76598189
12930079.764333513 4890990.767819668
12930074.987488328 4890990.76965745
12930070.210643142 4890990.771495231
12930065.433797957 4890990.773333013
12930060.656952772 4890990.775170794
12930055.880107589 4890990.777008576
12930051.103262404 4890990.778846357
12930046.326417219 4890990.780684135
12930041.549572034 4890990.782521917
12930036.772726849 4890990.784359702
12930031.995881665 4890990.786197479
12930027.21903648 4890990.788035261
12930022.442266582 4890990.8137629535
12930017.66557231 4890990.863489368
12930012.88876018 4890990.874434603
12930008.111916788 4890990.878089486
12930003.335076284 4890990.887032991
12929998.558235781 4890990.895976495
12929993.781395279 4890990.904920008
12929989.004553247 4890990.911068193
12929984.227707855 4890990.911068193
12929979.450862465 4890990.911068193
12929974.674017074 4890990.911068193
12929969.897171684 4890990.911068193
12929965.120326292 4890990.911068193
12929960.3434809 4890990.911068193
12929955.566635508 4890990.911068193
12929950.78979012 4890990.911068193
12929946.012944728 4890990.911068193
12929941.236099336 4890990.911068193
12929936.459253944 4890990.911068193
12929931.682408553 4890990.911068193
12929926.905565882 4890990.907254411
12929922.128728809 4890990.895588041
12929917.351891736 4890990.883921674
12929912.575054662 4890990.872255308
12929907.798217587 4890990.860588932
12929903.021380514 4890990.848922566
12929898.24454344 4890990.837256196
