12981486.959557457 4832386.206616082
12981489.173616987 4832390.1746898135
12981491.387676511 4832394.14276512
12981493.601736043 4832398.110842009
12981495.81579557 4832402.078920477
12981498.0298551 4832406.047000519
12981500.243914628 4832410.015082146
12981502.457974156 4832413.983165345
12981504.660803186 4832417.961748246
12981506.8450219 4832421.957729411
12981509.029240616 4832425.953712176
12981511.213459333 4832429.949696542
12981513.397678047 4832433.945682508
12981515.566188619 4832437.956089207
12981517.727503724 4832441.973102531
12981519.888818828 4832445.990117469
12981522.05013393 4832450.007134026
12981524.211449035 4832454.024152204
12981526.37276414 4832458.041172003
12981528.517915092 4832462.072781032
12981530.65280204 4832466.11365463
12981532.78768899 4832470.154529857
12981534.922575938 4832474.195406735
12981537.057462886 4832478.236285236
12981539.192349834 4832482.277165383
12981541.327236783 4832486.318047163
12981543.428317213 4832490.388788154
12981545.526984762 4832494.461661837
12981547.625652311 4832498.534537181
12981549.72431986 4832502.607414192
12981551.822987411 4832506.680292869
12981553.92165496 4832510.753173202
12981556.020322511 4832514.826055201
12981558.084308298 4832518.928827748
12981560.148210982 4832523.031673591
12981562.212113667 4832527.134521122
12981564.276016353 4832531.237370343
12981566.339919034 4832535.340221254
12981568.398813749 4832539.447296027
12981570.43404932 4832543.57431931
12981572.469284894 4832547.701344292
12981574.504520467 4832551.82837099
12981576.53975604 4832555.955399396
12981578.57499161 4832560.082429507
12981580.607116334 4832564.212039566
12981582.621690221 4832568.356197278
12981584.636264104 4832572.50035671
12981586.650837993 4832576.64451787
12981588.665411878 4832580.788680751
12981590.67691283 4832584.935346423
12981592.659966279 4832589.105167303
12981594.643019732 4832593.27498993
12981596.626073183 4832597.4448143
12981598.609126635 4832601.614640411
12981600.57177875 4832605.800704991
12981602.522076407 4832609.996603836
12981604.472374061 4832614.192504444
12981606.422671715 4832618.388406819
12981608.37296937 4832622.584310964
12981610.31889239 4832626.783617119
12981612.234398816 4832631.006566835
12981614.149905242 4832635.229518333
12981616.065411666 4832639.452471626
12981617.980918093 4832643.675426707
12981619.896424515 4832647.898383577
12981621.802125974 4832652.128731695
12981623.68294585 4832656.378001615
12981625.563765727 4832660.6272733435
12981627.444585605 4832664.8765468765
12981629.32540548 4832669.125822231
12981631.204906782 4832673.376081287
12981633.068439774 4832677.638233205
12981634.931972766 4832681.900386946
12981636.79550576 4832686.162542514
12981638.659038752 4832690.424699899
12981640.522571744 4832694.686859102
12981642.386104736 4832698.949020139
12981644.24963773 4832703.211182986
12981646.098051315 4832707.484475365
12981647.945856921 4832711.758217034
12981649.793662528 4832716.031960539
12981651.64146813 4832720.305705879
12981653.489273734 4832724.579453044
12981655.337079339 4832728.853202044
12981657.171387015 4832733.13665098
12981658.967380004 4832737.447630423
12981660.763372993 4832741.758611734
12981662.55936598 4832746.069594905
12981664.35535897 4832750.380579943
12981666.151351959 4832754.69156684
12981667.947344948 4832759.002555603
12981669.743337937 4832763.31354623
12981671.539330922 4832767.624538721
12981673.31352781 4832771.950698794
12981675.072223715 4832776.287646327
12981676.830919625 4832780.624595747
12981678.589615539 4832784.961547053
12981680.348311445 4832789.298500244
12981682.107007354 4832793.635455323
12981683.86409365 4832797.973502162
12981685.585145436 4832802.335950039
12981687.306197224 4832806.698399827
12981689.02724901 4832811.060851518
12981690.748300796 4832815.423305122
12981692.469352584 4832819.785760632
12981694.190404372 4832824.148218051
12981695.89622029 4832828.520765874
12981697.59405463 4832832.898600641
12981699.29188897 4832837.276437334
12981700.989723314 4832841.654275945
12981702.687557654 4832846.032116481
12981704.372393426 4832850.4184426945
12981706.054376991 4832854.80663238
12981707.736360557 4832859.194823997
12981709.418344121 4832863.583017549
12981711.100327687 4832867.9712130325
12981712.782311253 4832872.35941044
12981714.457004447 4832876.752311464
12981716.122644005 4832881.15105326
12981717.788283568 4832885.5497969985
12981719.45392313 4832889.948542671
12981721.119562693 4832894.347290293
12981722.785202252 4832898.746039854
12981724.450841814 4832903.14479135
12981726.116481373 4832907.543544792
12981727.782120936 4832911.942300176
12981729.447760496 4832916.341057497
12981731.111541351 4832920.74099941
12981732.757366747 4832925.152367922
12981734.403192144 4832929.5637383815
12981736.049017543 4832933.97511079
12981737.691615287 4832938.388504841
12981739.312794652 4832942.81530329
12981740.933974016 4832947.242103697
12981742.555153383 4832951.668906077
12981744.17633275 4832956.095710423
12981745.797512116 4832960.522516728
12981747.418691479 4832964.949325002
12981749.039870845 4832969.376135243
12981750.647055166 4832973.811575813
12981752.253650459 4832978.247381507
12981753.860245757 4832982.68318917
12981755.466841053 4832987.118998815
12981757.073436348 4832991.55481043
12981758.680031644 4832995.990624015
12981760.286626942 4833000.426439578
12981761.893222237 4833004.862257113
12981763.499817533 4833009.298076621
12981765.10641283 4833013.733898105
12981766.713008126 4833018.169721558
12981768.319603423 4833022.605546991
12981769.92619872 4833027.041374395
12981771.532794015 4833031.47720377
12981773.13938931 4833035.913035121
12981774.745984606 4833040.34886844
12981776.352579901 4833044.784703743
12981777.959175197 4833049.220541013
12981779.558053711 4833053.661095868
12981781.155881021 4833058.102295076
12981782.753708333 4833062.543496261
12981784.351535644 4833066.984699422
12981785.949362954 4833071.425904568
12981787.547190264 4833075.86711169
12981789.145017575 4833080.308320787
12981790.742844887 4833084.749531867
12981792.340672199 4833089.190744923
12981793.938499507 4833093.631959958
12981795.536326818 4833098.073176967
12981797.132152487 4833102.515614086
12981798.727882065 4833106.958111651
12981800.323611643 4833111.4006112
12981801.919341223 4833115.843112729
12981803.515070802 4833120.285616234
12981805.10976136 4833124.728753131
12981806.703864956 4833129.172248711
12981808.297968552 4833133.615746263
12981809.892072145 4833138.059245798
12981811.486175742 4833142.502747316
12981813.080279337 4833146.94625081
12981814.67438293 4833151.389756286
12981816.268486526 4833155.833263745
12981817.86259012 4833160.27677318
12981819.456693716 4833164.720284604
12981821.050797312 4833169.163798001
12981822.644900905 4833173.607313383
12981824.239174642 4833178.050727396
12981825.833586447 4833182.494059532
12981827.427998247 4833186.93739365
12981829.022410048 4833191.380729748
12981830.616821852 4833195.824067825
12981832.21123365 4833200.267407885
12981833.805645453 4833204.710749924
12981835.402057283 4833209.152877809
12981836.999010451 4833213.594678511
12981838.595963622 4833218.036481189
12981840.19291679 4833222.478285841
12981841.78986996 4833226.920092479
12981843.386823129 4833231.361901093
12981844.9837763 4833235.8037116835
12981846.580729468 4833240.245524255
12981848.177682638 4833244.687338806
12981849.774635809 4833249.129155337
12981851.371588977 4833253.570973846
12981852.968542147 4833258.012794334
12981854.565495316 4833262.454616802
12981856.162448486 4833266.896441248
12981857.759401655 4833271.3382676765
12981859.356354825 4833275.780096081
12981860.953307994 4833280.221926462
12981862.551580781 4833284.662955182
12981864.149998125 4833289.103897853
12981865.748415468 4833293.544842501
12981867.34683281 4833297.985789124
12981868.945250154 4833302.426737729
12981870.543667497 4833306.86768831
12981872.142084843 4833311.308640871
12981873.740502182 4833315.749595405
12981875.338919526 4833320.190551923
12981876.936386013 4833324.632088436
12981878.528577164 4833329.076833751
12981880.120768314 4833333.521581048
12981881.712959465 4833337.96633033
12981883.305150617 4833342.411081592
12981884.897341767 4833346.855834833
12981886.489532918 4833351.300590061
12981888.081724072 4833355.745347268
12981889.673915222 4833360.190106453
12981891.266106373 4833364.634867623
12981892.858297523 4833369.079630773
12981894.450488674 4833373.524395914
12981896.042679824 4833377.969163028
12981897.63889275 4833382.411488589
12981899.235937936 4833386.853310476
12981900.832983125 4833391.295134333
12981902.430028314 4833395.736960178
12981904.027073503 4833400.178788001
12981905.624118688 4833404.620617799
12981907.221163876 4833409.062449576
12981908.818209065 4833413.504283337
12981910.415254254 4833417.946119069
12981912.012299443 4833422.387956786
12981913.609344631 4833426.829796482
12981915.206389816 4833431.271638158
12981916.803435005 4833435.713481805
12981918.400480194 4833440.155327445
12981919.997525383 4833444.597175056
12981921.59457057 4833449.0390246445
12981923.191615758 4833453.480876213
12981924.788660945 4833457.922729765
12981926.385706134 4833462.364585287
12981927.982751321 4833466.806442797
12981929.579712424 4833471.248353466
12981931.17666933 4833475.690268672
12981932.773626234 4833480.132185849
12981934.37058314 4833484.574105014
12981935.967540044 4833489.016026148
12981937.56449695 4833493.4579492705
12981939.161453854 4833497.899874365
12981940.758779189 4833502.341577142
12981942.356298754 4833506.783163654
12981943.953818321 4833511.224752141
12981945.551337887 4833515.666342606
12981947.148857454 4833520.107935055
12981948.746377017 4833524.549529473
12981950.343896585 4833528.991125881
12981951.941029899 4833533.43295931
12981953.536835702 4833537.875602551
12981955.132641505 4833542.318247778
12981956.72844731 4833546.760894979
12981958.324253114 4833551.203544159
12981959.920058917 4833555.646195328
12981961.515864722 4833560.088848468
12981963.111670526 4833564.531503588
12981964.707476333 4833568.974160688
12981966.303282136 4833573.4168197755
12981967.900167435 4833577.858823297
12981969.50018621 4833582.2989201415
12981971.100204987 4833586.739018969
12981972.701517615 4833591.178329845
12981974.30336434 4833595.61731662
12981975.90482962 4833600.056538094
12981977.503010668 4833604.497765235
12981979.10119172 4833608.938994352
12981980.69937277 4833613.3802254535
12981982.297553822 4833617.821458528
12981983.895734875 4833622.262693583
12981985.493959885 4833626.703903837
12981987.09225586 4833631.145072828
12981988.690551834 4833635.586243801
12981990.28884781 4833640.027416752
12981991.887143783 4833644.468591678
12981993.485439759 4833648.909768585
12981995.083735734 4833653.350947473
12981996.682031708 4833657.792128333
12981998.280327685 4833662.233311179
12981999.87862366 4833666.674496
12982001.476919634 4833671.1156827975
12982003.073076103 4833675.558174017
12982004.66903421 4833680.000787974
12982006.264992313 4833684.443403914
12982007.86095042 4833688.886021823
12982009.456908526 4833693.328641716
12982011.05286663 4833697.771263591
12982012.648824736 4833702.213887449
12982014.244782839 4833706.656513279
12982015.840740945 4833711.099141096
12982017.436699051 4833715.541770886
12982019.032657158 4833719.984402666
12982020.628615262 4833724.4270364195
12982022.224573368 4833728.869672153
12982023.818910712 4833733.313294656
12982025.412231177 4833737.757536993
12982027.005551644 4833742.201781317
12982028.598872108 4833746.646027616
12982030.192192573 4833751.090275904
12982031.785513038 4833755.534526175
12982033.378833503 4833759.97877842
12982034.973162675 4833764.422419517
12982036.570128057 4833768.86446019
12982038.16709344 4833773.306502845
12982039.764058826 4833777.748547477
12982041.361024208 4833782.19059409
12982042.957989592 4833786.632642687
12982044.554954976 4833791.074693253
12982046.151920361 4833795.5167458085
12982047.748885743 4833799.958800337
12982049.345851127 4833804.400856847
12982050.942816513 4833808.842915337
12982052.539833516 4833813.284944376
12982054.13723987 4833817.726738368
12982055.734646222 4833822.168534333
12982057.332052575 4833826.610332282
12982058.929458927 4833831.052132206
12982060.526865283 4833835.493934111
12982062.124271637 4833839.935737997
12982063.721677989 4833844.37754386
12982065.319084343 4833848.819351704
12982066.915569248 4833853.261722167
12982068.510974525 4833857.7047514925
12982070.106379803 4833862.147782794
12982071.701785082 4833866.590816081
12982073.297190359 4833871.033851343
12982074.892595638 4833875.4768885905
12982076.488000918 4833879.919927813
12982078.083406193 4833884.362969017
12982079.678811474 4833888.806012205
12982081.274216752 4833893.249057367
12982082.869622031 4833897.692104517
12982084.465027312 4833902.135153641
12982086.060432587 4833906.578204749
12982087.651930207 4833911.023630015
12982089.24339442 4833915.469077537
12982090.834858635 4833919.914527048
12982092.426322848 4833924.359978537
12982094.01778706 4833928.8054320095
12982095.609251274 4833933.250887467
12982097.200715486 4833937.696344904
12982098.795218881 4833942.139959449
12982100.390493166 4833946.583108028
12982101.985767446 4833951.026258579
12982103.581041727 4833955.46941112
12982105.17631601 4833959.912565638
12982106.77159029 4833964.355722133
12982108.366864573 4833968.798880613
12982109.962138858 4833973.24204107
12982111.557413138 4833977.6852035085
12982113.15268742 4833982.12836793
12982114.747961702 4833986.571534332
12982116.343235983 4833991.014702707
12982117.938510265 4833995.457873071
12982119.533784548 4833999.901045414
12982121.12905883 4834004.344219731
12982122.724333111 4834008.787396032
12982124.319607394 4834013.230574318
12982125.914881675 4834017.673754578
12982127.510155955 4834022.116936825
12982129.104433361 4834026.5607267115
12982130.698155684 4834031.004855823
12982132.291878005 4834035.448986914
12982133.885600328 4834039.893119985
12982135.479322651 4834044.337255044
12982137.073044972 4834048.781392083
12982138.666767295 4834053.225531101
12982140.260489617 4834057.669672098
12982141.85421194 4834062.113815079
12982143.447934262 4834066.557960044
12982145.041656584 4834071.002106984
12982146.635378907 4834075.446255909
12982148.231116142 4834079.889181988
12982149.827770812 4834084.331552351
12982151.424425485 4834088.773924689
12982153.021080157 4834093.21629901
12982154.617734829 4834097.658675313
12982156.214389501 4834102.101053598
12982157.811044173 4834106.543433855
12982159.407698845 4834110.985816097
12982161.004353518 4834115.428200321
12982162.60100819 4834119.870586518
12982164.197662862 4834124.312974697
12982165.794317534 4834128.755364862
12982167.390972208 4834133.197757002
12982168.98762688 4834137.640151117
12982170.584281553 4834142.082547221
12982172.180936225 4834146.5249453
12982173.777590897 4834150.967345356
12982175.37424557 4834155.409747398
12982176.968259698 4834159.853756622
12982178.562067471 4834164.297893273
12982180.155875245 4834168.742031898
12982181.749683022 4834173.186172512
12982183.343490796 4834177.6303151045
12982184.937298574 4834182.074459678
12982186.531106351 4834186.518606235
12982188.124914125 4834190.962754771
12982189.7187219 4834195.406905289
12982191.312529676 4834199.851057791
12982192.906337451 4834204.295212268
12982194.500145227 4834208.739368731
12982196.093953002 4834213.183527175
12982197.687760778 4834217.6276875995
12982199.281568551 4834222.071850009
12982200.875376327 4834226.516014392
12982202.470860364 4834230.959160881
12982204.069740579 4834235.400243015
12982205.668620795 4834239.841327123
12982207.267501013 4834244.282413214
12982208.866381226 4834248.723501285
12982210.465261443 4834253.164591327
12982212.064141657 4834257.605683357
12982213.663021874 4834262.046777363
12982215.261902092 4834266.487873344
12982216.860782305 4834270.928971307
12982218.459662523 4834275.370071248
12982220.05854274 4834279.811173165
12982221.657422952 4834284.252277063
12982223.25630317 4834288.69338294
12982224.85351642 4834293.1355042765
12982226.445365617 4834297.5808888115
12982228.037214814 4834302.026275329
12982229.629064009 4834306.4716638345
12982231.220913209 4834310.917054319
12982232.812762406 4834315.362446788
12982234.404611604 4834319.80784124
12982235.999235706 4834324.251553285
12982237.593925256 4834328.695227584
12982239.188614802 4834333.138903869
12982240.78330435 4834337.582582136
12982242.37892501 4834342.025695983
12982243.976330072 4834346.467726369
12982245.573735131 4834350.909758735
12982247.171140192 4834355.351793085
12982248.768545251 4834359.793829409
12982250.365950309 4834364.235867714
12982251.96335537 4834368.677907998
12982253.56076043 4834373.119950261
12982255.158165488 4834377.561994504
12982256.75557055 4834382.004040727
12982258.352975609 4834386.446088937
12982259.95073173 4834390.887925117
12982261.5508823 4834395.328303701
12982263.151032872 4834399.768684261
12982264.751183443 4834404.2090668
12982266.354482282 4834408.647527428
12982267.958437651 4834413.085588832
12982269.562393025 4834417.523652213
12982271.166348396 4834421.961717568
12982272.770303769 4834426.399784901
12982274.374259138 4834430.837854209
12982275.97821451 4834435.275925493
12982277.582169883 4834439.713998749
12982279.186125254 4834444.152073985
12982280.790080627 4834448.590151196
12982282.394035997 4834453.028230386
12982283.997991368 4834457.46631155
12982285.598493578 4834461.906504717
12982287.198412241 4834466.347056438
12982288.798330903 4834470.787610137
12982290.398249565 4834475.228165817
12982292.009648839 4834479.661658868
12982293.632051392 4834484.0883830255
12982295.254453942 4834488.515109147
12982296.876856491 4834492.941837235
12982298.499259043 4834497.368567288
12982300.121661592 4834501.795299305
12982301.744064141 4834506.222033291
12982303.366466692 4834510.648769238
12982304.98886924 4834515.07550716
12982306.622263012 4834519.49539592
12982308.256200137 4834523.914947948
12982309.920758398 4834528.315068815
12982311.59090366 4834532.71164594
12982313.261048924 4834537.108225005
12982314.931194188 4834541.504806005
12982316.601339452 4834545.901388949
12982318.271484716 4834550.297973829
12982319.94162998 4834554.694560653
12982321.611775242 4834559.091149418
12982323.281920504 4834563.487740116
12982324.954633545 4834567.882676522
12982326.632036496 4834572.274589845
12982328.309439445 4834576.66650511
12982329.986842392 4834581.05842231
12982331.664245337 4834585.450341439
12982333.341648288 4834589.842262508
12982335.019051237 4834594.234185511
12982336.696454184 4834598.626110449
12982338.396299105 4834603.003397993
12982340.096784454 4834607.380269696
12982341.797269803 4834611.757143327
12982343.497755153 4834616.134018872
12982345.198240502 4834620.51089634
12982346.901750132 4834624.885783067
12982348.606275626 4834629.260002366
12982350.310801115 4834633.63422359
12982352.015326606 4834638.008446736
12982353.719852097 4834642.3826717995
12982355.42437759 4834646.756898778
12982357.12890308 4834651.131127681
12982358.833428571 4834655.505358504
12982360.53795406 4834659.879591243
12982362.242479552 4834664.253825903
12982363.947005045 4834668.628062488
12982365.66246842 4834672.9950534515
12982367.378205488 4834677.36186498
12982369.093942555 4834681.728678427
12982370.80967962 4834686.095493789
12982372.525416687 4834690.4623110555
12982374.25191125 4834694.821907294
12982375.99243737 4834699.172084188
12982377.732963493 4834703.522262977
12982379.473489612 4834707.872443665
12982381.21417639 4834712.222517248
12982382.958401797 4834716.57019192
12982384.7026272 4834720.917868482
12982386.446852608 4834725.265546944
12982388.191078015 4834729.613227301
12982389.963130375 4834733.941810609
12982391.73535421 4834738.270278111
12982393.507578041 4834742.598747496
12982395.279801875 4834746.927218759
12982397.052025707 4834751.255691897
12982398.831739945 4834755.5789530575
12982400.61478715 4834759.899896108
12982402.397834353 4834764.220841033
12982404.180881556 4834768.541787832
12982405.963928761 4834772.862736506
12982407.746975962 4834777.183687052
12982409.530023167 4834781.504639467
12982411.313070372 4834785.825593759
12982413.096117573 4834790.146549925
12982414.879164776 4834794.46750796
12982416.66353888 4834798.787535952
12982418.460520204 4834803.0987114
12982420.257501528 4834807.409888716
12982422.054482855 4834811.721067897
12982423.851464177 4834816.032248944
12982425.6484455 4834820.343431855
12982427.465625498 4834824.640226167
12982429.288390977 4834828.933042973
12982431.111156458 4834833.225861631
12982432.933921939 4834837.518682135
12982434.75668742 4834841.811504489
12982436.579452902 4834846.104328691
12982438.402218381 4834850.397154741
12982440.224983862 4834854.6899826415
12982442.047749342 4834858.982812389
12982443.871156264 4834863.275180223
12982445.709206933 4834867.556962407
12982447.547257604 4834871.838746434
12982449.385308271 4834876.120532296
12982451.22335894 4834880.402319994
12982453.061409611 4834884.684109535
12982454.899460282 4834888.965900919
12982456.7462152 4834893.241337553
12982458.597043168 4834897.513801544
12982460.447871134 4834901.786267358
12982462.298699101 4834906.058735007
12982464.149527067 4834910.331204489
12982466.000355035 4834914.603675802
12982467.851183 4834918.8761489475
12982469.702010965 4834923.148623922
12982471.552838933 4834927.42110073
12982473.403666899 4834931.6935793655
12982475.254494866 4834935.966059835
12982477.106642706 4834940.237566928
12982478.977489369 4834944.495259951
12982480.84833603 4834948.7529548
12982482.719182692 4834953.010651456
12982484.590029357 4834957.268349942
12982486.460876018 4834961.526050239
12982488.347789457 4834965.771711564
12982490.23861452 4834970.01444324
12982492.129439581 4834974.257176719
12982494.020264644 4834978.499912013
12982495.916668687 4834982.738414556
12982497.823518163 4834986.968990623
12982499.73036763 4834991.199568486
12982501.637217103 4834995.430148146
12982503.544066574 4834999.660729597
12982505.450916046 4835003.891312852
12982507.357765518 4835008.121897894
12982509.26461499 4835012.352484732
12982511.171464462 4835016.583073374
12982513.078313934 4835020.813663807
12982514.985163406 4835025.044256037
12982516.893389314 4835029.273792497
12982518.818812571 4835033.490117436
12982520.744235829 4835037.706444161
12982522.669659086 4835041.922772667
12982524.600526758 4835046.13488008
12982526.534290142 4835050.344743245
12982528.468053529 4835054.5546081895
12982530.401816916 4835058.764474911
12982532.3355803 4835062.9743434135
12982534.269343691 4835067.184213692
12982536.203107076 4835071.394085753
12982538.136870464 4835075.603959588
12982540.076735057 4835079.809073165
12982542.019986311 4835084.01154521
12982543.963237563 4835088.214019023
12982545.906488819 4835092.4164946135
12982547.850849448 4835096.618095339
12982549.819820933 4835100.800250313
12982551.788792416 4835104.982407043
12982553.757763902 4835109.164565523
12982555.726735387 4835113.346725763
12982557.69570687 4835117.52888776
12982559.66467836 4835121.711051509
12982561.633649843 4835125.8932170095
12982563.602621328 4835130.075384268
12982565.571592813 4835134.257553278
12982567.540564297 4835138.439724046
12982569.509535782 4835142.621896571
12982571.485176675 4835146.798719638
12982573.4721102 4835150.966483778
12982575.459043728 4835155.134249668
12982577.445977256 4835159.302017301
12982579.432910783 4835163.46978667
12982581.419844309 4835167.63755779
12982583.406777838 4835171.805330653
12982585.393711366 4835175.973105254
12982587.380644891 4835180.140881599
12982589.367578419 4835184.308659686
12982591.354511946 4835188.47643952
12982593.357723476 4835192.630985942
12982595.364754727 4835196.782428399
12982597.37178598 4835200.933872585
12982599.37881723 4835205.085318501
12982601.385848483 4835209.2367661465
12982603.392879732 4835213.388215524
12982605.399910985 4835217.539666621
12982607.406942235 4835221.691119452
12982609.392972125 4835225.85945081
12982611.421764819 4835229.992954027
12982613.450557515 4835234.126458959
12982615.47935021 4835238.2599655995
12982617.508142903 4835242.393473963
12982619.536935598 4835246.526984038
12982621.565728294 4835250.660495826
12982623.594520988 4835254.794009324
12982625.623313684 4835258.927524546
12982627.66204548 4835263.052712441
12982629.714161633 4835267.1666858625
12982631.766277783 4835271.280660979
12982633.818393935 4835275.394637799
12982635.870510088 4835279.5086163115
12982637.92262624 4835283.622596525
12982639.974742392 4835287.736578435
12982642.026858542 4835291.850562045
12982644.078974694 4835295.964547351
12982646.131090848 4835300.078534355
12982648.183206998 4835304.19252306
12982650.256266197 4835308.288688867
12982652.329808563 4835312.384445129
12982654.40335093 4835316.480203075
12982656.476893298 4835320.575962705
12982658.550435664 4835324.671724017
12982660.623978032 4835328.767487009
12982662.6975204 4835332.863251687
12982664.771062763 4835336.959018053
12982666.844605131 4835341.054786097
12982668.918147497 4835345.150555825
12982670.991689865 4835349.246327237
12982673.078335283 4835353.330756759
12982675.179682152 4835357.402460615
12982677.28102902 4835361.47416614
12982679.382375892 4835365.545873314
12982681.483722761 4835369.617582162
12982683.58506963 4835373.689292673
12982685.6864165 4835377.761004847
12982687.78776337 4835381.832718683
12982689.88911024 4835385.904434183
12982691.990457108 4835389.976151345
12982694.091803977 4835394.047870173
12982696.193150848 4835398.1195906615
12982698.294497717 4835402.191312816
12982700.395844586 4835406.263036633
12982702.497191455 4835410.334762116
12982704.61877922 4835414.388652537
12982706.743714081 4835418.439595074
12982708.868648944 4835422.490539257
12982710.993583806 4835426.541485088
12982713.118518667 4835430.592432564
12982715.243453532 4835434.643381688
12982717.368388394 4835438.694332456
12982719.493323257 4835442.745284873
12982721.618258119 4835446.796238937
12982723.748806898 4835450.841938148
12982726.063737987 4835454.712538378
12982728.378669074 4835458.583140109
12982730.693600161 4835462.453743345
12982733.00853125 4835466.32434808
12982735.323462337 4835470.194954325
12982737.638393423 4835474.065562075
12982739.953324512 4835477.93617132
12982742.268255599 4835481.806782068
12982744.583186688 4835485.677394323
12982746.903240537 4835489.542808279
12982749.22409315 4835493.4074129565
12982751.544945765 4835497.272019131
12982753.865798378 4835501.136626802
12982756.186650991 4835505.001235975
12982758.507503608 4835508.865846646
12982760.828356221 4835512.730458815
12982763.149208834 4835516.595072483
12982765.470061447 4835520.459687647
12982767.79091406 4835524.324304312
12982770.111766675 4835528.18892248
12982772.43261929 4835532.053542144
12982774.753471904 4835535.918163305
12982776.979102818 4835539.876249014
12982779.2116856 4835543.827942671
12982781.469120251 4835547.7556754565
12982783.722620806 4835551.687234975
12982785.967457714 4835555.627155764
12982788.209139207 4835559.57013672
12982790.455079831 4835563.509021018
12982792.729696926 4835567.419350222
12982795.07003911 4835571.264026811
12982797.410381299 4835575.1087048855
12982799.750723483 4835578.953384446
12982802.091065671 4835582.798065494
12982804.463565594 4835586.60901746
12982806.853192585 4835590.402006143
12982809.242819574 4835594.19499626
12982811.632446567 4835597.98798783
12982814.022073558 4835601.780980839
12982816.41170055 4835605.573975291
12982818.801327541 4835609.366971188
12982821.193368781 4835613.15736977
12982823.607894745 4835616.923566634
12982826.022420703 4835620.68976493
12982828.436946662 4835624.455964649
12982830.851472624 4835628.222165788
12982833.265998585 4835631.988368349
12982835.680524545 4835635.754572336
12982838.095050504 4835639.520777747
12982840.509576466 4835643.286984577
12982842.924102427 4835647.053192835
12982845.338628387 4835650.819402514
12982847.753154347 4835654.585613615
12982850.173104405 4835658.345914493
12982852.598155277 4835662.100657476
12982855.023374358 4835665.855217854
12982857.448618041 4835669.609752732
12982859.87386172 4835673.364289026
12982862.299105404 4835677.118826737
12982864.724349083 4835680.873365859
12982867.149592765 4835684.627906398
12982869.60107262 4835688.353426979
12982872.057414044 4835692.073571289
12982874.513755465 4835695.79371699
12982876.970096884 4835699.5138640795
12982879.426438307 4835703.234012555
12982881.882779729 4835706.954162423
12982884.339121148 4835710.674313679
12982886.795462571 4835714.394466319
12982889.251803992 4835718.114620349
12982891.708145412 4835721.834775771
12982894.164486835 4835725.554932583
12982896.621481922 4835729.274359111
12982899.080285423 4835732.991762813
12982901.53908892 4835736.709167906
12982903.997892419 4835740.426574376
12982906.456695916 4835744.14398224
12982908.915499417 4835747.861391493
12982911.374302916 4835751.578802127
12982913.833106415 4835755.296214158
12982916.291909914 4835759.013627563
12982918.750713415 4835762.731042357
12982921.209516915 4835766.448458543
12982923.668320412 4835770.165876113
12982926.127123913 4835773.883295068
12982928.585927412 4835777.600715409
12982931.04473091 4835781.318137143
12982933.50353441 4835785.035560261
12982935.962337907 4835788.752984763
12982938.421141407 4835792.470410649
12982940.879944908 4835796.187837928
12982943.338748405 4835799.90526659
12982945.797551904 4835803.622696642
12982948.256355405 4835807.340128076
12982950.715158906 4835811.057560901
12982953.173962403 4835814.774995109
12982955.632765902 4835818.492430708
12982958.091569403 4835822.209867692
12982960.550947722 4835825.926661948
12982963.010332871 4835829.643449935
12982965.469718017 4835833.360239314
12982967.931395143 4835837.074459131
12982970.393128872 4835840.788616842
12982972.854862604 4835844.502775934
12982975.316596337 4835848.216936412
12982977.778330063 4835851.931098276
12982980.240063794 4835855.645261522
12982982.701797524 4835859.359426151
12982985.163531255 4835863.073592168
12982987.625264985 4835866.787759569
12982990.086998718 4835870.501928354
12982992.548732448 4835874.216098519
12982995.010466179 4835877.930270071
12982997.471938679 4835881.644736096
12982999.931925615 4835885.360870249
12983002.39191255 4835889.077005782
12983004.851899488 4835892.793142705
12983007.311886424 4835896.509281017
12983009.771873362 4835900.225420703
12983012.23223567 4835903.941140831
12983014.692669813 4835907.656781778
12983017.153103959 4835911.372424108
12983019.630136987 4835915.069122488
12983022.13767733 4835918.731036969
12983024.643982334 4835922.394385947
12983027.173661502 4835926.030101942
12983029.73545454 4835929.62785233
12983032.29724758 4835933.225604011
12983034.880299823 4835936.797245525
12983037.491843285 4835940.333894165
12983040.108103039 4835943.86442276
12983042.818336334 4835947.272983816
12983045.551320096 4835950.650017851
12983048.335133426 4835953.956612103
12983051.125046073 4835957.25425055
12983053.981799724 4835960.453733482
12983056.84068745 4835963.649858864
12983059.791633105 4835966.7011053525
12983062.763373483 4835969.716568657
12983065.822682831 4835972.581341766
12983068.881992178 4835975.446115699
12983071.974189173 4835978.249511001
12983075.097098038 4835980.995588343
12983078.21549872 4835983.750245103
12983081.415060826 4835986.340587995
12983084.658538792 4835988.838358046
12983087.925385894 4835991.284389225
12983091.210007964 4835993.689195393
12983094.565786226 4835995.920170778
12983097.942501666 4835998.098863626
12983101.361839747 4836000.1605371935
12983104.80642243 4836002.150689534
12983108.265768003 4836004.0974581465
12983111.739877947 4836005.99832564
12983115.235264162 4836007.832461874
12983118.776987325 4836009.509665078
12983122.318710491 4836011.186868556
12983125.89556223 4836012.731832173
12983129.496990986 4836014.176166982
12983133.113511454 4836015.556728266
12983136.728932172 4836016.942211411
12983140.372019835 4836018.197021729
12983144.02241478 4836019.41731937
12983147.672809726 4836020.637617161
12983151.32709088 4836021.826687938
12983155.014279304 4836022.842476308
12983158.701467728 4836023.8582647825
12983162.388656152 4836024.874053356
12983166.075844577 4836025.88984204
12983169.780955203 4836026.787890731
12983173.487212082 4836027.6784091825
12983177.203678299 4836028.492831514
12983180.922499638 4836029.289699771
12983184.649016066 4836030.022679313
12983188.376329059 4836030.749243841
12983192.103642054 4836031.475808429
12983195.830955047 4836032.202373062
12983199.550640682 4836032.987915813
12983203.260370435 4836033.853594112
12983206.966067309 4836034.747912078
12983210.67159021 4836035.643442552
12983214.382295614 4836036.50200888
12983218.091250258 4836037.37312112
12983221.797096504 4836038.26643292
12983225.500806049 4836039.174726854
12983229.20564439 4836040.075152442
12983232.911450604 4836040.968821162
12983236.613296885 4836041.889891838
12983240.311604576 4836042.834588198
12983244.00659311 4836043.800694762
12983247.691165276 4836044.829246035
12983251.37403313 4836045.871248176
12983255.05263668 4836046.9381592
12983258.727030735 4836048.029658939
12983262.381220348 4836049.230331099
12983266.031954002 4836050.448558413
12983269.669707485 4836051.731210914
12983273.282763707 4836053.126414362
12983276.892330064 4836054.537522087
12983280.484728646 4836056.020537923
12983284.059933651 4836057.571924941
12983287.606364526 4836059.230867164
12983291.138507543 4836060.941957863
12983294.66895759 4836062.6588810785
12983298.170278901 4836064.472840347
12983301.650641924 4836066.355098239
12983305.100450266 4836068.329960709
12983308.493101371 4836070.466078092
12983311.88366998 4836072.608033972
12983315.234055655 4836074.854491014
12983318.543738317 4836077.200067273
12983321.839429919 4836079.579675234
12983325.102128752 4836082.034510268
12983328.318555318 4836084.590193047
12983331.509621708 4836087.2002019435
12983334.646100339 4836089.918391476
12983337.729166286 4836092.739044352
12983340.755435565 4836095.662357008
12983343.766428063 4836098.612602205
12983346.752138952 4836101.604954349
12983349.657451987 4836104.7295395285
12983352.549980516 4836107.874047258
12983355.386891855 4836111.101380631
12983358.147171529 4836114.441279559
12983360.856721131 4836117.850031142
12983363.492980583 4836121.354583012
12983366.074438605 4836124.928515165
12983368.603320064 4836128.564630534
12983370.977873223 4836132.373826588
12983373.347210083 4836136.188470055
12983375.637050716 4836140.083663805
12983377.878510417 4836144.027098553
12983380.071641985 4836148.016177683
12983382.166344624 4836152.0935573755
12983384.128480872 4836156.280407819
12983386.03462419 4836160.51153922
12983387.849725468 4836164.810428101
12983389.507992238 4836169.215036414
12983391.112574095 4836173.653496693
12983392.683164753 4836178.112272019
12983394.131056022 4836182.64024888
12983395.43913831 4836187.238954451
12983396.615035463 4836191.898736562
12983397.738226421 4836196.581082813
12983398.70031441 4836201.323108842
12983399.563856402 4836206.09765759
12983400.384939518 4836210.884509452
12983401.064230567 4836215.708545
12983401.598035319 4836220.564343812
12983402.048740663 4836225.433441631
12983402.335187575 4836230.32344429
12983402.560274081 4836235.219944334
12983402.670140635 4836240.1227960205
12983402.575870497 4836245.025611151
12983402.36344892 4836249.923076778
12983402.123387473 4836254.817887199
12983401.702534055 4836259.692007268
12983401.219108958 4836264.556427751
12983400.586981127 4836269.390482713
12983399.839165263 4836274.1982283285
12983398.957197096 4836278.9671994895
12983397.939360444 4836283.690031926
12983396.883069828 4836288.398255662
12983395.665340748 4836293.038569722
12983394.340203296 4836297.630657022
12983392.936585685 4836302.182591544
12983391.36407182 4836306.6397017855
12983389.766052201 4836311.082233506
12983388.064055983 4836315.458148328
12983386.252947535 4836319.759264728
12983384.315513298 4836323.966806301
12983382.359941777 4836328.159980461
12983380.317669146 4836332.28136922
12983378.172363713 4836336.313837902
12983375.936239244 4836340.2617276665
12983373.579978509 4836344.089886189
12983371.177713057 4836347.86961629
12983368.748706613 4836351.620049738
12983366.255186314 4836355.297967042
12983363.68054036 4836358.878865702
12983361.052922443 4836362.395438168
12983358.350648824 4836365.81453001
12983355.58372064 4836369.143894931
12983352.775286704 4836372.415171229
12983349.894183667 4836375.577346842
12983346.965070423 4836378.663164712
12983344.00259614 4836381.695555757
12983340.985266179 4836384.6340974765
12983337.918807639 4836387.485239069
12983334.80130017 4836390.241408652
12983331.665396156 4836392.962398359
12983328.505533813 4836395.635589042
12983325.301993754 4836398.219077106
12983322.07959256 4836400.763117665
12983318.823603686 4836403.232465293
12983315.54057046 4836405.641550909
12983312.205330351 4836407.925974922
12983308.862379177 4836410.191242379
12983305.519428002 4836412.456510345
12983302.167791635 4836414.699797401
12983298.807497043 4836416.921171784
12983295.416733986 4836419.062039885
12983292.01558997 4836421.175478856
12983288.604332719 4836423.261044546
12983285.189530449 4836425.336840017
12983281.77479788 4836427.412830131
12983278.360079259 4836429.488859562
12983274.944673019 4836431.562970639
12983271.528155146 4836433.63398019
12983268.11123154 4836435.703843801
12983264.681511965 4836437.737553854
12983261.251792392 4836439.771264315
12983257.822072819 4836441.804975197
12983254.392353246 4836443.838686497
12983250.962633671 4836445.872398206
12983247.53370332 4836447.908362415
12983244.10534737 4836449.945966101
12983240.67699142 4836451.983570201
12983237.248635469 4836454.021174729
12983233.820279518 4836456.058779662
12983230.391923567 4836458.096385018
12983226.963567616 4836460.133990788
12983223.535211666 4836462.171596978
12983220.106855717 4836464.209203581
12983216.678499766 4836466.246810602
12983213.250143815 4836468.284418038
12983209.821787864 4836470.322025895
12983206.392380964 4836472.356635273
12983202.962673854 4836474.390388418
12983199.53296675 4836476.424141973
12983196.10325964 4836478.457895949
12983192.673552532 4836480.491650335
12983189.243845424 4836482.525405134
12983185.814195704 4836484.559324289
12983182.384620158 4836486.593455726
12983178.955044614 4836488.627587583
12983175.52546907 4836490.661719851
12983172.095893526 4836492.69585254
12983168.666317983 4836494.729985641
12983165.236742435 4836496.764119156
12983161.807166891 4836498.798253088
12983158.377591347 4836500.832387436
12983154.948015803 4836502.866522195
12983151.51844026 4836504.900657373
12983148.088864714 4836506.934792967
12983144.65928917 4836508.968928974
12983141.229713626 4836511.003065397
12983137.800138082 4836513.037202234
12983134.370562537 4836515.071339492
12983130.94098699 4836517.105477161
12983127.511411447 4836519.139615242
12983124.083619144 4836521.178838146
12983120.656089399 4836523.218810085
12983117.228559656 4836525.258782429
12983113.80102991 4836527.2987552
12983110.373500165 4836529.338728384
12983106.945970418 4836531.378701986
12983103.518440673 4836533.418676007
12983100.090910928 4836535.458650446
12983096.663381182 4836537.4986253
12983093.235851437 4836539.538600574
12983089.80832169 4836541.578576264
12983086.380791947 4836543.618552373
12983082.953262202 4836545.6585289035
12983079.525732456 4836547.698505843
12983076.098202711 4836549.738483206
12983072.670672964 4836551.778460982
12983069.243143221 4836553.818439184
12983065.815613477 4836555.85841779
12983062.38808373 4836557.898396825
12983058.960553985 4836559.938376271
12983055.53302424 4836561.978356142
12983052.105494494 4836564.0183364265
12983048.679919112 4836566.063866718
12983045.255197456 4836568.111821655
12983041.830475802 4836570.159777014
12983038.405754145 4836572.207732791
12983034.982470661 4836574.259712199
12983031.57300366 4836576.350342894
12983028.163536657 4836578.440974022
12983024.75842322 4836580.543513268
12983021.361515913 4836582.668498004
12983017.964608608 4836584.793483193
12983014.5677013 4836586.918468834
12983011.170793992 4836589.043454924
12983007.773886686 4836591.168441475
12983004.382833732 4836593.30909984
12983001.000879139 4836595.4741138145
12982997.618924543 4836597.63912826
12982994.240161281 4836599.812475451
12982990.87620314 4836602.024477923
12982987.523933863 4836604.266160982
12982984.180140551 4836606.529366516
12982980.836347235 4836608.7925725635
12982977.49255392 4836611.055779123
12982974.148760606 4836613.318986206
12982970.80496729 4836615.58219379
12982967.468310105 4836617.863167986
12982964.132152418 4836620.145386251
12982960.795994727 4836622.427605041
12982957.459837036 4836624.70982435
12982954.149887297 4836627.0556632485
12982950.84316497 4836629.409337146
12982947.53644264 4836631.763011611
12982944.229720311 4836634.116686621
12982940.922997983 4836636.470362195
12982937.616275655 4836638.82403832
12982934.313062027 4836641.185959495
12982931.026112596 4836643.586097679
12982927.739163166 4836645.986236444
12982924.452213734 4836648.386375781
12982921.165264301 4836650.786515701
12982917.878314871 4836653.186656198
12982914.59136544 4836655.586797275
12982911.30441601 4836657.986938929
12982908.019865043 4836660.392424236
12982904.799477873 4836662.940848313
12982901.579090707 4836665.489273039
12982898.358703537 4836668.037698419
12982895.138316369 4836670.586124449
12982891.917929199 4836673.134551129
12982888.697542032 4836675.682978467
12982885.477154862 4836678.231406454
12982882.256767692 4836680.779835095
12982879.036380522 4836683.328264384
12982875.848034177 4836685.943664498
12982872.66118244 4836688.562501583
12982869.470599988 4836691.173670707
12982866.287777074 4836693.800801597
12982863.108689422 4836696.435616499
12982859.929589473 4836699.070406958
12982856.750483718 4836701.705186247
12982853.56446105 4836704.32574058
12982850.374178417 4836706.937534347
12982847.18937836 4836709.560617194
12982844.008221176 4836712.191201271
12982840.830246128 4836714.828284345
12982837.62871502 4836717.416393642
12982834.418494713 4836719.986471152
12982831.208274402 4836722.556549321
12982827.998054095 4836725.126628157
12982824.787833784 4836727.696707647
12982821.577613475 4836730.26678781
12982818.367393168 4836732.836868629
12982815.157172857 4836735.406950117
12982811.946514582 4836737.976104674
12982808.734722657 4836740.542858871
12982805.522930728 4836743.109613728
12982802.311138801 4836745.676369242
12982799.099346876 4836748.243125424
12982795.887554947 4836750.809882266
12982792.675763022 4836753.376639766
12982789.463971093 4836755.943397934
12982786.252179166 4836758.510156755
12982783.040387241 4836761.076916239
12982779.828595312 4836763.643676383
12982776.616803387 4836766.210437195
12982773.405011458 4836768.777198661
12982770.193219531 4836771.343960791
12982766.981427606 4836773.910723587
12982763.769635677 4836776.477487036
12982760.557843752 4836779.0442511495
12982757.346051823 4836781.611015921
12982754.134259896 4836784.17778136
12982750.922467971 4836786.744547456
12982747.710440848 4836789.310815175
12982744.497038867 4836791.874166385
12982741.283636888 4836794.437518257
12982738.070234908 4836797.000870785
12982734.85683293 4836799.564223971
12982731.643430948 4836802.127577823
12982728.429879552 4836804.690612419
12982725.20238619 4836807.223797861
12982721.974892823 4836809.756983944
12982718.74739946 4836812.290170672
12982715.519906096 4836814.823358044
12982712.292412734 4836817.35654606
12982709.064919371 4836819.889734721
12982705.835403357 4836822.418509415
12982702.588987162 4836824.91039857
12982699.342570964 4836827.402288341
12982696.096154766 4836829.89417874
12982692.849738572 4836832.386069763
12982689.57822144 4836834.821626348
12982686.304240825 4836837.251654624
12982683.03026021 4836839.6816834975
12982679.756279599 4836842.111712957
12982676.482298987 4836844.541743016
12982673.255990833 4836847.073513154
12982670.05915933 4836849.665131266
12982666.781994192 4836852.085103807
12982663.538850741 4836854.584209647
12982660.295707295 4836857.083316114
12982657.052563844 4836859.582423211
12982653.809420398 4836862.081530927
12982650.566276947 4836864.580639274
12982647.3231335 4836867.079748249
12982644.079990054 4836869.578857841
12982640.826166095 4836872.054264369
12982637.567311982 4836874.518507869
12982634.308457868 4836876.982751982
12982631.049603757 4836879.446996701
12982627.790749643 4836881.9112420315
12982624.53189553 4836884.375487973
12982621.273041416 4836886.839734524
12982618.014187304 4836889.303981677
12982614.75533319 4836891.7682294445
12982611.49647908 4836894.232477824
12982608.237624966 4836896.6967268055
12982604.978770854 4836899.160976402
12982601.71991674 4836901.6252266085
12982598.461062627 4836904.089477423
12982595.202208517 4836906.55372885
12982591.943354402 4836909.017980881
12982588.684500292 4836911.482233525
12982585.425646178 4836913.946486776
12982582.166792065 4836916.410740638
12982578.907937953 4836918.874995109
12982575.64908384 4836921.339250191
12982572.390229726 4836923.803505882
12982569.131375613 4836926.267762185
12982565.929959498 4836928.854789405
12982562.752173238 4836931.4923247425
12982559.574386979 4836934.129860764
12982556.396600718 4836936.767397497
12982553.218814459 4836939.404934927
12982550.041028198 4836942.042473049
12982546.863241937 4836944.68001187
12982543.685455678 4836947.317551388
12982540.507669417 4836949.955091608
12982537.329883156 4836952.592632526
12982534.152096897 4836955.230174141
12982530.974310637 4836957.867716454
12982527.796524376 4836960.505259463
12982524.617518827 4836963.140311662
12982521.437743383 4836965.773791348
12982518.257967941 4836968.407271728
12982515.078192497 4836971.040752797
12982511.898417054 4836973.674234565
12982508.718641609 4836976.307717035
12982505.538866168 4836978.9412002005
12982502.359090723 4836981.574684053
12982499.17931528 4836984.20816861
12982495.999539835 4836986.841653858
12982492.82013207 4836989.475890927
12982489.642825333 4836992.1144208545
12982486.4655186 4836994.752951483
12982483.28821186 4836997.391482814
12982480.110905126 4837000.030014838
12982476.933598388 4837002.66854756
12982473.756291652 4837005.307080985
12982470.578984918 4837007.945615109
12982467.401678178 4837010.584149927
12982464.224371444 4837013.222685449
12982461.047064707 4837015.861221667
12982457.86975797 4837018.499758586
12982454.692254545 4837021.137894854
12982451.514604306 4837023.775732236
12982448.336954065 4837026.413570316
12982445.159303822 4837029.051409095
12982441.981653582 4837031.689248571
12982438.804003341 4837034.327088745
12982435.6263531 4837036.964929627
12982432.44870286 4837039.602771196
12982429.271052618 4837042.240613465
12982426.093402378 4837044.878456438
12982422.915752135 4837047.516300104
12982419.738101896 4837050.154144469
12982416.554304807 4837052.779367526
12982413.365502369 4837055.394313239
12982410.232581783 4837058.119015835
12982407.073320542 4837060.793555761
12982403.878932381 4837063.396296132
12982400.665062891 4837065.958724692
12982397.45930009 4837068.538045637
12982394.280461533 4837071.173468747
12982391.101622978 4837073.808892552
12982387.922784423 4837076.44431705
12982384.743945869 4837079.079742249
12982381.565107314 4837081.715168146
12982378.38626876 4837084.350594735
12982375.207430204 4837086.98602203
12982372.02859165 4837089.621450015
12982368.849753093 4837092.256878699
12982365.670914538 4837094.892308083
12982362.492075983 4837097.5277381595
12982359.313237429 4837100.163168936
12982356.134398874 4837102.798600409
12982352.95556032 4837105.434032574
12982349.776721764 4837108.069465445
12982346.597883206 4837110.7048990065
12982343.419044653 4837113.340333271
12982340.240206098 4837115.975768226
12982337.061367543 4837118.61120388
12982333.882528989 4837121.246640233
12982330.70369043 4837123.8820772795
12982327.524851875 4837126.51751503
12982324.347152922 4837129.155280754
12982321.16955626 4837131.7932560835
12982317.991959602 4837134.4312321115
12982314.81436294 4837137.069208842
12982311.636766281 4837139.707186262
12982308.459169619 4837142.345164393
12982305.281572958 4837144.98314321
12982302.1039763 4837147.621122734
12982298.926379636 4837150.259102949
12982295.748782976 4837152.897083869
12982292.571186317 4837155.535065484
12982289.393589655 4837158.173047798
12982286.215992996 4837160.811030814
12982283.038396334 4837163.449014524
12982279.860799676 4837166.086998932
12982276.683203014 4837168.724984037
12982273.505606351 4837171.362969851
12982270.328009693 4837174.000956355
12982267.15041303 4837176.638943558
12982263.972816372 4837179.276931461
12982260.79521971 4837181.914920057
12982257.617623052 4837184.552909356
12982254.44002639 4837187.190899354
12982251.262429731 4837189.8288900545
12982248.084833069 4837192.4668814475
12982244.907236407 4837195.104873538
12982241.729639748 4837197.742866328
12982238.552043086 4837200.380859816
12982235.374446426 4837203.018854008
12982232.196849765 4837205.656848893
12982229.019164708 4837208.294663936
12982225.840141108 4837210.929745808
12982222.661117509 4837213.564828383
12982219.482093906 4837216.199911658
12982216.303070307 4837218.834995629
12982213.124046708 4837221.47008029
12982209.945023105 4837224.105165656
12982206.765999505 4837226.740251714
12982203.586975906 4837229.375338473
12982200.407952303 4837232.010425926
12982197.228928704 4837234.645514075
12982194.049905105 4837237.280602925
12982190.870881502 4837239.915692464
12982187.691857902 4837242.550782708
12982184.512834303 4837245.185873645
12982181.333810704 4837247.820965279
12982178.1547871 4837250.456057609
12982174.975763502 4837253.09115064
12982171.796739899 4837255.726244365
12982168.6177163 4837258.361338786
12982165.4386927 4837260.996433908
12982162.259669099 4837263.631529723
12982159.0806455 4837266.266626235
12982155.901621899 4837268.901723448
12982152.722598298 4837271.536821353
12982149.543574696 4837274.171919953
12982146.364551097 4837276.807019256
12982143.185527496 4837279.442119253
12982140.006503897 4837282.077219946
12982136.829143526 4837284.715717653
12982133.65193862 4837287.354533506
12982130.47473371 4837289.993350053
12982127.297528801 4837292.632167299
12982124.12032389 4837295.2709852485
12982120.943118982 4837297.909803893
12982117.765914075 4837300.54862324
12982114.588709164 4837303.187443282
12982111.411504256 4837305.826264027
12982108.234299347 4837308.465085466
12982105.057094436 4837311.103907608
12982101.879889527 4837313.742730446
12982098.70268462 4837316.381553982
12982095.525479712 4837319.020378222
12982092.348274803 4837321.659203159
12982089.171069892 4837324.298028792
12982085.993864983 4837326.936855124
12982082.816660076 4837329.5756821595
12982079.639455168 4837332.214509896
12982076.462250257 4837334.853338322
12982073.285045348 4837337.492167452
12982070.10784044 4837340.130997282
12982066.930635529 4837342.7698278045
12982063.753199859 4837345.408187899
12982060.574516863 4837348.044002118
12982057.395833869 4837350.679817033
12982054.217150874 4837353.31563265
12982051.038467878 4837355.951448965
12982047.859784884 4837358.587265973
12982044.681101888 4837361.223083679
12982041.502418894 4837363.858902084
12982038.3237359 4837366.494721188
12982035.145052904 4837369.130540987
12982031.96636991 4837371.766361483
12982028.787686914 4837374.402182676
12982025.60900392 4837377.038004565
12982022.430320926 4837379.673827155
12982019.25163793 4837382.309650439
12982016.072954936 4837384.9454744235
12982012.89427194 4837387.581299102
12982009.715588946 4837390.217124478
12982006.536905952 4837392.852950553
12982003.358222956 4837395.488777325
12982000.179539962 4837398.124604797
12981997.000856966 4837400.76043296
12981993.822173972 4837403.396261827
12981990.643490978 4837406.032091388
12981987.464807982 4837408.667921647
12981984.286124988 4837411.303752601
12981981.107441992 4837413.939584256
12981977.928758997 4837416.575416606
12981974.750371065 4837419.211852291
12981971.572473766 4837421.8492907565
12981968.394576473 4837424.486729921
12981965.216679176 4837427.124169789
12981962.03878188 4837429.761610346
12981958.86088458 4837432.39905161
12981955.682987288 4837435.036493571
12981952.50508999 4837437.673936224
12981949.327192696 4837440.311379577
12981946.149295399 4837442.94882363
12981942.971398102 4837445.58626838
12981939.793500805 4837448.223713836
12981936.61560351 4837450.861159978
12981933.437706213 4837453.49860682
12981930.259809317 4837456.136055182
12981927.081912613 4837458.773504632
12981923.904015906 4837461.410954781
12981920.726119203 4837464.048405628
12981917.548222497 4837466.685857169
12981914.370325793 4837469.323309416
12981911.19242909 4837471.960762353
12981908.014532385 4837474.5982159935
12981904.836635679 4837477.235670331
12981901.658738976 4837479.873125363
12981898.480842272 4837482.5105811
12981895.30294557 4837485.148037529
12981892.125048863 4837487.785494664
12981888.947152158 4837490.422952489
12981885.769255452 4837493.060411015
12981882.59135875 4837495.69787024
12981879.413462045 4837498.335330163
12981876.235565342 4837500.972790786
12981873.057668636 4837503.610252104
12981869.879771931 4837506.247714118
12981866.701875227 4837508.885176838
12981863.523978522 4837511.522640245
12981860.34608182 4837514.16010436
12981857.168185115 4837516.797569168
12981853.990288408 4837519.435034679
12981850.812391706 4837522.072500884
12981847.634495 4837524.709967788
12981844.456598299 4837527.347435388
12981841.278701592 4837529.9849036895
12981838.100804888 4837532.622372689
12981834.922908181 4837535.259842386
12981831.745011479 4837537.897312782
12981828.567114774 4837540.534783877
12981825.389218071 4837543.172255666
12981822.210935717 4837545.808940666
12981819.03264576 4837548.445610832
12981815.854355806 4837551.082281695
12981812.676065847 4837553.718953257
12981809.497775894 4837556.355625521
12981806.319485936 4837558.992298474
12981803.14119598 4837561.628972132
12981799.962906023 4837564.265646488
12981796.784616068 4837566.902321535
12981793.60632611 4837569.538997288
12981790.428036155 4837572.175673736
12981787.249746198 4837574.812350877
12981784.071456244 4837577.449028721
12981780.893166287 4837580.085707265
12981777.714876331 4837582.722386497
12981774.536586374 4837585.359066436
12981771.358296419 4837587.995747069
12981768.180006465 4837590.632428398
12981765.001716506 4837593.269110426
12981761.823426552 4837595.905793154
12981758.645136595 4837598.5424765805
12981755.466846637 4837601.179160701
12981752.288556682 4837603.815845522
12981749.110266725 4837606.4525310425
12981745.93197677 4837609.089217254
12981742.753686816 4837611.7259041695
12981739.575396856 4837614.362591781
12981736.397106903 4837616.999280088
12981733.218816945 4837619.635969098
12981730.040526988 4837622.272658801
12981726.862237033 4837624.909349203
12981723.683947075 4837627.546040302
12981720.505657122 4837630.1827321015
12981717.327367162 4837632.819424598
12981714.149077209 4837635.456117791
12981710.970787253 4837638.092811684
12981707.792497296 4837640.729506273
12981704.614207339 4837643.366201559
12981701.435917383 4837646.002897547
12981698.25762743 4837648.639594224
12981695.079337472 4837651.276291607
12981691.901047517 4837653.912989686
12981688.72275756 4837656.549688458
12981685.544467602 4837659.186387935
12981682.366177646 4837661.823088106
12981679.18788769 4837664.459788974
12981676.009597734 4837667.096490545
12981672.83130778 4837669.733192809
12981669.653017823 4837672.36989577
12981666.474727867 4837675.006599434
12981663.29643791 4837677.643303791
12981660.118147952 4837680.280008847
12981656.939857999 4837682.916714598
12981653.76156804 4837685.553421054
12981650.583278086 4837688.190128199
12981647.40498813 4837690.826836049
12981644.226698173 4837693.463544596
12981641.048408218 4837696.100253839
12981637.87011826 4837698.736963778
12981634.691828303 4837701.373674417
12981631.513538348 4837704.010385751
12981628.33524839 4837706.647097789
12981625.156958437 4837709.283810522
12981621.978668481 4837711.920523947
12981618.800378524 4837714.557238079
12981615.622088568 4837717.193952902
12981612.443798611 4837719.830668425
12981609.265508657 4837722.467384645
12981606.087218698 4837725.104101563
12981602.908928744 4837727.740819178
12981599.730638787 4837730.377537493
12981596.552348832 4837733.014256508
12981593.374058874 4837735.65097622
12981590.195768919 4837738.287696624
12981587.017478961 4837740.924417731
12981583.839189008 4837743.561139534
12981580.660899049 4837746.197862035
12981577.482609095 4837748.834585233
12981574.304319138 4837751.471309137
12981571.126029182 4837754.108033726
12981567.947739225 4837756.744759022
12981564.769449268 4837759.381485011
12981561.591159314 4837762.018211698
12981558.412869355 4837764.654939084
12981555.234579401 4837767.29166717
12981552.056289446 4837769.928395947
12981548.877999488 4837772.565125434
12981545.699709533 4837775.201855609
12981542.521419575 4837777.838586483
12981539.343129622 4837780.4753180565
12981536.164839664 4837783.11205033
12981532.986549709 4837785.748783294
12981529.808259752 4837788.385516963
12981526.629969796 4837791.022251329
12981523.451679839 4837793.658986388
12981520.273389883 4837796.295722149
12981517.095099926 4837798.932458606
12981513.916809972 4837801.56919576
12981510.738520015 4837804.205933615
12981507.56023006 4837806.842672171
12981504.381940102 4837809.479411415
12981501.203650147 4837812.1161513645
12981498.02536019 4837814.752892011
12981494.847070234 4837817.38963335
12981491.67700669 4837820.043011784
12981488.517115857 4837822.716963352
12981485.352400126 4837825.381203061
12981482.175144881 4837828.020055795
12981478.997451069 4837830.658017875
12981475.819757257 4837833.295980658
12981472.642063448 4837835.933944134
12981469.464369634 4837838.571908312
12981466.286675824 4837841.209873191
12981463.108982012 4837843.847838768
12981459.9312882 4837846.48580504
12981456.753594387 4837849.123772008
12981453.575900575 4837851.7617396815
12981450.398206767 4837854.399708051
12981447.220512953 4837857.037677114
12981444.04281914 4837859.675646884
12981440.86512533 4837862.313617348
12981437.687431518 4837864.951588511
12981434.509737706 4837867.589560373
12981431.332043894 4837870.227532928
12981428.154350081 4837872.865506188
12981424.97665627 4837875.503480147
12981421.798962457 4837878.141454797
12981418.621268649 4837880.779430154
12981415.443574836 4837883.417406202
12981412.265881022 4837886.055382957
12981409.088187212 4837888.693360406
12981405.9104934 4837891.331338549
12981402.732799588 4837893.9693174
12981399.555105776 4837896.607296944
12981396.377411963 4837899.245277184
12981393.199718155 4837901.8832581295
12981390.02202434 4837904.52123977
12981386.84433053 4837907.159222106
12981383.666636718 4837909.797205148
12981380.488942906 4837912.43518888
12981377.311249094 4837915.073173314
12981374.133555282 4837917.71115845
12981370.95586147 4837920.349144279
12981367.778167658 4837922.987130804
12981364.600473847 4837925.625118036
12981361.422780037 4837928.263105962
12981358.245086225 4837930.90109459
12981355.067392413 4837933.539083911
12981351.8896986 4837936.177073933
12981348.712004788 4837938.815064654
12981345.534310976 4837941.453056073
12981342.356617164 4837944.091048189
12981339.178923355 4837946.729041006
12981336.001229543 4837949.367034521
12981332.82353573 4837952.005028738
12981329.645841919 4837954.6430236455
12981326.468148107 4837957.2810192555
12981323.290454295 4837959.919015565
12981320.112760482 4837962.557012569
12981316.93506667 4837965.1950102765
12981313.757372858 4837967.833008681
12981310.579679046 4837970.471007789
12981307.401985237 4837973.10900759
12981304.224291425 4837975.747008085
12981301.046597613 4837978.385009283
12981297.8689038 4837981.02301118
12981294.691209989 4837983.661013771
12981291.513516176 4837986.299017069
12981288.335822364 4837988.937021062
12981285.158128552 4837991.575025757
12981281.980434744 4837994.213031146
12981278.802740932 4837996.85103723
12981275.62504712 4837999.489044017
12981272.447353307 4838002.127051504
12981269.269659495 4838004.765059685
12981266.091965683 4838007.403068568
12981262.91427187 4838010.041078151
12981259.736578062 4838012.6790884305
12981256.558884246 4838015.317099407
12981253.381190436 4838017.955111079
12981250.203496626 4838020.593123454
12981247.025802813 4838023.231136532
12981243.848172538 4838025.869279977
12981240.670711324 4838028.50776917
12981237.493250111 4838031.146259061
12981234.315788897 4838033.7847496485
12981231.138327684 4838036.423240936
12981227.96086647 4838039.061732922
12981224.783405256 4838041.700225611
12981221.605944043 4838044.338718998
12981218.428482829 4838046.977213079
12981215.251021612 4838049.615707864
12981212.073560402 4838052.254203345
12981208.89609919 4838054.892699527
12981205.718637973 4838057.531196403
12981202.541176759 4838060.16969398
12981199.363715546 4838062.808192256
12981196.186254332 4838065.446691233
12981193.008793117 4838068.085190905
12981189.831331905 4838070.723691276
12981186.65387069 4838073.36219235
12981183.476409478 4838076.000694118
12981180.298948264 4838078.6391965905
12981177.121487051 4838081.277699754
12981173.944025835 4838083.916203626
12981170.766564624 4838086.554708191
12981167.58910341 4838089.1932134535
12981164.411642194 4838091.83171942
12981161.23418098 4838094.47022608
12981158.056719767 4838097.108733443
12981154.879258553 4838099.747241501
12981151.70179734 4838102.385750258
12981148.524336126 4838105.0242597135
12981145.346874913 4838107.662769867
12981142.169413699 4838110.301280725
12981138.991512801 4838112.938894681
12981135.81337346 4838115.576022557
12981132.635234118 4838118.213151126
12981129.457094776 4838120.850280403
12981126.278955434 4838123.48741037
12981123.100816092 4838126.124541036
12981119.92267675 4838128.761672404
12981116.744537406 4838131.398804468
12981113.566398067 4838134.03593723
12981110.388258725 4838136.673070691
12981107.210119383 4838139.310204849
12981104.03198004 4838141.947339702
12981100.853840698 4838144.584475257
12981097.675701356 4838147.22161151
12981094.497562014 4838149.858748456
12981091.319422672 4838152.495886106
12981088.14128333 4838155.133024454
12981084.963143988 4838157.770163498
12981081.785004646 4838160.407303241
12981078.606865304 4838163.044443684
12981075.42872596 4838165.681584819
12981072.250586618 4838168.31872666
12981069.07244728 4838170.955869192
12981065.894307937 4838173.593012425
12981062.716168594 4838176.2301563565
12981059.538029252 4838178.867300986
12981056.35988991 4838181.504446311
12981053.181750568 4838184.141592337
12981050.003611226 4838186.778739061
12981046.825471884 4838189.415886483
12981043.647332542 4838192.053034603
12981040.469193202 4838194.690183422
12981037.291053858 4838197.327332933
12981034.112914514 4838199.964483148
12981030.934775172 4838202.601634062
12981027.75663583 4838205.238785673
12981024.57793342 4838207.87478765
12981021.399150176 4838210.510625194
12981018.22036693 4838213.146463431
12981015.041583687 4838215.782302363
12981011.866124418 4838218.424922247
12981008.690829452 4838221.06787798
12981005.515534483 4838223.710834401
12981002.340239517 4838226.353791528
12980999.16494455 4838228.996749357
