12993137.457444964 4865967.744479706
12993128.696753608 4865964.564750629
12993119.93606225 4865961.385022573
12993111.175370894 4865958.205295538
12993102.414679538 4865955.025569514
12993093.65398818 4865951.845844516
12993084.893296825 4865948.666120538
12993076.132605467 4865945.486397575
12993067.370631149 4865942.313021181
12993058.610064724 4865939.132713755
12993049.849498298 4865935.952407345
12993041.086664256 4865932.782778891
12993032.322283141 4865929.620435764
12993023.559808474 4865926.449924424
12993014.80127857 4865923.261677415
12993006.03889057 4865920.089939189
12992997.276502572 4865916.918201974
12992988.514114575 4865913.746465779
12992979.751726577 4865910.574730599
12992970.989338579 4865907.402996426
12992962.226950578 4865904.231263269
12992953.464562584 4865901.059531131
12992944.702174583 4865897.887800001
12992935.940547142 4865894.712493193
12992927.179500962 4865891.534453911
12992918.41845478 4865888.356415646
12992909.657408597 4865885.178378395
12992900.896362416 4865882.000342171
12992892.135316232 4865878.822306957
12992883.37427005 4865875.644272763
12992874.613223867 4865872.466239592
12992865.852177687 4865869.288207431
12992857.091131505 4865866.1101762885
12992848.330085322 4865862.93214617
12992839.569039138 4865859.754117066
12992830.807992956 4865856.576088977
12992822.044737991 4865853.40845637
12992813.281482082 4865850.240829214
12992804.51822617 4865847.073203067
12992795.754970262 4865843.905577931
12992786.991714353 4865840.737953808
12992778.228458442 4865837.570330694
12992769.46520253 4865834.402708588
12992760.701946622 4865831.235087497
12992751.938690713 4865828.067467416
12992743.175434802 4865824.899848349
12992734.412178893 4865821.732230289
12992725.644984039 4865818.58324221
12992716.877736682 4865815.43450344
12992708.11048933 4865812.285765667
12992699.343241973 4865809.1370288925
12992690.575994616 4865805.988293118
12992681.80874726 4865802.839558342
12992673.041499903 4865799.690824569
12992664.26969556 4865796.563807958
12992655.497086234 4865793.440628451
12992646.724476907 4865790.317449928
12992637.951867582 4865787.194272389
12992629.17365958 4865784.098140155
12992620.390056347 4865781.028070438
12992611.606453117 4865777.958001681
12992602.822849888 4865774.887933862
12992594.039246658 4865771.8178670015
12992585.255643426 4865768.747801087
12992576.464551423 4865765.714487826
12992567.673265405 4865762.682127627
12992558.881979385 4865759.649768357
12992550.090693366 4865756.617410015
12992541.297364522 4865753.595234674
12992532.496009681 4865750.613064304
12992523.69465484 4865747.630894826
12992514.893299999 4865744.648726244
12992506.091945155 4865741.666558563
12992497.290590316 4865738.684391777
12992488.478391798 4865735.757441524
12992479.663471151 4865732.844353118
12992470.848550506 4865729.9312655665
12992462.033629857 4865727.018178869
12992453.218709212 4865724.105093028
12992444.391203549 4865721.25791838
12992435.56010184 4865718.429577794
12992426.72900013 4865715.601238011
12992417.892682858 4865712.80087215
12992409.053625653 4865710.0152023835
12992400.214568445 4865707.229533412
12992391.373926792 4865704.452453078
12992382.53250206 4865701.679617897
12992373.689351868 4865698.916271154
12992364.836594854 4865696.205749572
12992355.983837837 4865693.495228744
12992347.131080821 4865690.784708647
12992338.267627683 4865688.134508051
12992329.402911488 4865685.491430914
12992320.538195292 4865682.848354485
12992311.673479099 4865680.205278761
12992302.800700864 4865677.608919159
12992293.924090417 4865675.034765923
12992285.04747997 4865672.46061335
12992276.170869526 4865669.886461442
12992267.294259079 4865667.312310215
12992258.412547898 4865664.768447437
12992249.52731073 4865662.245522339
12992240.637009952 4865659.753393541
12992231.741257582 4865657.294420534
12992222.845505213 4865654.835448138
12992213.946540523 4865652.396528753
12992205.041372452 4865649.996333553
12992196.136204382 4865647.596138929
12992187.231036313 4865645.195944888
12992178.325945357 4865642.795265268
12992169.411191056 4865640.456824078
12992160.4933588 4865638.138136851
12992151.575526545 4865635.819450165
12992142.65769429 4865633.500764019
12992133.739862032 4865631.182078417
12992124.814586403 4865628.912991517
12992115.885713797 4865626.667873216
12992106.956841191 4865624.422755423
12992098.027968584 4865622.177638138
12992089.094525406 4865619.963969782
12992080.156142725 4865617.7842887975
12992071.217760047 4865615.604608297
12992062.279377365 4865613.424928265
12992053.340994684 4865611.245248723
12992044.395885764 4865609.113548777
12992035.445440592 4865607.019913464
12992026.494995417 4865604.926278585
12992017.543576924 4865602.83976208
12992008.590973686 4865600.761910105
12991999.63837045 4865598.684058567
12991990.682340082 4865596.631722827
12991981.722215261 4865594.609871171
12991972.762090439 4865592.588019927
12991963.787627753 4865590.678324298
12991954.75965037 4865589.370948984
12991945.687163038 4865588.573880084
12991936.616335612 4865587.753103003
12991927.61745678 4865586.049593444
12991918.618577952 4865584.346084167
12991909.61969912 4865582.6425751895
12991900.623412974 4865580.916364382
12991891.626460515 4865579.206437355
12991882.625466535 4865577.522078178
12991873.624472557 4865575.83771929
12991864.619779043 4865574.18787654
12991855.61028129 4865572.58285656
12991846.599036593 4865570.994849449
12991837.583766516 4865569.446043694
12991828.56849644 4865567.897238177
12991819.553226363 4865566.348432911
12991810.537956288 4865564.799627878
12991801.512939263 4865563.370282864
12991792.467712505 4865562.1550055295
12991783.422485746 4865560.939728339
12991774.37725899 4865559.724451303
12991765.330565792 4865558.528323499
12991756.280035729 4865557.382298422
12991747.231334127 4865556.211981219
12991738.183004072 4865555.036727911
12991729.13467402 4865553.8614747375
12991720.086343965 4865552.686221708
12991711.03801391 4865551.510968817
12991701.989090824 4865550.344775494
12991692.935574263 4865549.240164962
12991683.88231943 4865548.131419179
12991674.827704493 4865547.042300545
12991665.768986275 4865546.012394674
12991656.711669225 4865544.963696659
12991647.65209318 4865543.952083983
12991638.589719526 4865542.978546706
12991629.524989642 4865542.043259412
12991620.458660051 4865541.13484159
12991611.39249848 4865540.224281428
12991602.323506562 4865539.362804948
12991593.255299777 4865538.48733213
12991584.188157985 4865537.593746884
12991575.12132257 4865536.6937444825
12991566.051368399 4865535.849157187
12991556.98067527 4865535.019237364
12991547.91131515 4865534.163765239
12991538.842441726 4865533.299652172
12991529.773881767 4865532.430055437
12991520.706282435 4865531.543977741
12991511.63648657 4865530.698350357
12991502.568263836 4865529.824017125
12991493.499187078 4865528.965242829
12991484.431334374 4865528.084947003
12991475.360183848 4865527.2626178665
12991466.293323599 4865526.365033887
12991457.22354357 4865525.517387455
12991448.154996224 4865524.649140313
12991439.084811457 4865523.808707048
12991430.017330203 4865522.941165564
12991420.94798824 4865522.086146115
12991411.877932021 4865521.243339836
12991402.806968413 4865520.422206492
12991393.738331763 4865519.554491059
12991384.66847674 4865518.708017125
12991375.599905603 4865517.840081491
12991366.528325597 4865517.025733064
12991357.460582461 4865516.1427040305
12991348.392117914 4865515.271120237
12991339.32365337 4865514.399536529
12991330.255188825 4865513.527952893
12991321.187903825 4865512.635946402
12991312.125292964 4865511.667056387
12991303.06529263 4865510.664998587
12991294.00492771 4865509.660104723
12991284.946163638 4865508.630890185
12991275.887399565 4865507.601675762
12991266.828635491 4865506.572461441
12991257.795651581 4865505.22838119
12991248.768452583 4865503.8028869815
12991239.741253585 4865502.37739298
12991230.714054586 4865500.951899184
12991221.686855588 4865499.526405589
12991212.65447954 4865498.2204772215
12991203.562722469 4865498.417695748
12991194.471511966 4865498.653923114
12991185.380310785 4865498.89081569
12991176.290573416 4865499.20722172
12991167.201994859 4865499.57271118
12991158.116852898 4865500.066452289
12991149.037815792 4865500.722139725
12991139.97702669 4865501.707818786
12991130.929136328 4865502.884432867
12991121.903434113 4865504.319183538
12991112.913545717 4865506.097586906
12991103.95602974 4865508.133826365
12991095.075507652 4865510.684360522
12991086.217109876 4865513.359931761
12991077.43831091 4865516.4498453215
12991068.720040979 4865519.820577777
12991060.090287047 4865523.5593004385
12991051.538763516 4865527.592900103
12991043.094605433 4865531.995226961
12991034.733856777 4865536.660534249
12991026.440950468 4865541.528368021
12991018.225660507 4865546.613758629
12991010.09264953 4865551.922005947
12991001.968513578 4865557.253394242
12990993.919564374 4865562.775194473
12990985.88197622 4865568.325659345
12990977.846205529 4865573.880607844
12990969.81180195 4865579.438929741
12990961.773606094 4865584.987901146
12990953.704694867 4865590.459520584
12990945.595839439 4865595.830465868
12990937.464717243 4865601.143161766
12990929.270351773 4865606.2868088735
12990920.997919565 4865611.213993759
12990912.70553187 4865616.083964332
12990904.346182844 4865620.752012616
12990895.874363003 4865625.063677179
12990887.354037562 4865629.206837033
12990878.78315137 4865633.171016525
12990870.13410573 4865636.832488452
12990861.450338164 4865640.353365491
12990852.73376632 4865643.73099641
12990843.974416137 4865646.916723031
12990835.203317828 4865650.047079701
12990826.403651465 4865653.03764138
12990817.587486412 4865655.943822247
12990808.76534829 4865658.819416614
12990799.943210164 4865661.69501181
12990791.124434816 4865664.587899018
12990782.319829114 4865667.553646603
12990773.530757375 4865670.596397147
12990764.749118717 4865673.67599454
12990755.977396276 4865676.803057154
12990747.253575897 4865680.1509831725
12990738.564135494 4865683.645010218
12990729.929194352 4865687.3642913345
12990721.32292662 4865691.194549495
12990712.83737677 4865695.450535626
12990704.436269308 4865699.991918988
12990696.04354793 4865704.559820366
12990687.672970027 4865709.196344536
12990679.28703621 4865713.785442995
12990670.90110239 4865718.374543574
12990662.605606524 4865723.234354275
12990654.358147746 4865728.2319990145
12990646.1639405 4865733.375586642
12990638.04956979 4865738.732396439
12990629.950529367 4865744.128414002
12990621.866053803 4865749.5617076075
12990613.785968663 4865755.006046929
12990605.73244022 4865760.516880523
12990597.773667881 4865766.257722632
12990589.962859862 4865772.333382644
12990582.229758877 4865778.57680709
12990574.555776887 4865784.944083262
12990566.891325977 4865791.33102397
12990559.226875069 4865797.717968783
12990551.555604849 4865804.090841792
12990543.851791408 4865810.396580142
12990536.147977967 4865816.702322503
12990528.444164522 4865823.008068863
12990520.740896614 4865829.314954706
12990513.038071118 4865835.622765377
12990505.335245622 4865841.930580061
12990497.632420124 4865848.238398752
12990489.929594629 4865854.546221459
12990482.226769129 4865860.854048175
12990474.523943633 4865867.161878898
12990466.821118135 4865873.469713628
12990459.118292637 4865879.777552372
12990451.415467141 4865886.085395126
12990443.715660792 4865892.399519918
12990436.016021641 4865898.713996397
12990428.316382494 4865905.028476895
12990420.597406436 4865911.302592959
12990412.87745266 4865917.574671868
12990405.157498881 4865923.846754737
12990397.424653945 4865930.091475296
12990389.608917523 4865936.157399582
12990381.737407075 4865942.099825694
12990373.865896627 4865948.042255367
12990365.994386183 4865953.984688591
12990358.122875735 4865959.927125381
12990350.251365287 4865965.869565726
12990342.379854841 4865971.812009631
12990334.666569322 4865978.095313729
12990326.996457858 4865984.470749178
12990319.340753099 4865990.875668318
12990311.685048344 4865997.280591597
12990304.029343588 4866003.685519005
12990296.373638835 4866010.090450556
12990288.71793408 4866016.49538623
12990281.06222932 4866022.900326045
12990273.406524569 4866029.305269992
12990265.750819813 4866035.710218077
12990258.095115054 4866042.115170292
12990250.439410299 4866048.5201266445
12990242.783705544 4866054.9250871325
12990235.128000788 4866061.33005175
12990227.469090581 4866067.722375728
12990219.629365362 4866073.735374051
12990211.764631648 4866079.693121813
12990203.88090243 4866085.607966434
12990195.910948645 4866091.321766052
12990187.877040463 4866096.881597876
12990179.779963505 4866102.281424759
12990171.838301647 4866108.060379956
12990163.915018208 4866113.884476145
12990155.996734433 4866119.72012627
12990148.086878357 4866125.575250006
12990140.177022282 4866131.4303772
12990132.267166208 4866137.2855078485
12990124.357310133 4866143.140641952
12990116.457097718 4866149.01791525
12990108.55870315 4866154.899364658
12990100.79634413 4866161.079742043
12990093.123556865 4866167.449425484
12990085.486166848 4866173.891614914
12990077.832578408 4866180.3000198295
12990070.183923278 4866186.719359867
12990062.526544468 4866193.120980949
12990054.877026094 4866199.538614431
12990047.229141254 4866205.95957319
12990039.581256416 4866212.380536102
12990031.941095792 4866218.817141066
12990024.290063292 4866225.23171862
12990016.64144428 4866231.651197299
12990009.002079401 4866238.089412827
12990001.360351374 4866244.522801039
12989993.722461486 4866250.963949246
12989986.077504164 4866257.39084281
12989978.42116511 4866263.794404602
12989970.780676514 4866270.230321967
12989963.131868226 4866276.6494516
12989955.476693593 4866283.0555916205
12989947.813109525 4866289.44462521
12989940.15066963 4866295.835993153
12989932.495366402 4866302.2419311
12989924.80515119 4866308.575928798
12989917.15228396 4866314.986820211
12989909.481680939 4866321.361491032
12989901.818500249 4866327.751369251
12989894.157860043 4866334.146428837
12989886.489661027 4866340.526051249
12989878.823794447 4866346.9104103455
12989871.173165645 4866353.325871887
12989863.507247616 4866359.710170619
12989855.844637746 4866366.100965418
12989848.180735128 4866372.489401145
12989840.515715662 4866378.875546447
12989832.84639088 4866385.252841443
12989825.186271474 4866391.648997903
12989817.515720947 4866398.023837162
12989809.861053318 4866404.430852348
12989802.201045977 4866410.827258259
12989794.537108727 4866417.215651229
12989786.885790994 4866423.629734954
12989779.223726738 4866430.021748253
12989771.573877634 4866436.438822227
12989763.91867074 4866442.845046276
12989756.261453804 4866449.247179964
12989748.596390342 4866455.633256193
12989740.92902988 4866462.013069872
12989733.260333989 4866468.39087993
12989725.595551247 4866474.777529569
12989717.934552941 4866481.171962437
12989710.273735361 4866487.5667717
12989702.605118781 4866493.945591995
12989694.930289758 4866500.311673532
12989687.274523672 4866506.716797194
12989679.607639898 4866513.099175445
12989671.946695095 4866519.493743932
12989664.277579026 4866525.871392488
12989656.628269963 4866532.289670103
12989648.969945699 4866538.689598867
12989641.310722979 4866545.08770396
12989633.656946322 4866551.496909654
12989626.003709104 4866557.907218447
12989618.346666172 4866564.309780484
12989610.696219765 4866570.725763806
12989603.055610456 4866577.161706142
12989595.441597583 4866583.651054477
12989587.822532484 4866590.130388387
12989580.197709305 4866596.59815618
12989572.606093138 4866603.132180372
12989564.982337493 4866609.601885413
12989557.39227993 4866616.139003434
12989549.804308798 4866622.680251244
12989542.22072711 4866629.23017459
12989534.637943307 4866635.781087531
12989527.072099715 4866642.365888186
12989519.516325198 4866648.970352618
12989511.950906886 4866655.55599265
12989504.406409774 4866662.182382274
12989496.85706527 4866668.79939337
12989489.317695418 4866675.435761388
12989481.79599299 4866682.105890687
12989474.277182426 4866688.7819069475
12989466.764215043 4866695.469093186
12989459.262319513 4866702.177431151
12989451.748797411 4866708.863601216
12989444.257130919 4866715.591139263
12989436.759292865 4866722.307208689
12989429.275895974 4866729.050725354
12989421.794983111 4866735.798945211
12989414.329428805 4866742.576077288
12989406.857221095 4866749.340672613
12989399.399069201 4866756.131445997
12989391.956621408 4866762.951514569
12989384.516040314 4866769.775184522
12989377.085562639 4866776.6176411165
12989369.678680407 4866783.503657464
12989362.262778766 4866790.373116867
12989354.85288746 4866797.253626444
12989347.4507825 4866804.148413688
12989340.04196201 4866811.030902924
12989332.646493623 4866817.9378019385
12989325.256147342 4866824.854070344
12989317.893577995 4866831.820580319
12989310.509680033 4866838.748591392
12989303.135311972 4866845.693870304
12989295.789692761 4866852.690848691
12989288.432041181 4866859.666224299
12989281.103991432 4866866.694595904
12989273.757256841 4866873.6896405425
12989266.427568588 4866880.714985674
12989259.120382678 4866887.780299011
12989251.814486144 4866894.847877255
12989244.516150746 4866901.92873059
12989237.209724307 4866908.995334455
12989229.917006813 4866916.086019765
12989222.620467894 4866923.169906181
12989215.35500092 4866930.308186445
12989208.079666533 4866937.429334557
12989200.818443658 4866944.574783454
12989193.576734105 4866951.753769568
12989186.331545694 4866958.926939945
12989179.078999149 4866966.087434965
12989171.869587673 4866973.321915077
12989164.662867106 4866980.561038656
12989157.449833337 4866987.789440525
12989150.228492955 4866995.003687575
12989143.02984033 4867002.256471266
12989135.836136296 4867009.517634627
12989128.645949723 4867016.784753808
12989121.47686167 4867024.087254628
12989114.284069594 4867031.349985679
12989107.115952782 4867038.654151991
12989099.972900843 4867046.000009873
12989092.824594362 4867053.3371641915
12989085.69841211 4867060.710949223
12989078.552100834 4867068.051315889
12989071.436872602 4867075.4431526875
12989064.329980714 4867082.848658879
12989057.229141606 4867090.264007211
12989050.129747417 4867097.681655318
12989043.018291354 4867105.079681879
12989035.930211317 4867112.515856214
12989028.842169713 4867119.951352481
12989021.785064943 4867127.437597062
12989014.726693004 4867134.921815023
12989007.658982333 4867142.391005642
12989000.617209246 4867149.9017263455
12988993.589154571 4867157.434441071
12988986.567087533 4867164.976669982
12988979.549758391 4867172.52642091
12988972.526930807 4867180.067455144
12988965.5104862 4867187.6185424365
12988958.513314107 4867195.20012517
12988951.519500362 4867202.7867021635
12988944.575993627 4867210.451894046
12988937.611543259 4867218.084681602
12988930.649486907 4867225.721159987
12988923.697596557 4867233.373437348
12988916.756181465 4867241.041762927
12988909.845475823 4867248.757385902
12988902.93366542 4867256.471329639
12988896.022238687 4867264.185867814
12988889.120891653 4867271.915764372
12988882.213908294 4867279.637075942
12988875.321972826 4867287.381034485
12988868.43733121 4867295.136187745
12988861.565595062 4867302.9109452125
12988854.704273028 4867310.701381251
12988847.8502083 4867318.502710639
12988840.996831907 4867326.304664685
12988834.166376235 4867334.141222626
12988827.335920565 4867341.977786765
12988820.505464893 4867349.814357094
12988813.6798403 4867357.658069555
12988806.884211116 4867365.546094218
12988800.08858193 4867373.434125152
12988793.292952746 4867381.322162361
12988786.497323563 4867389.21020584
12988779.730621932 4867397.140421862
12988772.979763832 4867405.093738573
12988766.22890573 4867413.047061667
12988759.478047628 4867421.00039113
12988752.74571484 4867428.980340776
12988746.038160153 4867436.995893537
12988739.330605464 4867445.0114527745
12988732.623050777 4867453.027018493
12988725.950503837 4867461.092237196
12988719.2786956 4867469.158510061
12988712.606887361 4867477.224789481
12988705.953295099 4867485.31668094
12988699.300190931 4867493.409265095
12988692.647086764 4867501.501855861
12988685.993982596 4867509.594453216
12988679.34087843 4867517.687057184
12988672.714901892 4867525.817455129
12988666.099386072 4867533.96243099
12988659.483870255 4867542.107413543
12988652.883844476 4867550.273786921
12988646.286520401 4867558.4438967565
12988639.71152343 4867566.644625048
12988633.138975658 4867574.848718109
12988626.566427885 4867583.052817962
12988619.993880115 4867591.256924592
12988613.451389162 4867599.501763023
12988606.928497596 4867607.773164214
12988600.405606031 4867616.044572298
12988593.882714465 4867624.315987283
12988587.384284798 4867632.620131
12988580.892859321 4867640.933650937
12988574.401433844 4867649.247177844
12988567.927485459 4867657.583812499
12988561.480767464 4867665.956446644
12988555.034049474 4867674.329087857
12988548.587331481 4867682.701736142
12988542.140613485 4867691.074391485
12988535.693895493 4867699.447053901
12988529.288905552 4867707.874103398
12988522.888273291 4867716.306838992
12988516.489553357 4867724.742055219
12988510.10164717 4867733.19119536
12988503.734921468 4867741.667595235
12988497.368195765 4867750.144002346
12988491.001470063 4867758.620416702
12988484.638937443 4867767.102167983
12988478.320023077 4867775.639368148
12988472.001108704 4867784.176575668
12988465.68219434 4867792.7137905285
12988459.363279969 4867801.251012739
12988453.054924702 4867809.801478969
12988446.778705994 4867818.392238343
12988440.502487285 4867826.983005158
12988434.226268578 4867835.573779413
12988427.975089062 4867844.195534211
12988421.743792916 4867852.841891953
12988415.512496768 4867861.488257224
12988409.288920924 4867870.144086236
12988403.079960724 4867878.817815208
12988396.869020065 4867887.489078518
12988390.668967199 4867896.173678482
12988384.468914334 4867904.8582860455
12988378.294279376 4867913.573642549
12988372.135989984 4867922.308775653
12988365.977700593 4867931.043916443
12988359.861192282 4867939.828427179
12988353.814982513 4867948.696014314
12988347.684081774 4867957.46396121
12988341.564984685 4867966.245850885
12988335.499068085 4867975.090531641
12988329.43315149 4867983.935220277
12988323.36723489 4867992.779916807
12988317.249990594 4868001.563034849
12988311.183064267 4868010.4055736605
12988305.184277853 4868019.327919434
12988299.154440602 4868028.214606285
12988293.124603352 4868037.101301101
12988287.0947661 4868045.98800387
12988281.064928852 4868054.874714604
12988275.12528903 4868063.863489854
12988269.122878907 4868072.781455225
12988263.10298948 4868081.679680268
12988257.210096618 4868090.720945685
12988251.255590286 4868099.693874136
12988245.324085554 4868108.692661491
12988239.414745644 4868117.7163673965
12988233.505405733 4868126.740081509
12988227.596065823 4868135.763803831
12988221.686725913 4868144.78753436
12988215.848375347 4868153.888621549
12988210.037458645 4868163.0190600855
12988204.1376087 4868172.053395758
12988198.258070618 4868181.110069533
12988192.4450468 4868190.239874184
12988186.632022982 4868199.369687239
12988180.818067167 4868208.498496343
12988175.000462187 4868217.623350026
12988169.221542938 4868226.790007883
12988163.445608865 4868235.95989937
12988157.669674791 4868245.129799335
12988151.908432152 4868254.31536038
12988146.187035058 4868263.543382386
12988140.465637965 4868272.771412977
12988134.751760596 4868282.007370156
12988129.057059193 4868291.263527583
12988123.362357788 4868300.519693653
12988117.674643278 4868309.783158184
12988112.016742317 4868319.077737583
12988106.358841352 4868328.372325701
12988100.700940395 4868337.666922519
12988095.085034885 4868347.004780523
12988089.480227288 4868356.35407742
12988083.875419687 4868365.703383128
12988078.270612089 4868375.052697648
12988072.672256738 4868384.408581437
12988067.103716517 4868393.794789251
12988061.535176296 4868403.181005936
12988055.972953947 4868412.5735797
12988050.450638006 4868422.006260295
12988044.928322064 4868431.438949862
12988039.406006118 4868440.871648397
12988033.883690177 4868450.304355904
12988028.403478177 4868459.778827221
12988022.926377919 4868469.256393541
12988017.44927766 4868478.733968912
12988011.985004645 4868488.224037718
12988006.593862297 4868497.785291647
12988001.194426091 4868507.3385608075
12987995.785186308 4868516.882390044
12987990.375946524 4868526.4262284655
12987984.966706745 4868535.970076067
12987979.573697655 4868545.529521125
12987974.207504723 4868555.114730182
12987968.841311796 4868564.699948505
12987963.485225365 4868574.294738371
12987958.180747736 4868583.93836732
12987952.876270112 4868593.582005643
12987947.571792483 4868603.225653342
12987942.29244926 4868612.892740585
12987937.030235296 4868622.575805072
12987931.737851085 4868632.230777654
12987926.489514591 4868641.926560925
12987921.26118243 4868651.640896521
12987916.045256246 4868661.366552327
12987910.862442348 4868671.122406611
12987905.679628449 4868680.878270488
12987900.49681455 4868690.634143964
12987895.314000651 4868700.390027029
12987890.131186754 4868710.145919696
12987884.948372854 4868719.90182196
12987879.815069418 4868729.702154986
12987874.699070308 4868739.51802328
12987869.583071195 4868749.333901283
12987864.483168181 4868759.163989925
12987859.417835241 4868769.024588064
12987854.352502298 4868778.885196009
12987849.287169356 4868788.745813763
12987844.228547223 4868798.61226471
12987839.228345126 4868808.529420303
12987834.228143029 4868818.446585808
12987829.227940936 4868828.363761231
12987824.242072595 4868838.293213043
12987819.273774017 4868848.237710555
12987814.305475436 4868858.182218042
12987809.338490536 4868868.127844076
12987804.435964642 4868878.127875402
12987799.53343875 4868888.127916809
12987794.630912855 4868898.127968298
12987789.72838696 4868908.128029868
12987784.825861065 4868918.128101524
12987779.960297536 4868928.158862552
12987775.107187007 4868938.199969906
12987770.2574515 4868948.24385057
12987765.450180037 4868958.322506881
12987760.642908575 4868968.401173438
12987755.835637113 4868978.47985024
12987751.042572882 4868988.570038618
12987746.267436981 4868998.674751009
12987741.50635804 4869008.790710269
12987736.786650669 4869018.939750675
12987732.066943295 4869029.088801465
12987727.356046446 4869039.244798378
12987722.686549474 4869049.433396162
12987718.017052501 4869059.622004408
12987713.347555531 4869069.81062312
12987708.678058561 4869079.9992523
12987704.047149401 4869090.21787443
12987699.417302426 4869100.437332402
12987694.78745545 4869110.656800902
12987690.187285548 4869120.899093753
12987685.591097977 4869131.144458552
12987681.034113305 4869141.419585048
12987676.492401632 4869151.706312893
12987671.950689955 4869161.993051408
12987667.408978282 4869172.279800588
12987662.867266607 4869182.566560441
12987658.381024787 4869192.894548191
12987653.928707423 4869203.247754503
12987649.476390056 4869213.60097162
12987645.024072692 4869223.954199552
12987640.579974914 4869234.313412949
12987636.187297741 4869244.710013845
12987631.794620566 4869255.106625643
12987627.401943393 4869265.503248343
12987623.00926622 4869275.899881931
12987618.62315905 4869286.301212694
12987614.29806141 4869296.746071425
12987609.97296377 4869307.190941162
12987605.64786613 4869317.635821894
12987601.322768493 4869328.08071363
12987597.041257314 4869338.556062108
12987592.788643217 4869349.051606676
12987588.536029117 4869359.547162345
12987584.283415018 4869370.042729125
12987580.03080092 4869380.538307014
12987575.803115988 4869391.05095853
12987571.61331057 4869401.589547468
12987567.42350515 4869412.12814761
12987563.23369973 4869422.666758948
12987559.07988635 4869433.229486172
12987554.97074252 4869443.822140897
12987550.861598685 4869454.414806931
12987546.752454853 4869465.007484279
12987542.642330721 4869475.599523852
12987538.575926902 4869486.220272603
12987534.51778302 4869496.846459484
12987530.459639134 4869507.472657745
12987526.419707952 4869518.110614085
12987522.424553277 4869528.777461456
12987518.429398604 4869539.444320304
12987514.434243929 4869550.111190627
12987510.439089254 4869560.7780724205
12987506.475156613 4869571.464597789
12987502.569368947 4869582.187777694
12987498.647591103 4869592.901029751
12987494.741111035 4869603.623781649
12987490.860672321 4869614.362697035
12987486.980233608 4869625.101624049
12987483.119975291 4869635.852913482
12987479.2829013 4869646.618403823
12987475.445827309 4869657.38390586
12987471.608753318 4869668.149419575
12987467.771679327 4869678.914944982
12987463.93460534 4869689.680482077
12987460.097531348 4869700.446030857
12987456.260214334 4869711.211443597
12987452.422883425 4869721.976859578
12987448.585552521 4869732.742287246
12987444.748221612 4869743.507726599
12987440.910890704 4869754.2731776405
12987437.073559795 4869765.03864037
12987433.23622889 4869775.80411478
12987429.398897981 4869786.569600881
12987425.561567074 4869797.335098666
12987421.724236168 4869808.1006081365
12987417.88690526 4869818.866129295
12987414.049574355 4869829.63166214
12987410.212243445 4869840.39720667
12987406.374912538 4869851.162762891
12987402.532805763 4869861.925425319
12987398.690572461 4869872.688022454
12987394.848339155 4869883.450631271
12987391.006105851 4869894.213251764
12987387.16387255 4869904.97588394
12987383.321639244 4869915.738527797
12987379.479405941 4869926.501183335
12987375.639317142 4869937.265155303
12987371.801507017 4869948.03052534
12987367.963696893 4869958.795907059
12987364.125886766 4869969.561300474
12987360.288076641 4869980.326705569
12987356.450266514 4869991.092122353
12987352.61245639 4870001.857550826
12987348.774646264 4870012.622990977
12987344.93683614 4870023.38844282
12987341.099026013 4870034.153906349
12987337.261215886 4870044.919381569
12987333.42340576 4870055.684868468
12987329.585595634 4870066.450367058
12987325.74778551 4870077.215877338
12987321.909975383 4870087.981399297
12987318.072165258 4870098.746932949
12987314.234355131 4870109.5124782855
12987310.396545008 4870120.278035314
12987306.55873488 4870131.043604027
12987302.720924754 4870141.80918442
12987298.883114628 4870152.574776506
12987295.045304503 4870163.340380279
12987291.207494378 4870174.10599574
